-0.338715   -0.267616   0.083283
-0.483163   -0.430732   -0.372979
-0.292956   0.421259   -0.280937
0.118783   0.359619   0.359597
-0.364725   -0.146185   0.337518
-0.3929   0.452527   -0.248433
0.40317   -0.285699   0.269101
-0.222234   0.241386   -0.200409
0.23603   0.410212   -0.148651
-0.022314   -0.399751   0.325549
-0.106131   0.255189   0.1908
0.285423   -0.444395   0.466099
0.0332666   -0.265656   -0.143093
-0.365684   -0.196835   0.265205
0.037923   0.409259   0.176365
-0.357705   -0.230577   0.458705
-0.16303   0.197955   -0.294831
-0.182483   -0.00529122   0.100352
-0.222669   -0.138228   -0.20734
-0.144375   0.0439406   -0.0946485
0.131414   0.0135787   -0.167234
-0.176641   0.445547   -0.055753
0.0256034   0.106488   -0.263033
0.0658845   0.266465   0.372139
-0.17654   -0.355153   -0.420682
-0.407821   0.43372   -0.0474633
0.444749   -0.240775   0.0828635
-0.432429   -0.403633   0.279349
-0.0194534   -0.204048   0.466652
-0.410972   0.33495   -0.306801
0.113343   0.327236   -0.454423
0.310465   0.167418   -0.0241157
-0.167798   0.370833   -0.143173
0.177932   0.209588   -0.486516
0.20886   0.140495   -0.178301
-0.207048   0.257656   -0.0930338
0.124687   -0.00593563   -0.471399
-0.0547925   -0.320335   0.415607
-0.25794   0.338595   -0.354933
-0.251127   -0.255261   0.465296
-0.179932   -0.143872   -0.290396
0.0552532   -0.135338   -0.437221
-0.0812213   -0.497154   0.00292665
0.19023   0.420359   0.335276
-0.262168   0.184487   -0.367106
-0.0455178   -0.00352162   0.450286
-0.01928   -0.46143   0.0470577
-0.0725554   -0.352557   0.0730536
0.187278   0.319588   0.316406
0.205722   -0.46891   0.164634
-0.442502   -0.354306   -0.379987
-0.498134   0.294856   -0.102276
0.328772   -0.258568   0.223893
0.36523   0.277447   -0.0197473
-0.384527   0.0646615   0.168634
-0.225049   -0.484027   0.126608
0.424692   -0.046955   0.473091
0.188724   0.0968503   0.413469
-0.379092   0.131876   0.255551
-0.114666   -0.427748   0.334141
-0.221886   -0.250082   -0.195214
0.0961785   -0.290429   -0.207806
-0.162382   0.446309   -0.226275
0.337685   -0.00626107   0.215534
0.255714   -0.050465   0.481524
0.272014   0.295895   -0.264312
0.295328   0.00892362   -0.158997
-0.456247   0.461879   0.438921
-0.130098   -0.020337   0.309051
0.070207   0.184403   -0.33034
0.12139   -0.148528   0.234257
0.157224   0.429775   0.474065
-0.128146   -0.283786   -0.0782479
0.234195   -0.102478   0.161993
0.357344   0.0648135   -0.0448857
0.272824   -0.0648174   0.26276
-0.444784   -0.15846   0.0694065
0.498794   -0.0540903   -0.375518
-0.0122092   0.0434775   -0.472592
-0.103077   -0.440677   -0.45774
-0.14825   0.314925   0.293429
-0.261791   0.181323   -0.290995
-0.447372   0.339438   -0.167434
-0.469845   0.129314   -0.471562
-0.476625   0.121706   -0.26276
-0.425288   0.114195   -0.181902
0.145025   0.329792   0.435949
0.239766   -0.316362   -0.129904
0.215632   -0.188712   0.290732
0.495455   0.364139   0.137582
0.0608945   0.336597   -0.163898
0.176192   -0.0461363   0.157925
0.295458   0.252419   0.0810785
-0.343697   -0.141361   0.4591
-0.251034   0.46983   -0.224264
-0.37511   -0.0373343   0.34261
0.107474   -0.345399   -0.264319
-0.107896   0.186306   -0.128638
0.368368   -0.471142   -0.294633
-0.17345   -0.294265   0.44482
-0.336187   -0.173741   0.112346
0.375703   -0.257928   -0.128506
-0.312993   0.147155   0.191736
-0.412539   0.281025   0.41349
-0.0451846   -0.49658   -0.3553
0.32417   0.367642   -0.0686559
0.335374   0.100889   0.361455
0.45647   0.156476   0.303102
