-0.338683   -0.267616   0.0832668
-0.483126   -0.430731   -0.372931
-0.292969   0.421339   -0.280893
0.118789   0.35956   0.359615
-0.36469   -0.146232   0.337508
-0.392955   0.452498   -0.248451
0.403139   -0.285723   0.269043
-0.222254   0.241425   -0.200422
0.236004   0.410205   -0.14863
-0.0223143   -0.399695   0.325542
-0.106145   0.255194   0.190839
0.285395   -0.444453   0.466079
0.0332469   -0.265665   -0.143047
-0.36563   -0.196838   0.265211
0.0378909   0.409315   0.176425
-0.357737   -0.230525   0.458682
-0.163009   0.197939   -0.294827
-0.182438   -0.00530255   0.100299
-0.22266   -0.138287   -0.207335
-0.144312   0.0439328   -0.0946069
0.13143   0.0135552   -0.167276
-0.176629   0.445614   -0.0557695
0.0256327   0.106485   -0.262985
0.0658529   0.266486   0.372111
-0.176476   -0.355248   -0.420641
-0.407822   0.433699   -0.0473988
0.444635   -0.24079   0.0828816
-0.432463   -0.403575   0.279394
-0.0194746   -0.204131   0.466653
-0.411018   0.334934   -0.306809
0.113348   0.327199   -0.454425
0.310515   0.167384   -0.0240967
-0.167748   0.370824   -0.143164
0.177934   0.209557   -0.48649
0.208884   0.140444   -0.178263
-0.206961   0.257621   -0.0930437
0.124739   -0.0058449   -0.471389
-0.0547839   -0.320364   0.415616
-0.257914   0.33863   -0.354921
-0.251106   -0.255244   0.465284
-0.180013   -0.143791   -0.290319
0.0551796   -0.135335   -0.437228
-0.0811167   -0.497054   0.00293096
0.190208   0.420313   0.335298
-0.262149   0.184492   -0.367125
-0.0454906   -0.00351124   0.450266
-0.0191979   -0.461397   0.0470104
-0.072571   -0.352509   0.0731083
0.187351   0.319556   0.316395
0.205777   -0.468897   0.164692
-0.442497   -0.354373   -0.380061
-0.498166   0.294873   -0.102275
0.328686   -0.258575   0.223919
0.365277   0.277478   -0.0197856
-0.384577   0.0646773   0.168571
-0.225061   -0.483978   0.126686
0.424642   -0.0469307   0.473033
0.188746   0.0968106   0.413433
-0.379085   0.131899   0.255546
-0.114654   -0.427807   0.334094
-0.221887   -0.250045   -0.195181
0.0962033   -0.290351   -0.207812
-0.162302   0.446391   -0.226255
0.33772   -0.00621986   0.215519
0.255695   -0.0504286   0.48153
0.271996   0.295916   -0.264337
0.295368   0.00889119   -0.159035
-0.456185   0.461968   0.438977
-0.130199   -0.0203299   0.309099
0.0701656   0.184374   -0.330397
0.121389   -0.148552   0.234204
0.157263   0.429887   0.474171
-0.128175   -0.28386   -0.0782688
0.234212   -0.102521   0.161903
0.357303   0.0648062   -0.0448552
0.272878   -0.0648073   0.262718
-0.444765   -0.158428   0.0694503
0.49883   -0.054088   -0.375468
-0.012182   0.0434357   -0.472581
-0.103118   -0.440684   -0.457744
-0.148248   0.314921   0.293412
-0.261879   0.181349   -0.29105
-0.447402   0.339442   -0.167423
-0.46987   0.129249   -0.471549
-0.47659   0.121739   -0.262801
-0.425315   0.114115   -0.18181
0.145039   0.329801   0.436003
0.239718   -0.316369   -0.129946
0.215647   -0.188712   0.290717
0.495413   0.364117   0.137525
0.0608213   0.336632   -0.163877
0.17619   -0.0461244   0.157828
0.295465   0.252415   0.0810638
-0.343723   -0.14135   0.459044
-0.251065   0.46981   -0.224301
-0.375187   -0.0373763   0.342606
0.107443   -0.345407   -0.2644
-0.107964   0.18629   -0.128597
0.36829   -0.471191   -0.294598
-0.173418   -0.294321   0.444816
-0.336185   -0.173713   0.112343
0.37577   -0.257951   -0.128556
-0.313087   0.147188   0.191787
-0.41254   0.28102   0.413435
-0.0451371   -0.496628   -0.35529
0.324206   0.367607   -0.0686726
0.335443   0.100912   0.361443
0.45648   0.156476   0.303142
