10000
-0.365307
-0.365693
-0.365739
-0.365519
-0.365213
-0.36508
-0.365408
-0.366429
-0.368243
-0.370839
-0.373993
-0.377439
-0.380857
-0.383967
-0.386526
-0.388373
-0.389388
-0.389525
-0.38878
-0.387237
-0.385023
-0.382394
-0.379648
-0.377151
-0.375247
-0.374256
-0.374353
-0.375707
-0.378409
-0.382505
-0.387972
-0.394634
-0.402104
-0.409857
-0.417274
-0.42379
-0.428925
-0.432334
-0.433762
-0.433049
-0.430085
-0.424835
-0.417296
-0.407576
-0.395996
-0.383193
-0.370291
-0.358883
-0.350758
-0.347333
-0.349081
-0.355403
-0.365006
-0.37647
-0.388629
-0.400628
-0.411924
-0.422171
-0.431131
-0.438749
-0.444967
-0.449795
-0.453243
-0.455325
-0.456007
-0.455263
-0.453046
-0.449381
-0.444368
-0.438265
-0.431494
-0.424551
-0.41795
-0.412109
-0.407257
-0.40365
-0.401629
-0.401612
-0.40395
-0.4086
-0.415056
-0.422448
-0.429869
-0.436509
-0.441892
-0.445722
-0.447941
-0.448644
-0.448084
-0.446659
-0.444892
-0.443386
-0.442697
-0.443187
-0.444919
-0.447666
-0.451001
-0.45444
-0.457546
-0.460023
-0.461654
-0.462305
-0.461827
-0.460107
-0.457125
-0.452971
-0.447975
-0.442695
-0.437773
-0.43378
-0.431056
-0.429634
-0.429428
-0.430276
-0.432023
-0.434509
-0.437517
-0.440763
-0.44397
-0.446891
-0.449308
-0.451032
-0.45189
-0.451808
-0.450835
-0.449153
-0.447041
-0.444801
-0.442658
-0.440713
-0.43898
-0.437429
-0.435978
-0.434597
-0.433277
-0.432056
-0.431054
-0.430435
-0.430379
-0.431009
-0.432342
-0.434265
-0.436583
-0.439095
-0.441673
-0.444285
-0.446999
-0.449946
-0.453218
-0.456789
-0.460556
-0.464332
-0.46793
-0.471165
-0.47394
-0.476172
-0.477879
-0.479079
-0.479811
-0.480119
-0.48003
-0.479541
-0.478648
-0.477278
-0.47538
-0.472851
-0.469622
-0.465668
-0.461008
-0.455739
-0.450029
-0.444055
-0.437954
-0.431816
-0.425777
-0.420214
-0.415838
-0.413386
-0.413223
-0.414868
-0.417043
-0.418187
-0.417081
-0.413229
-0.406885
-0.398915
-0.39062
-0.383379
-0.3784
-0.376473
-0.37784
-0.382251
-0.38899
-0.397076
-0.405436
-0.413141
-0.419586
-0.424428
-0.427623
-0.429289
-0.429709
-0.429221
-0.428205
-0.427021
-0.425979
-0.425299
-0.425098
-0.425369
-0.426049
-0.426994
-0.428082
-0.429173
-0.430138
-0.430909
-0.431412
-0.431606
-0.431455
-0.430955
-0.43009
-0.428892
-0.427383
-0.425634
-0.423702
-0.421671
-0.41963
-0.417632
-0.41575
-0.414018
-0.412462
-0.411077
-0.409881
-0.408873
-0.408073
-0.407538
-0.407276
-0.40732
-0.407638
-0.408215
-0.409024
-0.410073
-0.411426
-0.413191
-0.415493
-0.418423
-0.421989
-0.426103
-0.430561
-0.435098
-0.439439
-0.44333
-0.446553
-0.44894
-0.45039
-0.450867
-0.450409
-0.449148
-0.447287
-0.445067
-0.442711
-0.440369
-0.43806
-0.43564
-0.432927
-0.429706
-0.425867
-0.421552
-0.41726
-0.413928
-0.412762
-0.414783
-0.420325
-0.428755
-0.438703
-0.448672
-0.457482
-0.464521
-0.469611
-0.472866
-0.474551
-0.475006
-0.474558
-0.473522
-0.472197
-0.470834
-0.469621
-0.468695
-0.468101
-0.467835
-0.467821
-0.467969
-0.468193
-0.468389
-0.468484
-0.468387
-0.467996
-0.467209
-0.465887
-0.463856
-0.460975
-0.457125
-0.452237
-0.446345
-0.439639
-0.432458
-0.425331
-0.418833
-0.413567
-0.409955
-0.408153
-0.407998
-0.409068
-0.410776
-0.412562
-0.413993
-0.414845
-0.415127
-0.41501
-0.414774
-0.414706
-0.41503
-0.415866
-0.417236
-0.419066
-0.421173
-0.423341
-0.425267
-0.426663
-0.427256
-0.426881
-0.425428
-0.422901
-0.419436
-0.415259
-0.410741
-0.406346
-0.402659
-0.400231
-0.399477
-0.400514
-0.403107
-0.406728
-0.41074
-0.414556
-0.417774
-0.42017
-0.421694
-0.422379
-0.422313
-0.421607
-0.420365
-0.418649
-0.416494
-0.413927
-0.410971
-0.40758
-0.40369
-0.399206
-0.39402
-0.387986
-0.38097
-0.372901
-0.363861
-0.354251
-0.344935
-0.337251
-0.332787
-0.332755
-0.337374
-0.345674
-0.355946
-0.366475
-0.375953
-0.383759
-0.389675
-0.393806
-0.396359
-0.397559
-0.397641
-0.39678
-0.395182
-0.393026
-0.3905
-0.387824
-0.385243
-0.382997
-0.381274
-0.380193
-0.379809
-0.380051
-0.380781
-0.381832
-0.383037
-0.384269
-0.385438
-0.386482
-0.387383
-0.388135
-0.388736
-0.389221
-0.389612
-0.38996
-0.390335
-0.390815
-0.391465
-0.39234
-0.393462
-0.394824
-0.396385
-0.398067
-0.399773
-0.401399
-0.402852
-0.404056
-0.404933
-0.405435
-0.405501
-0.405092
-0.404195
-0.402796
-0.400919
-0.398606
-0.395876
-0.392834
-0.389544
-0.386145
-0.382812
-0.379805
-0.377452
-0.376055
-0.375823
-0.376793
-0.378787
-0.381478
-0.384471
-0.387401
-0.390012
-0.392144
-0.393757
-0.394832
-0.395449
-0.395641
-0.395497
-0.395121
-0.394612
-0.394058
-0.393569
-0.393168
-0.392915
-0.392814
-0.39287
-0.393048
-0.393307
-0.393637
-0.393991
-0.39437
-0.394718
-0.395005
-0.395188
-0.395251
-0.395161
-0.394892
-0.394461
-0.393875
-0.39316
-0.392357
-0.391508
-0.390639
-0.389785
-0.388971
-0.388207
-0.387471
-0.386766
-0.38607
-0.385363
-0.384618
-0.383836
-0.383012
-0.382146
-0.381245
-0.380326
-0.379429
-0.378586
-0.377793
-0.377098
-0.376519
-0.376082
-0.375797
-0.375661
-0.375687
-0.375853
-0.376125
-0.376488
-0.376933
-0.377404
-0.377885
-0.378325
-0.37871
-0.379003
-0.379175
-0.379203
-0.379075
-0.378791
-0.378361
-0.377803
-0.377126
-0.376391
-0.375619
-0.374846
-0.374124
-0.373455
-0.372867
-0.372351
-0.371871
-0.371383
-0.370845
-0.370184
-0.369364
-0.368322
-0.367057
-0.365547
-0.363807
-0.361854
-0.359802
-0.35777
-0.355983
-0.354761
-0.354397
-0.355133
-0.357032
-0.359966
-0.363598
-0.367558
-0.371486
-0.375126
-0.378405
-0.381285
-0.383829
-0.386098
-0.388172
-0.390091
-0.391876
-0.393528
-0.395056
-0.396448
-0.397702
-0.398823
-0.399822
-0.400698
-0.40147
-0.402138
-0.402752
-0.403332
-0.403915
-0.404528
-0.405183
-0.405883
-0.406612
-0.407304
-0.407879
-0.408231
-0.408221
-0.407727
-0.406606
-0.404789
-0.402216
-0.398925
-0.395063
-0.390874
-0.386711
-0.383028
-0.380252
-0.378719
-0.37859
-0.379784
-0.382025
-0.384847
-0.387691
-0.389962
-0.391127
-0.390839
-0.389037
-0.386109
-0.382841
-0.380208
-0.379018
-0.379559
-0.381556
-0.384425
-0.387614
-0.390831
-0.393972
-0.397007
-0.399793
-0.4021
-0.40367
-0.404318
-0.404034
-0.40294
-0.401323
-0.399533
-0.397861
-0.396519
-0.395529
-0.394805
-0.394162
-0.393429
-0.392513
-0.391355
-0.389989
-0.388538
-0.387129
-0.385886
-0.384963
-0.384462
-0.384451
-0.38495
-0.385954
-0.387412
-0.389189
-0.391129
-0.393025
-0.394678
-0.395882
-0.396447
-0.396258
-0.395247
-0.393409
-0.390817
-0.38762
-0.384082
-0.38052
-0.377314
-0.374758
-0.373119
-0.37247
-0.372707
-0.373548
-0.374613
-0.375451
-0.375649
-0.374872
-0.372893
-0.369647
-0.365239
-0.359942
-0.354204
-0.348643
-0.343993
-0.340976
-0.3402
-0.342025
-0.346401
-0.352942
-0.360949
-0.369598
-0.378101
-0.385808
-0.392234
-0.397106
-0.400287
-0.401755
-0.401581
-0.399927
-0.397034
-0.393258
-0.389068
-0.384977
-0.381463
-0.378876
-0.377342
-0.376739
-0.376763
-0.377084
-0.377368
-0.377389
-0.37702
-0.376228
-0.375014
-0.373426
-0.371515
-0.369343
-0.366969
-0.364445
-0.361791
-0.358973
-0.355939
-0.352603
-0.348955
-0.345087
-0.341396
-0.338534
-0.337308
-0.338376
-0.341906
-0.347457
-0.354166
-0.361065
-0.367371
-0.372653
-0.376797
-0.379871
-0.382048
-0.383556
-0.384561
-0.385247
-0.385722
-0.386043
-0.386247
-0.386324
-0.386253
-0.385967
-0.385435
-0.384616
-0.383513
-0.382175
-0.380669
-0.379137
-0.377762
-0.3767
-0.376149
-0.376202
-0.376894
-0.378222
-0.380124
-0.3825
-0.385253
-0.388229
-0.391313
-0.394362
-0.397226
-0.399764
-0.401866
-0.403419
-0.404373
-0.40467
-0.404272
-0.403165
-0.401342
-0.39879
-0.395554
-0.391699
-0.387353
-0.38278
-0.37834
-0.374467
-0.371612
-0.370194
-0.370398
-0.372144
-0.375098
-0.378725
-0.382521
-0.386066
-0.389152
-0.391838
-0.394309
-0.396809
-0.399435
-0.402103
-0.404497
-0.406183
-0.406726
-0.405816
-0.403336
-0.399405
-0.394424
-0.388984
-0.383893
-0.379977
-0.37795
-0.378201
-0.38078
-0.385344
-0.391298
-0.397945
-0.404615
-0.410759
-0.415953
-0.419895
-0.42242
-0.423428
-0.422933
-0.421093
-0.418156
-0.414492
-0.410489
-0.406395
-0.402224
-0.397633
-0.392118
-0.38532
-0.377333
-0.368928
-0.361299
-0.355283
-0.350801
-0.346869
-0.34234
-0.336724
-0.330639
-0.325468
-0.322675
-0.323205
-0.32726
-0.334352
-0.3436
-0.353929
-0.364247
-0.373702
-0.381705
-0.387953
-0.392403
-0.395136
-0.396329
-0.396182
-0.39489
-0.392636
-0.389586
-0.385829
-0.381431
-0.376455
-0.370936
-0.36501
-0.359002
-0.353468
-0.349197
-0.346982
-0.347313
-0.350133
-0.354797
-0.360369
-0.365907
-0.370711
-0.374377
-0.376749
-0.377815
-0.377632
-0.376297
-0.373899
-0.370531
-0.366309
-0.36138
-0.355978
-0.350365
-0.344908
-0.340004
-0.336009
-0.333231
-0.331885
-0.331992
-0.333478
-0.336115
-0.339631
-0.34366
-0.347798
-0.351681
-0.354932
-0.357244
-0.358327
-0.357926
-0.35578
-0.351726
-0.345718
-0.337976
-0.32914
-0.320244
-0.312494
-0.306796
-0.303276
-0.301296
-0.299906
-0.298529
-0.297379
-0.297334
-0.299352
-0.303839
-0.310355
-0.317853
-0.325171
-0.331478
-0.336284
-0.339434
-0.340929
-0.340862
-0.339317
-0.336364
-0.332093
-0.326589
-0.320033
-0.312653
-0.304891
-0.297448
-0.291357
-0.287888
-0.288098
-0.29227
-0.299616
-0.308579
-0.317483
-0.325092
-0.330734
-0.334244
-0.335731
-0.335424
-0.3336
-0.330598
-0.326921
-0.323199
-0.320222
-0.318774
-0.319328
-0.321901
-0.325998
-0.330837
-0.335604
-0.339675
-0.342724
-0.344666
-0.345585
-0.345714
-0.345325
-0.344735
-0.344207
-0.343982
-0.344216
-0.344957
-0.346166
-0.347726
-0.349469
-0.351171
-0.352616
-0.353615
-0.354033
-0.353857
-0.353184
-0.352234
-0.351313
-0.350752
-0.350762
-0.351444
-0.352651
-0.354173
-0.355746
-0.357208
-0.358531
-0.359761
-0.36103
-0.362436
-0.364066
-0.365932
-0.367997
-0.370201
-0.37246
-0.374678
-0.376793
-0.378668
-0.380185
-0.381205
-0.381608
-0.381279
-0.38015
-0.378226
-0.375594
-0.372455
-0.369098
-0.365955
-0.363443
-0.361944
-0.361673
-0.362681
-0.364834
-0.367892
-0.371588
-0.375662
-0.379907
-0.384168
-0.388357
-0.39239
-0.396211
-0.399761
-0.402957
-0.405758
-0.408119
-0.410015
-0.411478
-0.412572
-0.413381
-0.414061
-0.414743
-0.415562
-0.416622
-0.417951
-0.419526
-0.421242
-0.422957
-0.424466
-0.425598
-0.426214
-0.426204
-0.425594
-0.424496
-0.423168
-0.421973
-0.421329
-0.421544
-0.422791
-0.424946
-0.427644
-0.430336
-0.432341
-0.432941
-0.431426
-0.427099
-0.419395
-0.408077
-0.393484
-0.376849
-0.360302
-0.346321
-0.336869
-0.332823
-0.334106
-0.340282
-0.350675
-0.36421
-0.379299
-0.39425
-0.407718
-0.418904
-0.427588
-0.433865
-0.438013
-0.440375
-0.441249
-0.44085
-0.439335
-0.436794
-0.433294
-0.428888
-0.423704
-0.418011
-0.412198
-0.406779
-0.402307
-0.399206
-0.397623
-0.39742
-0.398218
-0.39952
-0.400946
-0.402212
-0.403203
-0.403929
-0.404449
-0.404876
-0.405299
-0.405813
-0.406495
-0.407387
-0.408501
-0.409834
-0.411313
-0.412822
-0.414234
-0.41538
-0.416088
-0.416189
-0.415541
-0.413995
-0.411456
-0.407843
-0.403138
-0.397411
-0.390831
-0.383673
-0.376295
-0.369122
-0.362531
-0.356787
-0.351984
-0.348032
-0.344764
-0.342013
-0.339759
-0.33815
-0.337461
-0.337953
-0.339694
-0.342408
-0.345589
-0.348486
-0.3504
-0.350692
-0.3489
-0.3447
-0.337926
-0.328575
-0.316993
-0.3041
-0.291758
-0.282729
-0.279727
-0.28382
-0.293571
-0.305965
-0.318124
-0.328391
-0.33636
-0.342311
-0.346778
-0.350246
-0.353004
-0.355225
-0.356988
-0.358288
-0.359157
-0.359618
-0.359704
-0.359476
-0.358975
-0.358259
-0.357389
-0.356412
-0.355355
-0.354273
-0.353157
-0.352029
-0.350882
-0.349728
-0.348518
-0.347222
-0.345769
-0.344062
-0.342
-0.339444
-0.336249
-0.332287
-0.32748
-0.321884
-0.315709
-0.309427
-0.303646
-0.298991
-0.295887
-0.294419
-0.294301
-0.29507
-0.296272
-0.297629
-0.299065
-0.300671
-0.302607
-0.304971
-0.307779
-0.310931
-0.314251
-0.317546
-0.320658
-0.323473
-0.325963
-0.328185
-0.330193
-0.3321
-0.333959
-0.335761
-0.33749
-0.339051
-0.340382
-0.341379
-0.341942
-0.342005
-0.341526
-0.340488
-0.338928
-0.336929
-0.33463
-0.332277
-0.330144
-0.32848
-0.32742
-0.326937
-0.32672
-0.326257
-0.324908
-0.322046
-0.317315
-0.310819
-0.303401
-0.296563
-0.291995
-0.290765
-0.292691
-0.296498
-0.300593
-0.303872
-0.305956
-0.307082
-0.307689
-0.308198
-0.308843
-0.309633
-0.310476
-0.311238
-0.311818
-0.312163
-0.312215
-0.311922
-0.311246
-0.310125
-0.308519
-0.306455
-0.304032
-0.301405
-0.298841
-0.296584
-0.294885
-0.293914
-0.29374
-0.294328
-0.295548
-0.297238
-0.299255
-0.301475
-0.303818
-0.306216
-0.308621
-0.310961
-0.313192
-0.315243
-0.317044
-0.31852
-0.319594
-0.320242
-0.320482
-0.320335
-0.31987
-0.319181
-0.318341
-0.317405
-0.316366
-0.315191
-0.313829
-0.312271
-0.310625
-0.309132
-0.308172
-0.308175
-0.309423
-0.311991
-0.315645
-0.319933
-0.324295
-0.328242
-0.3314
-0.333592
-0.334776
-0.335002
-0.334413
-0.333174
-0.331501
-0.329565
-0.327565
-0.325645
-0.323901
-0.322413
-0.321188
-0.320215
-0.319424
-0.318751
-0.318125
-0.317517
-0.316998
-0.316753
-0.317102
-0.31839
-0.320838
-0.324413
-0.328797
-0.333453
-0.337815
-0.341414
-0.343986
-0.345453
-0.345896
-0.345496
-0.344453
-0.343004
-0.34131
-0.339462
-0.337511
-0.335435
-0.333209
-0.330826
-0.328298
-0.325704
-0.323111
-0.320652
-0.318419
-0.316515
-0.315007
-0.313938
-0.313324
-0.313183
-0.313481
-0.314184
-0.315204
-0.316473
-0.317866
-0.31928
-0.320588
-0.321694
-0.32252
-0.32303
-0.323171
-0.322963
-0.32244
-0.321669
-0.320724
-0.31976
-0.318928
-0.318352
-0.318148
-0.318332
-0.318813
-0.319443
-0.319972
-0.320173
-0.31984
-0.318821
-0.31706
-0.314633
-0.311681
-0.308518
-0.305477
-0.302906
-0.301054
-0.300049
-0.299805
-0.300163
-0.300892
-0.301822
-0.302849
-0.304014
-0.305392
-0.307099
-0.309167
-0.311589
-0.314257
-0.317028
-0.319744
-0.32223
-0.324391
-0.326161
-0.327493
-0.328398
-0.328894
-0.329011
-0.328772
-0.328203
-0.327331
-0.326157
-0.32469
-0.322941
-0.320903
-0.318571
-0.315944
-0.31301
-0.309797
-0.306337
-0.302655
-0.298868
-0.29512
-0.291628
-0.288682
-0.28655
-0.28548
-0.28562
-0.286952
-0.289304
-0.292413
-0.295987
-0.299743
-0.303487
-0.307077
-0.310435
-0.313517
-0.316284
-0.318738
-0.320856
-0.322644
-0.324076
-0.32516
-0.325915
-0.326329
-0.326442
-0.326243
-0.32578
-0.32508
-0.324161
-0.323069
-0.321827
-0.320448
-0.318969
-0.317409
-0.315807
-0.314196
-0.312664
-0.311269
-0.310097
-0.309201
-0.308687
-0.308563
-0.308876
-0.309642
-0.310838
-0.312451
-0.314425
-0.316697
-0.319171
-0.321769
-0.324424
-0.327081
-0.329723
-0.332334
-0.334932
-0.337536
-0.340152
-0.342774
-0.345353
-0.347855
-0.350199
-0.352304
-0.354081
-0.355452
-0.356364
-0.356732
-0.356545
-0.355795
-0.354516
-0.352768
-0.35067
-0.34836
-0.346015
-0.343814
-0.341889
-0.340301
-0.339006
-0.337901
-0.336747
-0.335284
-0.333274
-0.33058
-0.327239
-0.32347
-0.319718
-0.316539
-0.314446
-0.313696
-0.314218
-0.315701
-0.317723
-0.320022
-0.322618
-0.325795
-0.329909
-0.335218
-0.341646
-0.34873
-0.355827
-0.362273
-0.367551
-0.37132
-0.373414
-0.373803
-0.372481
-0.369477
-0.364889
-0.358791
-0.351341
-0.342776
-0.333555
-0.324332
-0.315974
-0.30946
-0.305574
-0.304744
-0.306927
-0.311739
-0.318628
-0.326999
-0.3362
-0.345515
-0.354272
-0.361897
-0.368033
-0.372503
-0.375301
-0.376507
-0.376285
-0.374791
-0.372209
-0.368774
-0.364815
-0.360718
-0.356914
-0.3537
-0.351067
-0.348633
-0.345762
-0.341748
-0.3361
-0.328676
-0.319845
-0.310379
-0.301478
-0.294618
-0.291241
-0.292271
-0.29766
-0.306333
-0.316725
-0.327306
-0.337043
-0.345415
-0.35231
-0.357795
-0.36202
-0.365136
-0.367255
-0.368481
-0.36892
-0.368734
-0.368147
-0.367409
-0.366754
-0.366369
-0.366306
-0.366518
-0.366841
-0.36708
-0.367025
-0.366511
-0.365423
-0.363765
-0.361543
-0.35889
-0.355917
-0.352798
-0.349663
-0.346595
-0.34364
-0.340717
-0.337679
-0.334326
-0.330426
-0.325802
-0.320352
-0.314164
-0.307492
-0.300897
-0.295154
-0.291024
-0.289083
-0.289447
-0.291771
-0.295325
-0.299309
-0.303028
-0.306049
-0.308204
-0.3095
-0.310071
-0.310065
-0.309668
-0.30902
-0.308235
-0.307418
-0.30663
-0.305956
-0.305455
-0.305172
-0.305124
-0.305301
-0.305686
-0.306226
-0.30685
-0.307501
-0.308099
-0.308599
-0.308963
-0.309146
-0.30915
-0.308974
-0.308614
-0.308084
-0.30739
-0.306556
-0.305598
-0.304542
-0.303405
-0.302217
-0.300986
-0.299736
-0.298474
-0.297211
-0.295946
-0.294631
-0.293214
-0.291578
-0.289588
-0.287102
-0.284042
-0.280475
-0.276739
-0.273483
-0.271596
-0.271872
-0.274695
-0.279828
-0.286457
-0.293601
-0.300398
-0.306277
-0.311013
-0.314604
-0.317141
-0.31879
-0.319726
-0.320059
-0.319891
-0.319277
-0.31826
-0.316874
-0.315139
-0.313115
-0.31087
-0.308501
-0.306193
-0.304092
-0.302389
-0.301273
-0.300902
-0.301381
-0.302764
-0.305023
-0.308046
-0.311665
-0.315669
-0.319857
-0.324052
-0.328094
-0.331906
-0.335432
-0.33867
-0.341626
-0.34433
-0.346762
-0.348956
-0.350911
-0.352616
-0.354041
-0.355161
-0.355938
-0.356332
-0.356297
-0.355781
-0.35477
-0.353244
-0.351208
-0.348708
-0.345828
-0.342703
-0.33949
-0.336386
-0.333632
-0.331455
-0.330084
-0.329681
-0.330309
-0.331978
-0.334571
-0.337907
-0.341752
-0.34587
-0.350037
-0.354091
-0.357902
-0.361394
-0.364532
-0.3673
-0.369703
-0.371769
-0.373509
-0.374934
-0.376063
-0.376893
-0.377411
-0.377599
-0.377414
-0.376796
-0.37566
-0.373874
-0.37132
-0.367852
-0.363314
-0.357655
-0.350942
-0.343516
-0.336012
-0.329345
-0.324507
-0.322257
-0.322855
-0.325883
-0.330548
-0.335883
-0.341113
-0.345667
-0.349259
-0.351776
-0.35321
-0.353642
-0.353172
-0.351891
-0.349896
-0.347277
-0.344145
-0.340616
-0.336867
-0.333094
-0.32959
-0.326635
-0.324486
-0.323328
-0.323207
-0.324009
-0.325538
-0.327502
-0.329649
-0.331746
-0.333617
-0.335165
-0.336325
-0.337054
-0.337319
-0.337087
-0.336367
-0.335129
-0.333387
-0.331231
-0.328759
-0.326194
-0.323799
-0.321888
-0.320705
-0.320395
-0.320978
-0.322273
-0.324028
-0.325914
-0.327716
-0.329239
-0.330453
-0.331393
-0.33222
-0.333076
-0.334141
-0.335514
-0.337264
-0.339364
-0.341705
-0.344149
-0.34651
-0.348597
-0.350246
-0.351266
-0.351512
-0.350816
-0.349033
-0.346034
-0.341701
-0.335993
-0.329044
-0.321207
-0.313212
-0.306143
-0.301314
-0.299844
-0.302215
-0.308011
-0.316091
-0.325061
-0.333666
-0.341089
-0.346889
-0.350985
-0.353484
-0.354641
-0.354777
-0.354261
-0.353475
-0.352815
-0.352661
-0.353305
-0.354936
-0.357567
-0.361044
-0.365074
-0.369321
-0.373428
-0.377109
-0.380146
-0.382423
-0.383875
-0.384538
-0.384529
-0.383987
-0.383125
-0.382185
-0.381403
-0.380969
-0.380974
-0.381425
-0.382238
-0.383257
-0.384298
-0.385148
-0.385547
-0.385181
-0.383597
-0.380286
-0.374658
-0.366229
-0.35479
-0.340881
-0.32625
-0.314019
-0.307881
-0.310312
-0.320978
-0.336924
-0.354386
-0.370459
-0.383634
-0.393542
-0.40041
-0.404774
-0.407208
-0.40829
-0.408487
-0.408197
-0.407707
-0.407221
-0.406882
-0.406741
-0.406829
-0.40715
-0.407685
-0.408401
-0.409239
-0.410152
-0.41108
-0.411965
-0.412722
-0.413279
-0.413561
-0.41349
-0.412975
-0.411959
-0.410397
-0.40827
-0.405644
-0.402645
-0.399465
-0.396358
-0.393601
-0.39138
-0.389767
-0.388623
-0.387727
-0.386707
-0.385318
-0.383511
-0.381546
-0.379977
-0.379479
-0.380573
-0.383313
-0.38723
-0.391529
-0.395339
-0.398054
-0.399455
-0.399624
-0.398909
-0.397821
-0.396828
-0.396269
-0.396277
-0.396729
-0.397362
-0.397831
-0.397813
-0.397049
-0.395393
-0.392748
-0.389192
-0.384988
-0.380652
-0.376975
-0.374846
-0.375035
-0.377828
-0.382877
-0.389379
-0.396379
-0.403036
-0.408821
-0.413488
-0.416977
-0.419389
-0.420828
-0.421451
-0.421356
-0.420643
-0.419383
-0.417617
-0.415404
-0.412754
-0.409698
-0.406207
-0.402276
-0.397839
-0.392791
-0.386957
-0.38008
-0.371881
-0.362188
-0.351247
-0.340147
-0.330949
-0.326307
-0.328094
-0.33619
-0.34846
-0.362087
-0.37484
-0.385581
-0.394037
-0.400394
-0.404973
-0.408129
-0.41013
-0.411216
-0.411536
-0.411232
-0.410419
-0.409218
-0.407752
-0.406132
-0.404495
-0.402967
-0.401707
-0.400828
-0.400427
-0.400587
-0.40135
-0.402692
-0.404574
-0.406893
-0.409508
-0.412223
-0.414808
-0.416961
-0.418331
-0.418486
-0.416938
-0.413121
-0.406464
-0.39659
-0.383491
-0.367983
-0.351956
-0.338295
-0.32993
-0.328466
-0.333412
-0.34264
-0.353695
-0.364707
-0.374731
-0.383519
-0.391182
-0.397915
-0.403855
-0.409044
-0.413454
-0.417036
-0.419741
-0.421585
-0.422595
-0.422894
-0.42265
-0.422083
-0.421422
-0.420859
-0.420548
-0.420538
-0.420742
-0.42104
-0.421257
-0.421249
-0.420907
-0.420175
-0.41911
-0.417825
-0.416466
-0.415211
-0.414234
-0.41369
-0.413693
-0.414268
-0.415408
-0.417023
-0.418972
-0.421076
-0.423148
-0.42496
-0.426283
-0.426908
-0.426611
-0.425216
-0.422621
-0.418759
-0.413727
-0.407795
-0.401394
-0.395168
-0.389985
-0.386849
-0.386695
-0.389963
-0.39633
-0.404772
-0.413868
-0.422396
-0.429542
-0.434963
-0.438648
-0.440775
-0.441563
-0.44124
-0.439993
-0.437949
-0.435161
-0.431672
-0.42747
-0.422488
-0.416639
-0.409804
-0.401785
-0.392397
-0.381429
-0.368815
-0.354792
-0.34034
-0.327302
-0.318146
-0.314863
-0.317751
-0.325157
-0.33449
-0.343532
-0.351107
-0.356974
-0.361468
-0.365115
-0.368384
-0.371606
-0.374925
-0.378343
-0.381747
-0.385004
-0.387975
-0.390553
-0.392668
-0.394285
-0.395387
-0.395946
-0.395958
-0.395377
-0.39419
-0.392367
-0.389897
-0.386783
-0.383073
-0.378899
-0.374422
-0.369845
-0.365384
-0.36116
-0.357204
-0.353422
-0.349701
-0.345936
-0.342159
-0.338587
-0.335557
-0.333485
-0.332755
-0.333594
-0.336029
-0.339881
-0.344835
-0.350453
-0.35631
-0.361996
-0.367213
-0.371725
-0.375393
-0.378115
-0.379831
-0.38051
-0.380134
-0.378654
-0.376085
-0.372465
-0.367979
-0.362908
-0.357736
-0.353031
-0.349409
-0.347314
-0.346918
-0.348068
-0.350354
-0.353283
-0.35642
-0.359432
-0.362098
-0.364316
-0.366038
-0.367293
-0.368128
-0.368604
-0.368788
-0.368767
-0.368587
-0.368294
-0.367884
-0.367363
-0.366674
-0.365753
-0.364582
-0.363132
-0.36145
-0.359655
-0.357993
-0.35678
-0.356398
-0.357228
-0.359483
-0.363172
-0.36804
-0.373657
-0.379575
-0.385332
-0.390634
-0.395284
-0.399176
-0.402258
-0.404513
-0.405942
-0.40652
-0.406189
-0.404916
-0.402663
-0.399421
-0.395189
-0.389974
-0.383766
-0.376559
-0.368356
-0.359437
-0.35046
-0.342661
-0.337447
-0.335724
-0.337256
-0.340817
-0.344793
-0.347989
-0.349951
-0.350932
-0.351581
-0.35264
-0.354606
-0.357547
-0.361156
-0.364892
-0.368227
-0.370819
-0.372631
-0.373896
-0.374963
-0.376182
-0.377754
-0.379669
-0.381746
-0.38372
-0.385336
-0.386412
-0.386835
-0.386594
-0.385735
-0.384332
-0.38249
-0.380359
-0.378067
-0.375756
-0.373531
-0.371485
-0.369664
-0.368127
-0.366897
-0.365986
-0.365337
-0.364865
-0.364371
-0.363525
-0.36187
-0.358774
-0.353457
-0.34506
-0.333079
-0.317961
-0.302085
-0.289886
-0.286057
-0.292242
-0.305701
-0.321592
-0.336047
-0.347359
-0.355425
-0.360839
-0.364304
-0.366408
-0.367551
-0.368011
-0.367932
-0.367405
-0.366462
-0.365139
-0.363454
-0.361435
-0.359083
-0.356436
-0.353511
-0.350338
-0.346933
-0.34333
-0.339561
-0.335716
-0.331926
-0.328387
-0.32537
-0.323193
-0.322149
-0.322516
-0.324438
-0.327926
-0.332851
-0.3389
-0.345681
-0.352722
-0.359595
-0.365956
-0.37156
-0.376264
-0.380025
-0.382858
-0.384818
-0.385972
-0.38639
-0.386147
-0.385298
-0.383903
-0.381987
-0.379582
-0.376689
-0.373348
-0.369544
-0.365311
-0.36074
-0.355943
-0.35109
-0.346419
-0.342169
-0.338562
-0.335734
-0.333724
-0.332423
-0.331604
-0.330962
-0.330215
-0.329222
-0.328131
-0.327401
-0.327642
-0.329383
-0.332859
-0.337866
-0.343881
-0.350174
-0.356021
-0.360829
-0.364178
-0.365862
-0.365871
-0.364403
-0.361816
-0.35865
-0.355536
-0.353116
-0.351916
-0.352256
-0.354185
-0.357479
-0.361732
-0.36642
-0.371086
-0.375334
-0.378916
-0.381742
-0.383798
-0.385134
-0.385854
-0.386069
-0.385892
-0.385403
-0.384691
-0.383817
-0.382815
-0.381714
-0.380538
-0.379286
-0.377976
-0.376613
-0.375258
-0.37396
-0.37282
-0.371933
-0.37146
-0.371571
-0.372391
-0.374057
-0.37662
-0.380073
-0.384293
-0.389138
-0.394343
-0.399676
-0.404883
-0.40974
-0.414059
-0.417685
-0.42049
-0.422351
-0.423143
-0.422737
-0.421013
-0.417844
-0.413158
-0.407057
-0.399863
-0.392228
-0.385108
-0.379596
-0.376641
-0.376692
-0.379519
-0.384403
-0.390355
-0.396456
-0.401982
-0.406505
-0.409864
-0.412087
-0.413346
-0.413899
-0.413996
-0.413838
-0.413572
-0.413244
-0.412844
-0.412396
-0.411931
-0.411588
-0.411554
-0.412054
-0.413227
-0.415141
-0.4177
-0.420698
-0.423838
-0.426825
-0.429371
-0.431267
-0.43239
-0.43265
-0.432062
-0.430664
-0.428527
-0.425792
-0.422614
-0.419162
-0.415667
-0.412302
-0.409229
-0.406581
-0.404415
-0.402723
-0.401453
-0.400533
-0.399828
-0.39923
-0.398629
-0.397963
-0.397213
-0.396415
-0.395677
-0.395073
-0.394696
-0.394612
-0.394801
-0.395198
-0.395708
-0.3962
-0.396561
-0.39665
-0.396366
-0.39561
-0.394277
-0.392294
-0.389623
-0.386241
-0.382199
-0.377607
-0.372648
-0.36752
-0.36252
-0.357925
-0.354036
-0.351131
-0.349425
-0.349023
-0.34994
-0.351986
-0.354838
-0.358081
-0.361272
-0.364063
-0.366223
-0.367647
-0.368333
-0.368366
-0.367875
-0.367021
-0.365949
-0.364812
-0.363732
-0.362759
-0.3619
-0.361089
-0.360196
-0.359045
-0.357447
-0.355279
-0.352444
-0.348939
-0.344868
-0.340418
-0.335878
-0.331591
-0.327968
-0.325411
-0.324283
-0.324797
-0.326931
-0.330416
-0.334749
-0.339385
-0.343764
-0.347483
-0.350289
-0.3521
-0.352954
-0.352969
-0.352314
-0.351185
-0.349821
-0.34843
-0.347192
-0.34621
-0.34551
-0.345069
-0.344758
-0.344435
-0.343942
-0.343094
-0.341764
-0.339863
-0.337334
-0.334177
-0.330509
-0.326487
-0.322359
-0.318427
-0.314989
-0.312299
-0.310492
-0.309557
-0.309389
-0.309783
-0.310614
-0.311802
-0.313326
-0.315214
-0.3175
-0.320141
-0.323039
-0.326046
-0.328987
-0.331741
-0.334192
-0.33626
-0.337918
-0.33917
-0.340004
-0.340427
-0.340425
-0.339983
-0.339098
-0.337728
-0.335855
-0.333496
-0.330691
-0.327553
-0.324271
-0.321063
-0.31821
-0.315994
-0.314645
-0.314276
-0.314885
-0.316348
-0.318456
-0.320967
-0.323645
-0.326315
-0.328833
-0.331106
-0.333021
-0.33449
-0.335451
-0.335827
-0.335568
-0.334634
-0.333014
-0.330687
-0.327657
-0.323932
-0.319609
-0.31493
-0.310386
-0.306724
-0.304838
-0.305413
-0.308692
-0.314288
-0.321338
-0.328836
-0.33602
-0.342366
-0.347685
-0.351983
-0.355398
-0.358097
-0.360249
-0.361972
-0.36339
-0.364541
-0.365433
-0.366036
-0.36626
-0.366018
-0.365164
-0.363565
-0.361051
-0.357483
-0.352741
-0.346788
-0.339707
-0.331801
-0.323598
-0.315873
-0.309498
-0.305242
-0.303575
-0.304431
-0.307338
-0.31154
-0.316223
-0.320677
-0.324391
-0.327069
-0.328616
-0.329167
-0.329013
-0.328594
-0.328399
-0.328881
-0.330397
-0.333081
-0.33694
-0.341743
-0.347176
-0.352864
-0.358443
-0.36361
-0.368133
-0.371889
-0.374792
-0.376881
-0.378227
-0.378986
-0.379348
-0.379525
-0.37972
-0.380088
-0.380673
-0.381407
-0.382132
-0.382585
-0.382512
-0.381712
-0.380075
-0.37765
-0.374644
-0.371403
-0.368296
-0.365689
-0.363789
-0.362699
-0.362323
-0.362521
-0.363144
-0.364029
-0.365058
-0.366111
-0.367126
-0.368043
-0.368819
-0.369445
-0.369903
-0.370167
-0.370172
-0.369861
-0.369095
-0.367744
-0.365719
-0.363125
-0.360376
-0.358322
-0.358053
-0.360511
-0.366025
-0.373996
-0.383182
-0.392206
-0.399988
-0.405927
-0.409844
-0.411838
-0.412187
-0.411207
-0.409235
-0.406618
-0.403642
-0.40056
-0.397549
-0.394735
-0.392232
-0.390095
-0.388425
-0.38737
-0.387074
-0.387633
-0.389072
-0.39134
-0.39432
-0.397895
-0.40198
-0.406458
-0.411163
-0.415865
-0.420307
-0.424203
-0.427319
-0.429493
-0.430627
-0.430653
-0.429564
-0.427381
-0.424138
-0.419965
-0.415064
-0.409767
-0.40453
-0.399898
-0.396396
-0.394379
-0.393939
-0.394893
-0.396867
-0.399394
-0.402106
-0.404722
-0.407092
-0.409134
-0.410866
-0.412319
-0.41356
-0.414615
-0.415572
-0.416492
-0.417429
-0.418431
-0.419527
-0.420716
-0.422002
-0.423346
-0.424706
-0.426024
-0.427262
-0.428362
-0.429303
-0.430035
-0.43051
-0.430725
-0.430624
-0.430176
-0.429337
-0.428086
-0.426381
-0.424217
-0.421623
-0.418634
-0.415374
-0.411997
-0.408708
-0.405732
-0.403273
-0.401487
-0.400446
-0.400129
-0.400413
-0.401121
-0.402092
-0.403147
-0.404203
-0.405221
-0.406233
-0.407269
-0.408363
-0.409494
-0.410555
-0.411364
-0.411696
-0.41134
-0.410114
-0.407924
-0.404787
-0.400881
-0.396529
-0.392141
-0.388192
-0.385052
-0.382882
-0.38158
-0.38081
-0.380119
-0.379044
-0.377299
-0.374847
-0.371944
-0.369084
-0.366967
-0.366261
-0.367387
-0.370433
-0.375098
-0.380827
-0.386985
-0.392997
-0.398442
-0.403036
-0.406581
-0.408953
-0.410088
-0.409921
-0.40842
-0.405588
-0.401494
-0.396318
-0.390405
-0.384245
-0.37844
-0.373562
-0.369979
-0.36782
-0.366999
-0.367317
-0.368628
-0.370806
-0.373766
-0.377335
-0.381303
-0.385425
-0.389466
-0.393269
-0.396732
-0.399814
-0.402528
-0.404885
-0.406898
-0.408558
-0.409829
-0.410655
-0.410988
-0.410755
-0.409866
-0.408241
-0.405828
-0.402574
-0.398518
-0.393782
-0.388598
-0.383403
-0.378807
-0.375562
-0.374423
-0.375857
-0.37988
-0.386008
-0.393384
-0.401049
-0.408234
-0.414372
-0.419151
-0.422482
-0.424374
-0.424926
-0.424295
-0.42266
-0.420238
-0.417225
-0.413756
-0.409917
-0.405693
-0.401027
-0.395834
-0.390174
-0.384217
-0.378377
-0.373264
-0.369573
-0.367941
-0.36873
-0.371872
-0.376936
-0.38321
-0.389964
-0.396582
-0.40266
-0.408017
-0.412637
-0.416625
-0.420108
-0.423218
-0.426048
-0.428651
-0.431065
-0.433328
-0.435445
-0.437432
-0.439308
-0.441073
-0.4427
-0.444149
-0.445392
-0.446358
-0.446982
-0.447185
-0.446863
-0.445897
-0.444183
-0.441563
-0.437923
-0.43315
-0.427234
-0.420261
-0.412489
-0.404396
-0.396607
-0.389863
-0.384808
-0.381882
-0.381157
-0.382372
-0.385033
-0.388567
-0.392367
-0.395952
-0.398989
-0.401313
-0.40292
-0.403965
-0.404683
-0.40538
-0.406343
-0.407793
-0.40988
-0.412618
-0.415912
-0.419603
-0.423482
-0.427336
-0.430923
-0.434074
-0.436602
-0.438396
-0.439368
-0.43949
-0.438758
-0.437189
-0.434834
-0.431767
-0.428086
-0.423897
-0.419329
-0.414506
-0.409607
-0.40481
-0.400307
-0.396261
-0.392827
-0.390094
-0.388075
-0.38674
-0.386023
-0.385828
-0.386087
-0.386677
-0.387444
-0.388166
-0.388546
-0.388206
-0.386781
-0.383939
-0.37951
-0.37355
-0.366366
-0.358601
-0.351083
-0.344636
-0.339781
-0.336692
-0.3352
-0.334949
-0.335596
-0.336869
-0.338596
-0.340683
-0.343069
-0.345734
-0.348679
-0.351802
-0.354936
-0.357851
-0.36027
-0.361931
-0.362595
-0.362043
-0.360047
-0.35639
-0.350847
-0.343298
-0.333816
-0.32285
-0.311334
-0.300634
-0.292138
-0.286752
-0.284543
-0.284872
-0.286913
-0.289979
-0.29368
-0.297753
-0.301918
-0.305854
-0.309271
-0.311961
-0.313845
-0.314942
-0.315367
-0.315243
-0.314756
-0.314008
-0.313066
-0.311962
-0.310679
-0.309203
-0.30751
-0.305601
-0.30353
-0.301403
-0.299388
-0.297649
-0.296354
-0.295587
-0.29535
-0.295568
-0.296055
-0.296582
-0.296951
-0.296991
-0.296573
-0.295654
-0.294272
-0.292507
-0.290538
-0.288565
-0.286799
-0.285388
-0.284505
-0.284161
-0.284321
-0.284891
-0.285715
-0.286694
-0.287685
-0.288607
-0.289391
-0.290018
-0.290446
-0.290652
-0.290618
-0.290354
-0.289872
-0.289229
-0.288472
-0.287679
-0.286959
-0.286432
-0.286186
-0.286294
-0.286771
-0.287593
-0.288676
-0.289905
-0.291142
-0.292238
-0.293057
-0.29349
-0.293447
-0.292894
-0.291839
-0.290339
-0.288504
-0.28651
-0.284577
-0.282933
-0.281763
-0.281189
-0.281239
-0.281834
-0.282853
-0.284111
-0.285473
-0.286848
-0.288201
-0.28952
-0.290847
-0.292217
-0.293654
-0.295162
-0.296732
-0.298337
-0.29993
-0.301473
-0.302909
-0.304187
-0.305259
-0.306067
-0.306554
-0.306657
-0.306335
-0.305528
-0.304217
-0.302446
-0.300247
-0.297748
-0.295143
-0.292635
-0.290417
-0.288618
-0.287318
-0.286506
-0.28618
-0.28637
-0.287211
-0.288868
-0.291494
-0.295146
-0.299697
-0.304886
-0.310301
-0.315497
-0.320082
-0.323696
-0.326039
-0.326866
-0.325964
-0.323199
-0.318522
-0.312094
-0.30436
-0.296091
-0.288279
-0.281821
-0.27718
-0.274224
-0.27252
-0.271755
-0.272071
-0.273964
-0.27784
-0.283568
-0.290403
-0.297302
-0.303381
-0.308136
-0.311556
-0.313874
-0.315438
-0.316598
-0.317585
-0.318508
-0.319415
-0.320284
-0.321082
-0.321789
-0.322452
-0.323091
-0.323758
-0.324459
-0.325165
-0.325799
-0.326245
-0.326339
-0.32591
-0.324807
-0.322939
-0.320263
-0.316841
-0.312839
-0.308546
-0.304311
-0.300586
-0.297834
-0.296445
-0.296685
-0.298639
-0.302133
-0.306771
-0.312051
-0.317387
-0.322234
-0.326202
-0.32902
-0.330542
-0.330789
-0.329815
-0.327792
-0.324936
-0.321521
-0.317879
-0.314353
-0.311278
-0.308902
-0.30739
-0.306754
-0.306934
-0.307782
-0.309099
-0.310736
-0.312576
-0.314544
-0.316611
-0.31877
-0.321008
-0.3233
-0.325577
-0.327768
-0.329757
-0.331463
-0.332784
-0.333635
-0.333966
-0.333729
-0.332912
-0.331499
-0.329501
-0.326957
-0.323933
-0.320572
-0.317063
-0.313644
-0.310589
-0.308156
-0.306527
-0.305781
-0.305886
-0.306698
-0.308067
-0.309779
-0.311639
-0.313502
-0.315224
-0.316699
-0.317863
-0.318688
-0.31921
-0.319501
-0.319696
-0.319964
-0.320418
-0.321195
-0.322325
-0.323779
-0.325434
-0.327134
-0.328699
-0.329964
-0.330811
-0.331248
-0.331308
-0.331104
-0.330781
-0.330413
-0.33002
-0.329508
-0.328702
-0.327421
-0.325556
-0.323197
-0.32066
-0.318398
-0.316942
-0.316646
-0.317621
-0.31966
-0.322425
-0.325567
-0.328829
-0.332125
-0.335432
-0.338778
-0.342218
-0.345705
-0.349161
-0.352423
-0.355257
-0.357351
-0.358324
-0.357759
-0.355254
-0.350637
-0.344174
-0.33693
-0.330825
-0.328117
-0.330236
-0.336972
-0.346494
-0.35652
-0.365278
-0.371849
-0.376073
-0.378206
-0.378645
-0.377828
-0.37618
-0.374077
-0.371878
-0.369899
-0.368419
-0.367616
-0.367569
-0.368245
-0.369506
-0.371111
-0.372754
-0.374128
-0.374961
-0.375097
-0.374499
-0.37324
-0.371595
-0.369932
-0.368707
-0.368346
-0.369165
-0.371268
-0.374514
-0.378573
-0.382944
-0.387088
-0.390498
-0.392797
-0.393734
-0.393262
-0.391453
-0.388554
-0.3849
-0.380898
-0.376948
-0.373439
-0.370678
-0.368849
-0.368049
-0.368294
-0.369488
-0.371503
-0.374119
-0.3771
-0.38016
-0.383053
-0.385551
-0.387481
-0.388733
-0.389213
-0.388872
-0.387685
-0.385597
-0.382588
-0.378697
-0.374079
-0.369128
-0.364528
-0.361133
-0.359722
-0.360677
-0.363832
-0.36851
-0.373833
-0.37898
-0.383413
-0.386824
-0.389066
-0.390108
-0.389884
-0.388281
-0.385098
-0.380042
-0.372781
-0.363081
-0.351077
-0.337611
-0.324448
-0.313947
-0.308072
-0.307251
-0.310225
-0.314965
-0.319845
-0.324141
-0.327902
-0.33158
-0.335649
-0.340414
-0.34589
-0.351827
-0.357866
-0.363598
-0.368742
-0.373104
-0.376644
-0.379389
-0.381451
-0.382925
-0.383935
-0.384592
-0.384984
-0.38519
-0.385238
-0.385183
-0.385047
-0.384854
-0.384583
-0.384226
-0.383771
-0.383161
-0.382333
-0.381195
-0.379615
-0.377458
-0.374556
-0.370742
-0.36586
-0.359874
-0.352849
-0.345013
-0.336794
-0.328843
-0.321916
-0.316758
-0.3139
-0.313581
-0.31569
-0.319797
-0.325338
-0.331685
-0.338334
-0.344877
-0.351068
-0.356809
-0.362112
-0.367002
-0.371527
-0.37569
-0.379487
-0.382872
-0.385792
-0.388212
-0.390102
-0.391486
-0.392403
-0.392908
-0.39307
-0.392959
-0.392637
-0.392138
-0.391497
-0.390729
-0.389824
-0.38879
-0.387575
-0.386125
-0.384349
-0.382158
-0.379439
-0.376099
-0.37212
-0.367646
-0.363007
-0.358768
-0.355615
-0.354155
-0.354679
-0.356973
-0.360453
-0.364359
-0.367995
-0.370915
-0.372957
-0.374138
-0.374594
-0.374522
-0.374087
-0.373378
-0.372415
-0.371146
-0.369476
-0.367278
-0.364459
-0.360991
-0.356937
-0.352465
-0.347833
-0.343389
-0.339509
-0.336549
-0.334755
-0.334227
-0.334941
-0.336732
-0.339352
-0.342555
-0.346111
-0.34982
-0.353542
-0.357191
-0.360656
-0.363874
-0.366729
-0.369083
-0.370773
-0.371606
-0.371385
-0.369871
-0.36682
-0.362086
-0.355618
-0.347637
-0.338735
-0.329994
-0.322789
-0.318344
-0.317311
-0.319489
-0.324069
-0.330025
-0.336449
-0.342699
-0.348339
-0.353064
-0.356718
-0.359236
-0.360642
-0.360942
-0.360218
-0.358481
-0.355741
-0.352014
-0.347329
-0.341781
-0.335525
-0.328953
-0.322648
-0.317502
-0.314526
-0.314527
-0.31775
-0.323683
-0.331195
-0.338823
-0.345295
-0.349734
-0.351786
-0.351617
-0.349825
-0.347254
-0.344805
-0.343127
-0.342492
-0.342774
-0.343563
-0.344476
-0.345247
-0.345833
-0.346356
-0.346956
-0.347808
-0.348989
-0.350461
-0.352129
-0.353827
-0.355372
-0.356569
-0.35724
-0.357248
-0.356467
-0.354795
-0.352157
-0.348469
-0.343631
-0.337562
-0.330205
-0.321671
-0.312355
-0.303114
-0.295343
-0.290792
-0.290908
-0.296204
-0.305963
-0.318603
-0.332308
-0.345629
-0.357627
-0.367885
-0.376283
-0.382908
-0.387926
-0.39147
-0.393608
-0.394313
-0.393398
-0.390521
-0.385213
-0.377007
-0.365754
-0.35216
-0.338321
-0.327591
-0.323105
-0.32573
-0.333382
-0.342594
-0.350531
-0.355813
-0.358297
-0.358449
-0.356855
-0.354059
-0.350448
-0.346305
-0.34186
-0.337255
-0.332575
-0.327817
-0.322979
-0.318142
-0.313674
-0.31031
-0.309037
-0.310651
-0.315267
-0.322195
-0.330185
-0.337886
-0.34433
-0.349092
-0.35223
-0.354178
-0.355551
-0.356902
-0.358617
-0.360753
-0.363128
-0.365441
-0.367369
-0.368756
-0.369584
-0.369965
-0.370122
-0.370317
-0.370762
-0.371611
-0.372917
-0.374659
-0.376724
-0.37895
-0.381209
-0.383326
-0.385124
-0.38643
-0.38699
-0.386533
-0.384733
-0.381282
-0.375987
-0.368876
-0.360352
-0.351323
-0.343061
-0.336891
-0.333751
-0.333916
-0.337048
-0.342466
-0.349372
-0.356891
-0.364102
-0.370105
-0.374126
-0.375636
-0.374353
-0.370321
-0.363772
-0.355116
-0.344879
-0.333786
-0.322804
-0.313247
-0.306741
-0.304796
-0.30815
-0.316282
-0.327573
-0.339947
-0.351612
-0.361389
-0.368695
-0.373392
-0.37563
-0.37575
-0.374236
-0.371731
-0.368976
-0.366688
-0.365462
-0.365581
-0.366926
-0.369132
-0.371668
-0.374063
-0.375953
-0.377157
-0.377613
-0.37735
-0.37646
-0.375045
-0.373216
-0.371088
-0.368777
-0.366422
-0.364114
-0.361984
-0.360157
-0.35873
-0.357796
-0.357421
-0.357624
-0.358394
-0.359693
-0.36145
-0.363565
-0.365976
-0.368577
-0.37128
-0.374019
-0.376731
-0.379384
-0.381921
-0.38433
-0.386567
-0.388605
-0.390396
-0.391902
-0.393068
-0.393777
-0.393966
-0.393521
-0.392324
-0.390256
-0.387273
-0.383396
-0.378862
-0.374146
-0.369991
-0.367238
-0.366607
-0.368348
-0.37211
-0.377041
-0.382137
-0.386483
-0.389485
-0.390836
-0.390541
-0.388767
-0.385862
-0.382292
-0.378651
-0.375572
-0.373647
-0.373335
-0.374812
-0.377955
-0.38234
-0.387403
-0.392564
-0.397372
-0.401548
-0.404979
-0.407722
-0.409886
-0.411592
-0.412859
-0.413579
-0.413514
-0.412341
-0.409775
-0.405661
-0.400035
-0.393212
-0.385735
-0.378298
-0.371528
-0.365857
-0.361412
-0.358111
-0.355821
-0.354524
-0.354346
-0.355529
-0.358203
-0.362273
-0.367394
-0.373058
-0.378758
-0.38407
-0.388676
-0.392394
-0.395092
-0.396721
-0.397223
-0.396524
-0.394591
-0.391424
-0.387199
-0.382299
-0.377385
-0.373304
-0.370828
-0.370386
-0.371923
-0.374871
-0.378456
-0.382006
-0.385058
-0.387442
-0.389181
-0.390407
-0.391276
-0.391946
-0.392499
-0.392996
-0.393447
-0.393819
-0.394104
-0.394243
-0.394234
-0.39404
-0.393644
-0.393039
-0.392208
-0.391113
-0.389742
-0.388054
-0.386039
-0.383687
-0.380962
-0.377831
-0.374296
-0.370345
-0.365971
-0.361245
-0.356314
-0.351429
-0.346927
-0.343118
-0.340183
-0.338158
-0.336858
-0.336075
-0.335716
-0.335848
-0.336738
-0.3387
-0.341981
-0.346574
-0.352229
-0.358477
-0.364808
-0.370776
-0.37606
-0.38049
-0.384023
-0.386643
-0.38841
-0.389389
-0.389647
-0.38923
-0.388199
-0.386607
-0.384537
-0.382085
-0.379421
-0.376811
-0.374583
-0.373088
-0.372598
-0.373172
-0.374604
-0.376443
-0.378154
-0.379351
-0.379914
-0.380131
-0.380614
-0.382068
-0.385046
-0.389676
-0.395634
-0.402311
-0.409037
-0.415306
-0.420823
-0.425483
-0.429301
-0.432364
-0.434751
-0.436528
-0.437717
-0.438282
-0.438116
-0.437031
-0.434785
-0.431072
-0.425565
-0.417997
-0.408321
-0.396968
-0.385013
-0.374236
-0.366669
-0.363755
-0.365621
-0.370983
-0.377896
-0.384611
-0.390025
-0.39363
-0.39528
-0.394881
-0.392285
-0.387422
-0.380646
-0.373321
-0.368055
-0.367915
-0.374721
-0.387608
-0.403669
-0.41973
-0.4338
-0.445129
-0.453893
-0.460556
-0.465641
-0.469561
-0.472647
-0.475094
-0.477008
-0.478496
-0.479585
-0.480304
-0.48069
-0.480733
-0.480443
-0.479815
-0.478835
-0.47746
-0.475632
-0.473257
-0.470219
-0.466351
-0.461499
-0.455524
-0.44847
-0.440708
-0.4331
-0.426934
-0.423647
-0.42419
-0.428483
-0.435429
-0.443467
-0.451214
-0.457798
-0.462883
-0.466506
-0.468924
-0.470397
-0.471144
-0.471277
-0.470768
-0.469452
-0.467072
-0.46334
-0.458076
-0.451371
-0.443761
-0.436295
-0.430394
-0.427375
-0.427978
-0.431995
-0.438456
-0.446145
-0.453964
-0.461146
-0.467254
-0.472063
-0.475472
-0.477447
-0.47799
-0.477127
-0.474922
-0.471506
-0.467083
-0.46192
-0.456419
-0.45103
-0.446239
-0.442477
-0.440056
-0.43913
-0.439704
-0.44163
-0.444698
-0.448624
-0.453131
-0.458017
-0.4631
-0.468251
-0.473335
-0.478221
-0.482754
-0.486787
-0.490121
-0.492574
-0.493981
-0.494175
-0.492997
-0.490304
-0.486003
-0.480044
-0.472593
-0.464015
-0.455024
-0.446625
-0.439983
-0.436098
-0.435428
-0.437726
-0.442169
-0.447685
-0.453281
-0.458255
-0.462205
-0.46493
-0.466431
-0.466787
-0.466149
-0.46469
-0.462572
-0.459995
-0.457118
-0.454177
-0.451503
-0.449533
-0.448753
-0.449579
-0.452186
-0.45644
-0.461934
-0.46807
-0.474301
-0.480184
-0.485459
-0.489969
-0.493688
-0.496627
-0.49881
-0.500237
-0.500913
-0.500766
-0.499713
-0.497623
-0.494331
-0.489706
-0.483708
-0.476497
-0.468525
-0.460529
-0.453432
-0.448039
-0.444715
-0.443266
-0.443108
-0.443619
-0.444404
-0.4454
-0.44672
-0.44855
-0.451012
-0.454183
-0.458094
-0.462767
-0.468235
-0.474454
-0.48127
-0.488384
-0.495417
-0.501945
-0.507566
-0.511969
-0.51493
-0.516316
-0.516055
-0.514159
-0.51064
-0.505571
-0.49904
-0.491222
-0.482326
-0.47265
-0.462606
-0.452743
-0.443759
-0.436474
-0.43174
-0.430241
-0.432214
-0.437423
-0.445173
-0.454483
-0.464317
-0.473733
-0.48204
-0.488793
-0.493803
-0.497061
-0.498663
-0.498806
-0.497707
-0.495653
-0.492972
-0.490051
-0.487308
-0.4852
-0.484069
-0.484137
-0.48542
-0.487738
-0.490762
-0.494088
-0.497348
-0.500258
-0.502611
-0.504307
-0.505317
-0.505666
-0.505418
-0.504623
-0.503319
-0.501542
-0.499252
-0.4964
-0.492887
-0.488619
-0.483488
-0.477466
-0.47067
-0.463413
-0.456282
-0.450102
-0.445783
-0.444065
-0.445241
-0.449003
-0.454541
-0.460816
-0.466865
-0.472028
-0.475982
-0.478742
-0.480559
-0.481796
-0.482839
-0.483995
-0.485432
-0.487164
-0.489092
-0.491067
-0.492929
-0.494542
-0.495868
-0.496951
-0.497827
-0.498599
-0.499328
-0.499962
-0.500322
-0.500111
-0.498854
-0.496044
-0.491052
-0.483242
-0.472115
-0.457483
-0.43999
-0.421341
-0.404413
-0.392491
-0.388055
-0.391755
-0.402254
-0.416922
-0.432814
-0.44755
-0.459681
-0.468633
-0.474426
-0.477363
-0.477923
-0.476546
-0.473677
-0.469696
-0.464945
-0.459732
-0.454347
-0.449045
-0.444103
-0.43979
-0.436509
-0.434758
-0.434987
-0.437343
-0.441533
-0.446841
-0.452387
-0.457407
-0.461359
-0.463923
-0.464992
-0.464597
-0.462896
-0.460112
-0.456531
-0.452533
-0.448524
-0.444879
-0.441983
-0.440094
-0.439354
-0.439736
-0.441038
-0.442958
-0.445107
-0.447107
-0.448625
-0.449455
-0.449449
-0.448606
-0.447043
-0.444959
-0.442603
-0.440253
-0.438089
-0.436183
-0.434534
-0.433011
-0.431483
-0.429863
-0.428098
-0.426255
-0.424423
-0.422768
-0.421379
-0.420303
-0.41945
-0.418604
-0.417503
-0.415867
-0.413446
-0.410093
-0.405782
-0.40062
-0.394816
-0.388711
-0.38271
-0.37722
-0.372627
-0.369191
-0.366986
-0.365927
-0.36578
-0.366214
-0.36692
-0.367678
-0.368356
-0.368891
-0.36928
-0.369578
-0.369843
-0.370175
-0.370673
-0.371435
-0.372535
-0.373973
-0.375663
-0.377483
-0.379255
-0.380803
-0.381973
-0.382698
-0.382915
-0.382627
-0.381865
-0.380665
-0.379075
-0.377161
-0.374995
-0.372629
-0.370169
-0.367673
-0.365219
-0.362901
-0.360789
-0.358916
-0.357304
-0.355948
-0.354808
-0.353865
-0.353062
-0.352359
-0.351699
-0.351092
-0.350513
-0.349954
-0.349412
-0.348848
-0.348244
-0.347574
-0.346811
-0.34596
-0.34505
-0.344134
-0.343313
-0.342721
-0.342474
-0.34266
-0.343256
-0.344183
-0.345231
-0.346165
-0.346763
-0.346906
-0.346625
-0.346155
-0.345905
-0.346343
-0.34787
-0.350682
-0.354638
-0.359349
-0.364256
-0.36878
-0.372485
-0.374972
-0.376002
-0.375404
-0.373083
-0.369034
-0.363419
-0.356588
-0.349165
-0.342028
-0.336107
-0.332146
-0.330485
-0.330977
-0.333132
-0.336313
-0.340005
-0.343817
-0.347556
-0.351108
-0.354421
-0.357457
-0.360189
-0.362593
-0.364664
-0.366394
-0.367788
-0.368933
-0.369857
-0.370679
-0.371464
-0.372319
-0.373297
-0.374457
-0.37579
-0.377273
-0.378845
-0.38044
-0.381963
-0.383376
-0.384617
-0.385653
-0.386474
-0.387064
-0.387421
-0.387565
-0.38749
-0.387212
-0.38672
-0.38601
-0.385072
-0.383873
-0.382415
-0.380707
-0.378773
-0.376674
-0.374492
-0.372312
-0.370258
-0.36843
-0.366893
-0.365675
-0.364745
-0.364034
-0.36346
-0.362964
-0.362461
-0.361896
-0.361256
-0.360538
-0.359757
-0.358993
-0.358367
-0.358086
-0.358429
-0.359603
-0.361727
-0.364765
-0.368477
-0.372481
-0.376357
-0.379699
-0.382144
-0.383403
-0.383241
-0.381446
-0.377871
-0.372518
-0.36565
-0.357925
-0.35045
-0.344539
-0.341279
-0.341017
-0.343183
-0.346594
-0.350035
-0.352644
-0.354028
-0.354259
-0.353641
-0.352651
-0.351716
-0.351223
-0.351374
-0.352223
-0.353611
-0.355324
-0.357074
-0.358581
-0.359643
-0.36013
-0.360019
-0.359337
-0.358191
-0.356722
-0.355137
-0.353643
-0.352495
-0.351888
-0.351978
-0.352847
-0.354429
-0.356582
-0.359052
-0.361621
-0.364056
-0.366174
-0.367894
-0.369158
-0.369966
-0.370352
-0.370359
-0.370055
-0.369502
-0.36879
-0.367985
-0.367177
-0.366479
-0.365975
-0.365749
-0.36586
-0.366324
-0.367108
-0.368126
-0.369261
-0.370359
-0.371285
-0.371902
-0.372139
-0.371932
-0.371271
-0.370189
-0.368784
-0.367185
-0.365549
-0.364063
-0.362902
-0.362225
-0.362136
-0.362688
-0.363872
-0.365614
-0.367802
-0.370289
-0.37293
-0.375574
-0.378108
-0.380435
-0.382466
-0.384161
-0.385532
-0.386556
-0.387234
-0.387604
-0.387679
-0.387503
-0.387087
-0.38642
-0.385482
-0.384216
-0.382538
-0.380295
-0.377334
-0.373516
-0.368832
-0.363483
-0.357994
-0.353232
-0.350166
-0.349601
-0.351724
-0.356082
-0.361777
-0.367844
-0.37357
-0.378547
-0.382692
-0.386026
-0.388693
-0.390797
-0.392444
-0.39371
-0.39461
-0.395223
-0.395577
-0.395702
-0.395641
-0.395438
-0.395147
-0.394802
-0.394447
-0.394124
-0.393866
-0.393709
-0.393683
-0.393831
-0.39418
-0.394731
-0.39549
-0.396429
-0.397476
-0.398599
-0.399745
-0.400864
-0.401923
-0.40289
-0.403757
-0.404453
-0.404925
-0.405043
-0.404694
-0.40374
-0.402054
-0.399623
-0.396538
-0.393016
-0.38951
-0.386587
-0.384881
-0.384895
-0.386808
-0.390461
-0.395398
-0.400965
-0.406593
-0.411812
-0.416331
-0.420029
-0.422897
-0.424977
-0.426359
-0.427134
-0.427345
-0.427041
-0.426221
-0.424879
-0.422977
-0.420509
-0.417485
-0.414004
-0.410282
-0.406632
-0.403478
-0.401232
-0.400231
-0.400639
-0.402405
-0.405289
-0.408965
-0.413104
-0.417391
-0.421602
-0.425598
-0.429225
-0.432391
-0.435082
-0.437232
-0.4388
-0.439799
-0.440245
-0.440201
-0.439738
-0.438968
-0.438013
-0.437029
-0.436154
-0.435544
-0.435307
-0.435512
-0.436173
-0.437267
-0.438702
-0.440359
-0.442108
-0.443796
-0.445278
-0.446427
-0.447117
-0.447267
-0.446807
-0.445677
-0.443863
-0.441378
-0.438258
-0.434645
-0.430691
-0.426642
-0.422782
-0.419413
-0.416779
-0.415062
-0.414323
-0.414535
-0.415574
-0.417282
-0.419469
-0.421949
-0.424541
-0.427054
-0.429313
-0.431073
-0.432131
-0.432242
-0.431195
-0.428839
-0.425117
-0.420146
-0.41431
-0.408226
-0.402766
-0.398835
-0.397166
-0.398038
-0.401205
-0.405994
-0.411535
-0.416971
-0.421676
-0.425309
-0.427781
-0.429165
-0.429686
-0.42959
-0.429103
-0.428392
-0.427564
-0.426636
-0.425593
-0.424379
-0.42295
-0.421327
-0.419627
-0.418128
-0.417255
-0.417489
-0.419218
-0.422517
-0.427112
-0.432406
-0.437684
-0.442265
-0.445655
-0.447441
-0.447376
-0.445257
-0.441011
-0.434797
-0.427114
-0.418958
-0.411692
-0.406608
-0.404342
-0.404577
-0.406185
-0.40772
-0.407874
-0.405595
-0.400112
-0.391085
-0.37903
-0.365814
-0.35489
-0.350294
-0.354382
-0.366155
-0.382028
-0.398091
-0.411849
-0.422358
-0.429782
-0.434688
-0.437774
-0.43965
-0.440807
-0.441612
-0.442307
-0.443029
-0.443838
-0.444718
-0.445596
-0.446352
-0.446857
-0.446893
-0.446231
-0.444594
-0.441728
-0.437395
-0.43147
-0.42403
-0.415427
-0.406247
-0.397365
-0.389664
-0.38391
-0.380482
-0.379404
-0.380172
-0.382021
-0.384002
-0.385268
-0.385371
-0.384467
-0.383259
-0.382684
-0.383516
-0.386014
-0.389949
-0.394851
-0.40021
-0.405702
-0.411128
-0.416376
-0.421366
-0.426074
-0.430437
-0.434394
-0.437893
-0.440909
-0.443399
-0.445336
-0.44669
-0.447458
-0.447609
-0.447154
-0.446094
-0.444449
-0.442313
-0.439808
-0.437151
-0.434593
-0.432445
-0.430977
-0.430374
-0.430679
-0.431806
-0.433558
-0.435693
-0.437971
-0.440197
-0.442235
-0.443993
-0.445402
-0.446368
-0.446779
-0.446498
-0.445329
-0.443068
-0.439475
-0.434351
-0.427544
-0.419127
-0.409511
-0.399753
-0.391566
-0.38701
-0.387527
-0.393127
-0.402282
-0.412785
-0.422801
-0.431379
-0.438413
-0.444215
-0.449252
-0.453848
-0.458147
-0.46214
-0.465733
-0.468819
-0.471325
-0.47325
-0.474646
-0.47557
-0.476127
-0.476419
-0.476479
-0.476324
-0.475842
-0.474836
-0.472999
-0.470017
-0.465672
-0.460163
-0.454295
-0.449535
-0.447547
-0.449355
-0.454703
-0.46209
-0.469664
-0.475961
-0.480261
-0.48255
-0.48324
-0.482946
-0.482315
-0.481867
-0.481971
-0.48274
-0.484108
-0.485844
-0.48759
-0.48895
-0.489477
-0.488694
-0.486036
-0.480828
-0.472301
-0.459891
-0.443845
-0.426289
-0.411831
-0.406031
-0.411625
-0.42616
-0.443958
-0.459947
-0.471338
-0.477307
-0.478113
-0.474702
-0.468724
-0.462494
-0.458429
-0.458021
-0.461096
-0.46608
-0.471003
-0.474399
-0.475568
-0.474419
-0.471208
-0.466372
-0.460512
-0.454325
-0.44863
-0.444192
-0.441545
-0.440855
-0.441911
-0.444222
-0.447295
-0.450753
-0.454435
-0.458312
-0.462379
-0.466559
-0.470593
-0.474136
-0.476765
-0.47806
-0.47768
-0.475427
-0.471271
-0.465351
-0.458074
-0.450121
-0.442351
-0.435671
-0.430846
-0.42818
-0.427552
-0.428425
-0.43011
-0.431994
-0.433599
-0.434704
-0.435251
-0.435366
-0.435244
-0.43511
-0.435172
-0.435573
-0.436311
-0.437342
-0.438521
-0.439656
-0.440542
-0.44097
-0.440664
-0.439288
-0.436361
-0.43126
-0.423246
-0.411727
-0.396678
-0.379502
-0.363519
-0.353128
-0.351215
-0.356837
-0.365864
-0.373914
-0.378593
-0.379877
-0.37935
-0.379106
-0.380626
-0.384154
-0.388828
-0.393366
-0.396747
-0.398524
-0.398745
-0.397747
-0.395998
-0.39388
-0.391665
-0.389441
-0.387179
-0.38478
-0.382128
-0.379205
-0.376072
-0.37295
-0.370158
-0.368017
-0.366795
-0.366706
-0.367804
-0.370016
-0.373183
-0.377073
-0.381398
-0.385854
-0.390134
-0.393927
-0.39698
-0.399143
-0.400319
-0.400531
-0.399878
-0.398522
-0.396698
-0.394679
-0.39267
-0.390775
-0.388952
-0.386971
-0.384433
-0.380909
-0.376078
-0.36982
-0.362424
-0.354662
-0.34763
-0.342553
-0.340297
-0.341026
-0.344141
-0.348453
-0.352598
-0.355554
-0.356815
-0.356584
-0.35571
-0.35534
-0.356519
-0.359705
-0.364563
-0.370243
-0.375765
-0.380361
-0.38364
-0.385557
-0.386258
-0.385999
-0.385059
-0.383705
-0.382165
-0.380643
-0.379274
-0.378182
-0.377467
-0.377166
-0.377315
-0.377906
-0.37889
-0.380198
-0.381726
-0.383351
-0.384921
-0.386286
-0.387291
-0.387809
-0.387744
-0.387026
-0.385659
-0.383747
-0.381526
-0.379299
-0.377471
-0.376373
-0.376217
-0.376969
-0.378372
-0.379946
-0.381145
-0.381461
-0.380472
-0.377943
-0.373808
-0.368211
-0.361487
-0.354124
-0.346639
-0.339509
-0.3331
-0.327614
-0.323237
-0.320168
-0.318698
-0.319111
-0.321574
-0.325948
-0.331816
-0.338494
-0.345126
-0.350929
-0.355226
-0.35759
-0.357988
-0.35687
-0.355278
-0.354649
-0.356431
-0.361357
-0.36912
-0.378526
-0.388127
-0.396797
-0.403918
-0.409318
-0.413099
-0.415432
-0.416522
-0.416514
-0.415468
-0.413428
-0.410331
-0.406127
-0.400742
-0.394197
-0.386677
-0.378662
-0.370962
-0.364657
-0.360667
-0.359392
-0.360488
-0.363052
-0.366088
-0.368889
-0.371254
-0.373358
-0.375548
-0.378146
-0.381322
-0.385017
-0.389037
-0.393104
-0.396937
-0.400319
-0.403103
-0.40524
-0.406746
-0.407633
-0.40793
-0.407667
-0.406829
-0.405354
-0.403162
-0.400153
-0.3962
-0.391251
-0.385375
-0.378773
-0.371851
-0.365179
-0.359433
-0.355221
-0.353006
-0.353042
-0.355242
-0.359199
-0.364305
-0.369812
-0.375081
-0.379684
-0.383448
-0.386414
-0.388766
-0.390793
-0.392708
-0.394712
-0.396891
-0.399257
-0.401683
-0.403991
-0.405918
-0.407127
-0.407215
-0.405684
-0.401989
-0.395666
-0.386609
-0.375464
-0.36393
-0.354552
-0.349463
-0.349003
-0.351398
-0.354004
-0.354912
-0.35376
-0.351522
-0.349884
-0.350397
-0.353822
-0.359893
-0.367601
-0.375643
-0.38287
-0.38852
-0.392213
-0.39391
-0.393723
-0.391862
-0.388611
-0.384268
-0.379203
-0.373814
-0.368573
-0.3639
-0.360203
-0.357745
-0.35667
-0.356981
-0.358521
-0.361066
-0.364301
-0.367891
-0.371534
-0.374996
-0.378129
-0.38082
-0.38302
-0.384753
-0.386022
-0.386868
-0.387313
-0.387393
-0.387139
-0.38661
-0.385861
-0.385013
-0.384152
-0.383399
-0.382848
-0.382574
-0.382589
-0.382857
-0.383294
-0.383813
-0.384289
-0.384666
-0.384908
-0.385037
-0.385093
-0.385159
-0.385308
-0.385606
-0.386112
-0.386831
-0.387761
-0.388874
-0.390106
-0.391404
-0.392661
-0.39378
-0.394617
-0.395013
-0.39481
-0.39388
-0.39212
-0.389557
-0.386315
-0.382639
-0.378814
-0.375044
-0.371351
-0.367575
-0.3635
-0.359023
-0.354409
-0.350344
-0.347742
-0.347413
-0.349794
-0.354757
-0.361669
-0.369694
-0.378007
-0.385915
-0.392946
-0.398867
-0.403665
-0.407468
-0.410496
-0.413014
-0.415231
-0.417276
-0.419213
-0.42097
-0.422461
-0.423541
-0.424056
-0.423879
-0.422872
-0.420939
-0.418018
-0.414102
-0.409259
-0.403587
-0.397345
-0.390879
-0.384657
-0.379198
-0.375008
-0.372477
-0.371783
-0.372894
-0.375548
-0.37937
-0.383898
-0.3887
-0.393392
-0.397667
-0.401294
-0.404157
-0.406198
-0.407449
-0.408012
-0.408071
-0.407809
-0.407431
-0.407185
-0.407223
-0.407668
-0.408529
-0.409768
-0.411236
-0.412761
-0.414087
-0.414999
-0.41525
-0.414656
-0.413106
-0.410609
-0.407447
-0.404102
-0.401274
-0.399735
-0.400116
-0.402562
-0.406791
-0.412148
-0.417918
-0.423504
-0.428521
-0.432797
-0.436248
-0.438861
-0.440618
-0.441476
-0.441344
-0.440087
-0.437566
-0.433653
-0.428399
-0.422065
-0.415312
-0.409188
-0.404918
-0.403449
-0.405037
-0.409119
-0.414624
-0.420443
-0.425802
-0.430299
-0.433836
-0.43651
-0.438481
-0.439905
-0.44086
-0.441407
-0.441528
-0.441185
-0.440256
-0.438625
-0.436145
-0.432681
-0.428104
-0.422354
-0.415435
-0.407563
-0.39922
-0.391249
-0.384789
-0.381002
-0.380622
-0.38369
-0.389613
-0.397513
-0.406533
-0.416004
-0.425377
-0.434254
-0.442252
-0.449129
-0.454726
-0.458973
-0.46184
-0.463289
-0.463229
-0.461456
-0.45764
-0.451293
-0.441905
-0.429134
-0.413194
-0.395445
-0.378578
-0.366034
-0.360446
-0.362313
-0.370229
-0.382123
-0.396099
-0.410573
-0.424168
-0.435844
-0.444988
-0.451384
-0.45525
-0.45699
-0.457218
-0.45663
-0.455944
-0.455718
-0.456289
-0.457674
-0.459594
-0.461617
-0.463319
-0.4644
-0.464759
-0.464485
-0.463776
-0.462911
-0.462097
-0.461411
-0.460765
-0.459922
-0.458536
-0.456234
-0.45269
-0.447667
-0.441094
-0.43316
-0.424381
-0.415605
-0.407939
-0.402462
-0.399882
-0.40029
-0.403148
-0.407532
-0.412437
-0.417129
-0.421205
-0.424646
-0.427734
-0.430964
-0.434852
-0.439789
-0.445864
-0.452832
-0.460197
-0.46742
-0.474022
-0.479719
-0.484359
-0.487861
-0.490259
-0.491663
-0.492255
-0.492234
-0.49175
-0.490822
-0.489298
-0.48691
-0.483399
-0.478604
-0.472576
-0.465605
-0.458283
-0.451416
-0.445902
-0.442514
-0.441694
-0.443421
-0.447186
-0.452196
-0.457583
-0.462599
-0.46674
-0.469761
-0.471671
-0.472611
-0.472799
-0.472467
-0.471744
-0.470701
-0.469281
-0.467372
-0.464844
-0.461598
-0.457615
-0.453005
-0.448045
-0.443133
-0.438781
-0.435535
-0.433864
-0.434025
-0.436039
-0.439686
-0.444579
-0.45024
-0.456231
-0.462163
-0.467753
-0.472795
-0.477139
-0.480683
-0.483356
-0.485141
-0.486014
-0.485966
-0.484962
-0.482994
-0.48004
-0.476126
-0.471329
-0.465902
-0.460241
-0.454942
-0.450687
-0.448087
-0.447501
-0.448853
-0.451695
-0.455327
-0.459052
-0.46228
-0.464632
-0.465989
-0.466412
-0.466146
-0.465525
-0.464924
-0.46463
-0.464806
-0.465501
-0.466584
-0.467918
-0.469353
-0.4708
-0.472205
-0.473517
-0.474642
-0.475376
-0.475375
-0.474117
-0.470884
-0.464934
-0.45585
-0.444124
-0.43196
-0.423311
-0.422117
-0.429614
-0.443299
-0.458896
-0.472941
-0.483798
-0.491294
-0.495931
-0.498358
-0.499099
-0.498587
-0.497125
-0.494972
-0.492384
-0.489678
-0.487204
-0.48531
-0.484246
-0.484084
-0.484669
-0.485651
-0.486541
-0.486921
-0.486498
-0.48525
-0.483449
-0.481602
-0.480308
-0.480086
-0.481187
-0.483517
-0.486693
-0.490256
-0.493788
-0.496985
-0.499715
-0.501912
-0.50357
-0.504736
-0.505428
-0.505682
-0.505573
-0.505194
-0.504633
-0.504023
-0.503478
-0.503132
-0.503069
-0.503322
-0.503873
-0.50465
-0.505493
-0.5062
-0.506537
-0.506276
-0.505233
-0.50327
-0.500316
-0.496463
-0.491909
-0.486979
-0.482105
-0.477775
-0.474458
-0.4724
-0.471456
-0.471
-0.469908
-0.466841
-0.460589
-0.450639
-0.437518
-0.423079
-0.410147
-0.401841
-0.400761
-0.407882
-0.421796
-0.439225
-0.456651
-0.471691
-0.483428
-0.49195
-0.497788
-0.501587
-0.503882
-0.50512
-0.505658
-0.505704
-0.505416
-0.50486
-0.50407
-0.503019
-0.50173
-0.500151
-0.498272
-0.49613
-0.493776
-0.491314
-0.488864
-0.486555
-0.484517
-0.482779
-0.481341
-0.48011
-0.478971
-0.477801
-0.476496
-0.474994
-0.473242
-0.471217
-0.468874
-0.466161
-0.462994
-0.45932
-0.45513
-0.450434
-0.44536
-0.4401
-0.434949
-0.430328
-0.426742
-0.424718
-0.42463
-0.426532
-0.430052
-0.434448
-0.438811
-0.442326
-0.444392
-0.444675
-0.443133
-0.440048
-0.436017
-0.431963
-0.428949
-0.427828
-0.428972
-0.432143
-0.436588
-0.441421
-0.445911
-0.449605
-0.452319
-0.454081
-0.455037
-0.455359
-0.455218
-0.454765
-0.454102
-0.453316
-0.45242
-0.451402
-0.450219
-0.448794
-0.44704
-0.444889
-0.442341
-0.439485
-0.436541
-0.433899
-0.431969
-0.431121
-0.431421
-0.432534
-0.433715
-0.43392
-0.43212
-0.427585
-0.420361
-0.411697
-0.40418
-0.400768
-0.403184
-0.410642
-0.420463
-0.429727
-0.436546
-0.440216
-0.440887
-0.43917
-0.435846
-0.431775
-0.427767
-0.424508
-0.422527
-0.422195
-0.42372
-0.427173
-0.432372
-0.438805
-0.44566
-0.451999
-0.456951
-0.45993
-0.460722
-0.459576
-0.45717
-0.454495
-0.452626
-0.452298
-0.453721
-0.456549
-0.460138
-0.46387
-0.467295
-0.470055
-0.471857
-0.472424
-0.471496
-0.468919
-0.464687
-0.45914
-0.453055
-0.447591
-0.444123
-0.44373
-0.446724
-0.452509
-0.459844
-0.467444
-0.474341
-0.479988
-0.484197
-0.486978
-0.488427
-0.48866
-0.487817
-0.486045
-0.483545
-0.480582
-0.477487
-0.474622
-0.472362
-0.471003
-0.470696
-0.471416
-0.473008
-0.475249
-0.477863
-0.480602
-0.48327
-0.485709
-0.487823
-0.489569
-0.490934
-0.491936
-0.492615
-0.493022
-0.493209
-0.493229
-0.493115
-0.492894
-0.492553
-0.492074
-0.491419
-0.490548
-0.489411
-0.487955
-0.486172
-0.484083
-0.481764
-0.479336
-0.476979
-0.474907
-0.473369
-0.47261
-0.472825
-0.474144
-0.476554
-0.479951
-0.484136
-0.488839
-0.49377
-0.498707
-0.503453
-0.507909
-0.511943
-0.515499
-0.518555
-0.521054
-0.52293
-0.524107
-0.524487
-0.523953
-0.522404
-0.519782
-0.516174
-0.511811
-0.507154
-0.502766
-0.499138
-0.49636
-0.493914
-0.490733
-0.485598
-0.477812
-0.46787
-0.45792
-0.450995
-0.449387
-0.453026
-0.459605
-0.466352
-0.471494
-0.474529
-0.475851
-0.476147
-0.476122
-0.476279
-0.476961
-0.478348
-0.480528
-0.483472
-0.487027
-0.490869
-0.494553
-0.497566
-0.499384
-0.499577
-0.497951
-0.494474
-0.489274
-0.482695
-0.475171
-0.467235
-0.459484
-0.452502
-0.446829
-0.442879
-0.440923
-0.441088
-0.443323
-0.447394
-0.452988
-0.459621
-0.466783
-0.473975
-0.480759
-0.486787
-0.491874
-0.495924
-0.498981
-0.501158
-0.502581
-0.503368
-0.503565
-0.503145
-0.502075
-0.500276
-0.497684
-0.494349
-0.490444
-0.486226
-0.482088
-0.478419
-0.47559
-0.47384
-0.473234
-0.473632
-0.474737
-0.476127
-0.477403
-0.478174
-0.478168
-0.477219
-0.475316
-0.472551
-0.469214
-0.465749
-0.462709
-0.460652
-0.46006
-0.461163
-0.463914
-0.467964
-0.472744
-0.477644
-0.482088
-0.485618
-0.487972
-0.489042
-0.488875
-0.48764
-0.485586
-0.48303
-0.480314
-0.477721
-0.475505
-0.473878
-0.473054
-0.473226
-0.47455
-0.477073
-0.480645
-0.484885
-0.489254
-0.493194
-0.496164
-0.497751
-0.49765
-0.495742
-0.492134
-0.48718
-0.481467
-0.475628
-0.470095
-0.464957
-0.459917
-0.454731
-0.449542
-0.445164
-0.442735
-0.443173
-0.446569
-0.452165
-0.458632
-0.464644
-0.469134
-0.471506
-0.471563
-0.469483
-0.465802
-0.46129
-0.456884
-0.453391
-0.451378
-0.450951
-0.451902
-0.453846
-0.456401
-0.459341
-0.462554
-0.466025
-0.469805
-0.473925
-0.478372
-0.48306
-0.487891
-0.492724
-0.497402
-0.501779
-0.505734
-0.509156
-0.511959
-0.514096
-0.515527
-0.516261
-0.516296
-0.515655
-0.514368
-0.512502
-0.510124
-0.507306
-0.50413
-0.500673
-0.497022
-0.493219
-0.489333
-0.485398
-0.48147
-0.477601
-0.473861
-0.470311
-0.46705
-0.46415
-0.461672
-0.459648
-0.458084
-0.456993
-0.456378
-0.456259
-0.456646
-0.457536
-0.45891
-0.460689
-0.462768
-0.465011
-0.46725
-0.469304
-0.471018
-0.472252
-0.47289
-0.47284
-0.472024
-0.470436
-0.468111
-0.465132
-0.461644
-0.457849
-0.454003
-0.450401
-0.447336
-0.445017
-0.443565
-0.442969
-0.443107
-0.443808
-0.444822
-0.445954
-0.447074
-0.448054
-0.448823
-0.449362
-0.449689
-0.449849
-0.449932
-0.450024
-0.450198
-0.450526
-0.451024
-0.451684
-0.452447
-0.453256
-0.454022
-0.454701
-0.455244
-0.45563
-0.455864
-0.455938
-0.455873
-0.455678
-0.455357
-0.454922
-0.45437
-0.453674
-0.452836
-0.451815
-0.45061
-0.449174
-0.447504
-0.445546
-0.443266
-0.440522
-0.437058
-0.432417
-0.425885
-0.416597
-0.403935
-0.388605
-0.373874
-0.365533
-0.368655
-0.383259
-0.40408
-0.424907
-0.441961
-0.454288
-0.462434
-0.467399
-0.470076
-0.471166
-0.471107
-0.470211
-0.468673
-0.466601
-0.464124
-0.461311
-0.458239
-0.45499
-0.45162
-0.448142
-0.444564
-0.440848
-0.436958
-0.432879
-0.428691
-0.424612
-0.42098
-0.418198
-0.416538
-0.415984
-0.416161
-0.416414
-0.416
-0.41425
-0.410768
-0.405556
-0.399069
-0.392256
-0.386458
-0.383148
-0.383426
-0.38766
-0.395274
-0.405067
-0.415634
-0.425775
-0.434692
-0.44196
-0.447466
-0.451299
-0.453619
-0.454626
-0.454539
-0.453533
-0.4518
-0.449497
-0.44678
-0.443769
-0.440618
-0.437436
-0.434292
-0.431212
-0.428178
-0.425154
-0.422103
-0.41901
-0.415907
-0.41288
-0.410092
-0.407713
-0.405958
-0.404975
-0.404836
-0.405528
-0.406914
-0.408769
-0.410849
-0.412891
-0.414663
-0.416038
-0.416944
-0.417452
-0.417669
-0.41775
-0.417811
-0.417855
-0.417806
-0.417545
-0.41699
-0.41617
-0.41529
-0.414704
-0.414761
-0.415763
-0.417746
-0.420547
-0.423793
-0.427059
-0.429916
-0.432009
-0.433087
-0.433003
-0.431728
-0.429409
-0.426425
-0.423347
-0.420934
-0.419887
-0.420622
-0.423094
-0.426785
-0.43097
-0.434952
-0.438197
-0.440462
-0.441712
-0.442036
-0.441617
-0.440629
-0.439244
-0.437559
-0.435605
-0.433325
-0.430577
-0.427166
-0.422898
-0.417691
-0.411646
-0.405095
-0.398656
-0.393086
-0.38905
-0.386968
-0.386975
-0.389024
-0.392938
-0.398428
-0.405035
-0.412215
-0.419482
-0.426474
-0.43298
-0.438766
-0.443559
-0.446897
-0.448326
-0.447514
-0.444529
-0.440184
-0.4361
-0.434325
-0.436368
-0.442331
-0.450852
-0.459954
-0.467963
-0.473979
-0.477745
-0.479455
-0.479436
-0.478042
-0.4756
-0.472379
-0.468567
-0.464356
-0.459885
-0.455312
-0.450772
-0.446426
-0.442424
-0.438904
-0.435976
-0.433726
-0.43221
-0.431418
-0.431318
-0.431806
-0.432766
-0.43401
-0.435382
-0.436677
-0.437668
-0.438145
-0.437847
-0.436531
-0.433936
-0.429843
-0.42419
-0.417106
-0.40909
-0.401039
-0.394185
-0.389825
-0.388883
-0.391545
-0.397192
-0.404638
-0.412527
-0.419747
-0.42548
-0.429306
-0.430993
-0.430556
-0.428245
-0.42461
-0.420617
-0.417511
-0.416525
-0.418388
-0.42297
-0.429393
-0.43645
-0.443103
-0.448654
-0.452793
-0.455509
-0.456888
-0.457128
-0.456404
-0.454893
-0.452747
-0.450115
-0.447145
-0.443968
-0.440694
-0.437432
-0.434235
-0.4311
-0.42805
-0.425001
-0.421837
-0.418382
-0.414486
-0.410025
-0.405081
-0.400068
-0.395776
-0.393142
-0.392903
-0.395189
-0.399376
-0.404328
-0.408871
-0.412193
-0.414006
-0.414602
-0.414639
-0.414913
-0.416064
-0.418318
-0.421471
-0.424962
-0.428095
-0.430207
-0.430717
-0.429191
-0.425335
-0.419014
-0.410359
-0.399882
-0.388553
-0.377825
-0.369414
-0.364759
-0.364602
-0.36871
-0.376027
-0.385113
-0.394608
-0.403451
-0.410984
-0.416823
-0.420871
-0.423161
-0.423867
-0.423256
-0.421701
-0.419641
-0.417511
-0.415705
-0.414489
-0.413965
-0.41401
-0.414348
-0.414596
-0.41437
-0.413368
-0.411439
-0.408597
-0.40504
-0.401088
-0.397147
-0.393605
-0.390749
-0.388734
-0.387541
-0.38709
-0.387226
-0.387811
-0.388745
-0.389931
-0.391294
-0.392728
-0.394131
-0.395408
-0.396477
-0.397292
-0.3978
-0.397986
-0.397828
-0.397289
-0.396401
-0.395142
-0.393533
-0.391557
-0.389177
-0.386324
-0.382873
-0.378693
-0.373659
-0.367766
-0.361159
-0.354218
-0.347565
-0.34202
-0.338421
-0.3374
-0.339149
-0.343346
-0.349341
-0.356275
-0.363389
-0.370077
-0.375965
-0.380835
-0.384619
-0.387273
-0.388811
-0.389256
-0.388604
-0.386848
-0.38392
-0.379737
-0.374189
-0.36716
-0.35862
-0.348886
-0.338868
-0.33017
-0.324913
-0.324817
-0.330236
-0.339924
-0.351646
-0.363327
-0.373571
-0.381848
-0.388128
-0.392652
-0.39573
-0.397613
-0.398524
-0.398614
-0.397991
-0.396818
-0.395231
-0.393454
-0.391724
-0.39029
-0.389346
-0.389015
-0.389273
-0.389981
-0.390897
-0.391733
-0.392229
-0.39217
-0.391476
-0.390148
-0.388336
-0.386303
-0.384403
-0.38299
-0.382368
-0.382693
-0.383943
-0.385951
-0.38844
-0.391144
-0.393847
-0.396382
-0.398677
-0.400722
-0.402544
-0.404182
-0.405695
-0.407148
-0.408598
-0.410053
-0.411561
-0.413127
-0.414786
-0.416551
-0.418422
-0.420426
-0.422546
-0.424781
-0.427092
-0.429448
-0.431787
-0.434046
-0.436111
-0.43786
-0.439142
-0.439813
-0.4397
-0.438635
-0.43652
-0.433385
-0.429447
-0.425219
-0.421451
-0.418981
-0.418482
-0.420143
-0.42361
-0.42816
-0.432975
-0.437388
-0.441073
-0.443916
-0.446064
-0.44776
-0.449274
-0.450796
-0.452439
-0.454182
-0.455904
-0.457425
-0.458534
-0.459073
-0.458901
-0.45791
-0.456015
-0.453157
-0.449248
-0.444215
-0.438025
-0.43075
-0.42262
-0.414042
-0.405653
-0.398265
-0.392765
-0.390019
-0.390674
-0.394964
-0.402563
-0.412632
-0.423986
-0.435388
-0.445806
-0.454517
-0.461147
-0.465586
-0.46793
-0.468479
-0.467612
-0.465846
-0.463695
-0.461684
-0.460196
-0.459402
-0.459289
-0.459678
-0.460265
-0.460813
-0.461112
-0.461073
-0.46068
-0.459968
-0.458991
-0.457804
-0.456447
-0.454933
-0.453254
-0.45141
-0.449381
-0.447143
-0.444726
-0.442166
-0.439537
-0.43698
-0.434607
-0.432559
-0.430926
-0.429781
-0.429125
-0.428897
-0.428948
-0.429111
-0.429166
-0.428862
-0.427916
-0.426011
-0.422827
-0.418094
-0.411696
-0.403868
-0.395403
-0.387756
-0.382713
-0.381745
-0.385211
-0.392202
-0.401026
-0.409999
-0.417947
-0.424254
-0.428705
-0.431304
-0.43209
-0.431133
-0.428452
-0.424099
-0.418207
-0.411072
-0.403237
-0.395482
-0.388649
-0.383447
-0.380276
-0.379128
-0.379742
-0.381766
-0.384883
-0.388775
-0.39314
-0.397698
-0.402175
-0.406429
-0.410361
-0.413931
-0.417148
-0.419999
-0.422488
-0.424575
-0.42622
-0.427398
-0.428085
-0.428284
-0.428007
-0.427306
-0.426238
-0.424944
-0.423546
-0.422203
-0.421068
-0.420278
-0.419904
-0.419939
-0.420331
-0.420965
-0.421693
-0.422373
-0.422883
-0.423144
-0.423127
-0.422824
-0.422249
-0.421436
-0.420452
-0.419336
-0.41813
-0.416838
-0.41549
-0.414105
-0.412696
-0.411281
-0.40993
-0.408669
-0.40764
-0.406969
-0.406795
-0.407253
-0.408419
-0.410305
-0.41283
-0.415817
-0.419
-0.422087
-0.424817
-0.426933
-0.428274
-0.42874
-0.428312
-0.427032
-0.425004
-0.422365
-0.419232
-0.415682
-0.411702
-0.40716
-0.40189
-0.395747
-0.388677
-0.380874
-0.372856
-0.365431
-0.35964
-0.356471
-0.356527
-0.359776
-0.365583
-0.372916
-0.380711
-0.388125
-0.394624
-0.399985
-0.404163
-0.407251
-0.409397
-0.410781
-0.411548
-0.411815
-0.411701
-0.411251
-0.410515
-0.409479
-0.408111
-0.406369
-0.404189
-0.401521
-0.398353
-0.394701
-0.390649
-0.386377
-0.382119
-0.378179
-0.374866
-0.372446
-0.371041
-0.37067
-0.371237
-0.3726
-0.374634
-0.377196
-0.380201
-0.383572
-0.38721
-0.390959
-0.3946
-0.397849
-0.400325
-0.401623
-0.401347
-0.399182
-0.395052
-0.389294
-0.382786
-0.376877
-0.372981
-0.371981
-0.3738
-0.377493
-0.38176
-0.385491
-0.388006
-0.389032
-0.388535
-0.386627
-0.383478
-0.379305
-0.374402
-0.369261
-0.364658
-0.361609
-0.361201
-0.364091
-0.370132
-0.378358
-0.387336
-0.395736
-0.402662
-0.407719
-0.410944
-0.412631
-0.413196
-0.413087
-0.412664
-0.412228
-0.41197
-0.411953
-0.412232
-0.412769
-0.413563
-0.414637
-0.416044
-0.417777
-0.419821
-0.422091
-0.424442
-0.426719
-0.428799
-0.43059
-0.432067
-0.43324
-0.434141
-0.434814
-0.435289
-0.435594
-0.435815
-0.43604
-0.43642
-0.437103
-0.438214
-0.439801
-0.441841
-0.444205
-0.446727
-0.44923
-0.451607
-0.453781
-0.455719
-0.457422
-0.458931
-0.460265
-0.461462
-0.462579
-0.463678
-0.46485
-0.466197
-0.467796
-0.469715
-0.471971
-0.474518
-0.47729
-0.48015
-0.482971
-0.485618
-0.48795
-0.489836
-0.491146
-0.491692
-0.491265
-0.489583
-0.486279
-0.480911
-0.47299
-0.462177
-0.448511
-0.432802
-0.41683
-0.403151
-0.394181
-0.391065
-0.393256
-0.399123
-0.40688
-0.415187
-0.423302
-0.430944
-0.438054
-0.444732
-0.451061
-0.457064
-0.462721
-0.467958
-0.472663
-0.476694
-0.47994
-0.482311
-0.483805
-0.484426
-0.484228
-0.483325
-0.481889
-0.480105
-0.478202
-0.47639
-0.47486
-0.473734
-0.473064
-0.472787
-0.472795
-0.472948
-0.473082
-0.47309
-0.47289
-0.472445
-0.471762
-0.47089
-0.469876
-0.468754
-0.467598
-0.466461
-0.46538
-0.464399
-0.463536
-0.462798
-0.462164
-0.461626
-0.461169
-0.460742
-0.460332
-0.459912
-0.459485
-0.459061
-0.458652
-0.458302
-0.458047
-0.457904
-0.457888
-0.457994
-0.458159
-0.458319
-0.45833
-0.458057
-0.457336
-0.45603
-0.454056
-0.451446
-0.448372
-0.445164
-0.442272
-0.440049
-0.438683
-0.438052
-0.43771
-0.437039
-0.435424
-0.432478
-0.428172
-0.422987
-0.417823
-0.413847
-0.412085
-0.412987
-0.416264
-0.42109
-0.426453
-0.431535
-0.435829
-0.439097
-0.441335
-0.442637
-0.443152
-0.443017
-0.442371
-0.441339
-0.440023
-0.438503
-0.436852
-0.435141
-0.433418
-0.431723
-0.430075
-0.428465
-0.42688
-0.425256
-0.423506
-0.42152
-0.419155
-0.416293
-0.412794
-0.408586
-0.403683
-0.398221
-0.392498
-0.386949
-0.382032
-0.378212
-0.375711
-0.374534
-0.374448
-0.375066
-0.375998
-0.376941
-0.377706
-0.378232
-0.378541
-0.378729
-0.378952
-0.379406
-0.380296
-0.381779
-0.383928
-0.386677
-0.389856
-0.39322
-0.396558
-0.399682
-0.402505
-0.404984
-0.407104
-0.408884
-0.410313
-0.411356
-0.411946
-0.412037
-0.411542
-0.410408
-0.408633
-0.406182
-0.403086
-0.399455
-0.395445
-0.391321
-0.387437
-0.38418
-0.381865
-0.380685
-0.380616
-0.381471
-0.382947
-0.384762
-0.386706
-0.388656
-0.390578
-0.392486
-0.394374
-0.396263
-0.398142
-0.399969
-0.401701
-0.403276
-0.404617
-0.405649
-0.406292
-0.406491
-0.406184
-0.405369
-0.404078
-0.402434
-0.400599
-0.398799
-0.397215
-0.395998
-0.395143
-0.394486
-0.393735
-0.392515
-0.390445
-0.387218
-0.38268
-0.376919
-0.370311
-0.363552
-0.357518
-0.353049
-0.35069
-0.35054
-0.352307
-0.355639
-0.360233
-0.365901
-0.372499
-0.379782
-0.387395
-0.394878
-0.401806
-0.407855
-0.412826
-0.4167
-0.419556
-0.421547
-0.422866
-0.4237
-0.424179
-0.42442
-0.424482
-0.424402
-0.424147
-0.423706
-0.423021
-0.422041
-0.420688
-0.418927
-0.416675
-0.413947
-0.410748
-0.407248
-0.40365
-0.400324
-0.397668
-0.396062
-0.395738
-0.396725
-0.398835
-0.401711
-0.404986
-0.408309
-0.411456
-0.414318
-0.416856
-0.419086
-0.421058
-0.42281
-0.424388
-0.425816
-0.427084
-0.428178
-0.42906
-0.429673
-0.429982
-0.429914
-0.429411
-0.428435
-0.42696
-0.425
-0.42265
-0.420037
-0.41735
-0.414836
-0.412758
-0.411322
-0.410706
-0.410987
-0.412153
-0.414122
-0.416749
-0.419838
-0.423188
-0.426591
-0.429865
-0.432891
-0.435566
-0.437838
-0.439691
-0.441064
-0.441957
-0.442357
-0.442263
-0.4417
-0.440715
-0.439381
-0.437834
-0.436232
-0.434771
-0.433663
-0.433097
-0.433236
-0.434172
-0.435959
-0.438579
-0.441957
-0.445998
-0.450546
-0.455432
-0.460474
-0.465477
-0.470294
-0.474796
-0.478836
-0.482338
-0.485204
-0.487371
-0.488766
-0.489358
-0.489093
-0.487944
-0.485929
-0.483063
-0.479434
-0.475168
-0.470452
-0.465509
-0.46069
-0.456336
-0.452815
-0.450453
-0.449473
-0.449939
-0.451772
-0.454704
-0.458314
-0.46212
-0.465609
-0.468324
-0.469913
-0.470185
-0.469115
-0.466936
-0.464075
-0.46108
-0.45857
-0.457095
-0.456975
-0.458241
-0.460673
-0.463941
-0.467647
-0.47139
-0.474849
-0.477745
-0.479874
-0.481075
-0.481245
-0.480347
-0.478412
-0.475576
-0.472046
-0.468154
-0.464318
-0.461013
-0.458693
-0.457708
-0.458244
-0.460205
-0.463257
-0.466854
-0.470395
-0.473292
-0.475016
-0.475253
-0.473894
-0.47102
-0.466991
-0.462396
-0.457978
-0.45454
-0.452708
-0.45278
-0.454614
-0.457732
-0.461533
-0.465425
-0.46898
-0.471928
-0.474174
-0.475707
-0.476592
-0.47692
-0.476774
-0.476265
-0.475464
-0.474389
-0.473091
-0.471582
-0.469836
-0.467832
-0.465547
-0.462971
-0.460129
-0.457054
-0.453814
-0.45053
-0.447332
-0.444351
-0.441716
-0.43952
-0.437773
-0.436468
-0.435505
-0.434766
-0.434068
-0.433181
-0.431886
-0.429986
-0.427418
-0.424311
-0.42113
-0.418562
-0.417488
-0.418543
-0.421921
-0.427173
-0.433463
-0.439846
-0.445593
-0.450248
-0.453651
-0.455797
-0.45682
-0.456859
-0.456074
-0.454625
-0.452648
-0.450254
-0.447545
-0.444586
-0.441454
-0.438238
-0.43513
-0.432358
-0.430261
-0.429179
-0.429308
-0.43062
-0.432837
-0.435558
-0.438331
-0.440833
-0.442855
-0.444374
-0.445485
-0.446334
-0.447131
-0.448016
-0.449122
-0.450516
-0.452153
-0.454016
-0.455976
-0.45792
-0.459775
-0.46147
-0.463044
-0.464531
-0.466027
-0.467602
-0.46934
-0.471275
-0.473385
-0.475612
-0.477873
-0.480062
-0.482073
-0.483828
-0.485218
-0.486177
-0.486615
-0.486464
-0.485594
-0.483923
-0.481362
-0.47785
-0.473402
-0.468144
-0.462319
-0.456351
-0.450739
-0.445949
-0.442315
-0.439853
-0.438351
-0.43747
-0.436918
-0.436581
-0.436505
-0.436779
-0.437392
-0.438159
-0.438687
-0.438582
-0.437554
-0.435526
-0.43266
-0.429304
-0.425952
-0.42306
-0.421002
-0.419994
-0.420044
-0.421057
-0.422839
-0.425176
-0.427847
-0.430651
-0.433395
-0.435918
-0.438078
-0.439802
-0.441033
-0.441763
-0.44199
-0.441722
-0.440994
-0.43982
-0.438241
-0.436281
-0.433978
-0.431399
-0.428613
-0.425718
-0.422839
-0.42009
-0.417577
-0.415402
-0.413593
-0.412154
-0.411039
-0.410154
-0.409401
-0.408686
-0.407932
-0.407142
-0.40634
-0.405623
-0.405113
-0.404982
-0.405336
-0.406261
-0.40775
-0.409681
-0.41189
-0.414142
-0.41625
-0.418041
-0.419373
-0.420157
-0.420325
-0.419882
-0.418821
-0.417174
-0.415018
-0.412426
-0.409543
-0.406488
-0.403442
-0.400595
-0.398152
-0.396246
-0.394959
-0.394299
-0.394189
-0.394508
-0.395065
-0.395663
-0.396078
-0.396156
-0.395804
-0.395066
-0.394141
-0.393376
-0.393237
-0.394159
-0.396441
-0.400121
-0.404988
-0.410672
-0.416776
-0.422948
-0.428953
-0.434657
-0.43995
-0.444743
-0.448926
-0.452344
-0.454794
-0.456057
-0.455862
-0.453927
-0.449988
-0.443842
-0.435399
-0.424885
-0.412892
-0.400474
-0.389
-0.379876
-0.374163
-0.372308
-0.374202
-0.379311
-0.386783
-0.395651
-0.404954
-0.413842
-0.421717
-0.42816
-0.432969
-0.436088
-0.437548
-0.437487
-0.436093
-0.433611
-0.430348
-0.426625
-0.422791
-0.419176
-0.416067
-0.413701
-0.412162
-0.411445
-0.411436
-0.411991
-0.412958
-0.4142
-0.415635
-0.417203
-0.418912
-0.42074
-0.422651
-0.424596
-0.426516
-0.428309
-0.429901
-0.431198
-0.432114
-0.432577
-0.432532
-0.431904
-0.430659
-0.428737
-0.426143
-0.422955
-0.419351
-0.41566
-0.412311
-0.409804
-0.408556
-0.408771
-0.410343
-0.412951
-0.416131
-0.41946
-0.422626
-0.425496
-0.428042
-0.430363
-0.432553
-0.434696
-0.436794
-0.438775
-0.440514
-0.441782
-0.442336
-0.441936
-0.440389
-0.4376
-0.43361
-0.428635
-0.423048
-0.417384
-0.412252
-0.408187
-0.405546
-0.404495
-0.404925
-0.406623
-0.409303
-0.412694
-0.416549
-0.420592
-0.42455
-0.42815
-0.431205
-0.433589
-0.43531
-0.436416
-0.437005
-0.437156
-0.436872
-0.436168
-0.435015
-0.433429
-0.431515
-0.429488
-0.4277
-0.426557
-0.426376
-0.427307
-0.429263
-0.431924
-0.434892
-0.437761
-0.440233
-0.442146
-0.443449
-0.444207
-0.444521
-0.444487
-0.444215
-0.443792
-0.443269
-0.442668
-0.442018
-0.441321
-0.440584
-0.439818
-0.439039
-0.438259
-0.437488
-0.436742
-0.436039
-0.435376
-0.434772
-0.434214
-0.43373
-0.43333
-0.432983
-0.432717
-0.432525
-0.432388
-0.432303
-0.432264
-0.43226
-0.432292
-0.432336
-0.43241
-0.432481
-0.432542
-0.432599
-0.432666
-0.432728
-0.432794
-0.432871
-0.432968
-0.433109
-0.433271
-0.433463
-0.43366
-0.43382
-0.433878
-0.43372
-0.433228
-0.432206
-0.430487
-0.427891
-0.424321
-0.419847
-0.414804
-0.409874
-0.406012
-0.404182
-0.404956
-0.408244
-0.413303
-0.419046
-0.424422
-0.42867
-0.431369
-0.432327
-0.431564
-0.429188
-0.425362
-0.420297
-0.414297
-0.407739
-0.401122
-0.395055
-0.390227
-0.387322
-0.386843
-0.388975
-0.393479
-0.399757
-0.407001
-0.414459
-0.42154
-0.427854
-0.433187
-0.437489
-0.440774
-0.443095
-0.444488
-0.445008
-0.444688
-0.443552
-0.441677
-0.439115
-0.435972
-0.4324
-0.4286
-0.424833
-0.42136
-0.418419
-0.416196
-0.414788
-0.4142
-0.414288
-0.414855
-0.415646
-0.416376
-0.416731
-0.416447
-0.415384
-0.413495
-0.410958
-0.408178
-0.405793
-0.404557
-0.405096
-0.407643
-0.411946
-0.417314
-0.42292
-0.428028
-0.432192
-0.435193
-0.437053
-0.437906
-0.437951
-0.437409
-0.436488
-0.435397
-0.434328
-0.433393
-0.432718
-0.432354
-0.432292
-0.432506
-0.432935
-0.433463
-0.434027
-0.434523
-0.434919
-0.435166
-0.435242
-0.435165
-0.434966
-0.434684
-0.434391
-0.434119
-0.433921
-0.433824
-0.433836
-0.433931
-0.434108
-0.434285
-0.434396
-0.434366
-0.434101
-0.43355
-0.43266
-0.431435
-0.429896
-0.428148
-0.426345
-0.424701
-0.42344
-0.422746
-0.422759
-0.423497
-0.424896
-0.426846
-0.429234
-0.431938
-0.434852
-0.437854
-0.440815
-0.443555
-0.445881
-0.447633
-0.448668
-0.448959
-0.448489
-0.4473
-0.445384
-0.442681
-0.439048
-0.43436
-0.428655
-0.422306
-0.416135
-0.411247
-0.40869
-0.408964
-0.411832
-0.416529
-0.42213
-0.427895
-0.433375
-0.438323
-0.442607
-0.446142
-0.448818
-0.450551
-0.451236
-0.450841
-0.449377
-0.446958
-0.443851
-0.440515
-0.437494
-0.435371
-0.434633
-0.435495
-0.437875
-0.441442
-0.445773
-0.450371
-0.454792
-0.458596
-0.461425
-0.462985
-0.463099
-0.461735
-0.458962
-0.454985
-0.450121
-0.444764
-0.439331
-0.434265
-0.42992
-0.426642
-0.424658
-0.424039
-0.424671
-0.426239
-0.428305
-0.430322
-0.431768
-0.432229
-0.431501
-0.42962
-0.426906
-0.42389
-0.421172
-0.419228
-0.418224
-0.417909
-0.417644
-0.416604
-0.414004
-0.409394
-0.402994
-0.395772
-0.389381
-0.385738
-0.386238
-0.391151
-0.39955
-0.409827
-0.42037
-0.430041
-0.438321
-0.445172
-0.450824
-0.455588
-0.459713
-0.463309
-0.466424
-0.468989
-0.470951
-0.47222
-0.472744
-0.472512
-0.471515
-0.469744
-0.467216
-0.463922
-0.459916
-0.455209
-0.449861
-0.443942
-0.437565
-0.430891
-0.424128
-0.417463
-0.411145
-0.405353
-0.400257
-0.395966
-0.392523
-0.389915
-0.38807
-0.386848
-0.386108
-0.385658
-0.385365
-0.385106
-0.384816
-0.384497
-0.384214
-0.38407
-0.384185
-0.384672
-0.385582
-0.38688
-0.388454
-0.390081
-0.391541
-0.392565
-0.392959
-0.39259
-0.39145
-0.389602
-0.38723
-0.384574
-0.381915
-0.379509
-0.377567
-0.376183
-0.375317
-0.374821
-0.374429
-0.373842
-0.372767
-0.370953
-0.36829
-0.364811
-0.360756
-0.356621
-0.353017
-0.350615
-0.349851
-0.350798
-0.353147
-0.356341
-0.359766
-0.362932
-0.36552
-0.367399
-0.368552
-0.369064
-0.369031
-0.368607
-0.367868
-0.366941
-0.36593
-0.364913
-0.363964
-0.363147
-0.362516
-0.362108
-0.36194
-0.362024
-0.362372
-0.362941
-0.363704
-0.364632
-0.365649
-0.366691
-0.367712
-0.368601
-0.369269
-0.369612
-0.369516
-0.368847
-0.367467
-0.365224
-0.361943
-0.357483
-0.351732
-0.3447
-0.336555
-0.327684
-0.318809
-0.310976
-0.305344
-0.302912
-0.30409
-0.308521
-0.315238
-0.323084
-0.331008
-0.338272
-0.344415
-0.349252
-0.352717
-0.354867
-0.355774
-0.355589
-0.354466
-0.352566
-0.35007
-0.347154
-0.344007
-0.340814
-0.337728
-0.334914
-0.332476
-0.330485
-0.328961
-0.327866
-0.32714
-0.326679
-0.326402
-0.326258
-0.326242
-0.326433
-0.326923
-0.327833
-0.329285
-0.331308
-0.333913
-0.336974
-0.340334
-0.343787
-0.347131
-0.350181
-0.352785
-0.354814
-0.35619
-0.356816
-0.356617
-0.355505
-0.353406
-0.350278
-0.346133
-0.34112
-0.335661
-0.330425
-0.326281
-0.324099
-0.324418
-0.327207
-0.331886
-0.337559
-0.343353
-0.348591
-0.352929
-0.356237
-0.358519
-0.359905
-0.360521
-0.360487
-0.359922
-0.358949
-0.357672
-0.356189
-0.354585
-0.352943
-0.351299
-0.349674
-0.348025
-0.346294
-0.344436
-0.342414
-0.34026
-0.338103
-0.336129
-0.334497
-0.333335
-0.332609
-0.332167
-0.331753
-0.331095
-0.329958
-0.328189
-0.325774
-0.322781
-0.319413
-0.315963
-0.312804
-0.310341
-0.308968
-0.308949
-0.310408
-0.313228
-0.317131
-0.321673
-0.326373
-0.330799
-0.33463
-0.337703
-0.33999
-0.341617
-0.34278
-0.343686
-0.344535
-0.34543
-0.34639
-0.347356
-0.348207
-0.348836
-0.349148
-0.349124
-0.348756
-0.348094
-0.34721
-0.346169
-0.345045
-0.343879
-0.342701
-0.341508
-0.34033
-0.339179
-0.338095
-0.337115
-0.336277
-0.335628
-0.335194
-0.334992
-0.334967
-0.335097
-0.33531
-0.335532
-0.335726
-0.335856
-0.335901
-0.335874
-0.335812
-0.335753
-0.335734
-0.335772
-0.335866
-0.335997
-0.336107
-0.336157
-0.336101
-0.335918
-0.335642
-0.335314
-0.335042
-0.334944
-0.33509
-0.335564
-0.336322
-0.33728
-0.33823
-0.338947
-0.339232
-0.338903
-0.337906
-0.336295
-0.334278
-0.332159
-0.330313
-0.32913
-0.328893
-0.329744
-0.331613
-0.334309
-0.337575
-0.341124
-0.344716
-0.348145
-0.351299
-0.354082
-0.356433
-0.358272
-0.359572
-0.360265
-0.360315
-0.359695
-0.35841
-0.356508
-0.354096
-0.35134
-0.348476
-0.345723
-0.343292
-0.341339
-0.33995
-0.339138
-0.338856
-0.339104
-0.339798
-0.340887
-0.342283
-0.343844
-0.345438
-0.346922
-0.348203
-0.349236
-0.350006
-0.350527
-0.350809
-0.35083
-0.350514
-0.349731
-0.348392
-0.346405
-0.343803
-0.340797
-0.337778
-0.335292
-0.333867
-0.333843
-0.335331
-0.338019
-0.341466
-0.345148
-0.348678
-0.351813
-0.354457
-0.35664
-0.358423
-0.359909
-0.361168
-0.362257
-0.363206
-0.364025
-0.364693
-0.365198
-0.36548
-0.365514
-0.365251
-0.364707
-0.363829
-0.36267
-0.361227
-0.359588
-0.357834
-0.356099
-0.354546
-0.353363
-0.352693
-0.3527
-0.35347
-0.355037
-0.357349
-0.36028
-0.36365
-0.367261
-0.370909
-0.374403
-0.377619
-0.380471
-0.382891
-0.384891
-0.386501
-0.387742
-0.38867
-0.3893
-0.389643
-0.38964
-0.389214
-0.38822
-0.386517
-0.383973
-0.380544
-0.376329
-0.37165
-0.367064
-0.363232
-0.360803
-0.360134
-0.361155
-0.363443
-0.366374
-0.369344
-0.371918
-0.37383
-0.375046
-0.37565
-0.375817
-0.375765
-0.375731
-0.375887
-0.376383
-0.377268
-0.378536
-0.380117
-0.381924
-0.383835
-0.385762
-0.387618
-0.389331
-0.390864
-0.392201
-0.393345
-0.394273
-0.395042
-0.395651
-0.396122
-0.39648
-0.396729
-0.396877
-0.3969
-0.39678
-0.396485
-0.395953
-0.395135
-0.393965
-0.392354
-0.390252
-0.387618
-0.384464
-0.380832
-0.376891
-0.372871
-0.369081
-0.365767
-0.363139
-0.361259
-0.360077
-0.359402
-0.359089
-0.359036
-0.35924
-0.359738
-0.360554
-0.361701
-0.363114
-0.36465
-0.366109
-0.367335
-0.368227
-0.36873
-0.368914
-0.368874
-0.368789
-0.36882
-0.369111
-0.369773
-0.370843
-0.372299
-0.374012
-0.375827
-0.377547
-0.379001
-0.380032
-0.380544
-0.380488
-0.379915
-0.378907
-0.377639
-0.376332
-0.375259
-0.37466
-0.374695
-0.37539
-0.376594
-0.378049
-0.37942
-0.380393
-0.380796
-0.380561
-0.379832
-0.37881
-0.377776
-0.376991
-0.376662
-0.376952
-0.377968
-0.379763
-0.382299
-0.385461
-0.389022
-0.39269
-0.396147
-0.399132
-0.401452
-0.402983
-0.403686
-0.40356
-0.402642
-0.400977
-0.398642
-0.395679
-0.39218
-0.388234
-0.383992
-0.379617
-0.375339
-0.371431
-0.368172
-0.365808
-0.364582
-0.364547
-0.365716
-0.367952
-0.371057
-0.374786
-0.37891
-0.383172
-0.387363
-0.391286
-0.394761
-0.397631
-0.399747
-0.400967
-0.401191
-0.40033
-0.398369
-0.395322
-0.39133
-0.386643
-0.381661
-0.37689
-0.372839
-0.369962
-0.368496
-0.368446
-0.369604
-0.371588
-0.374027
-0.376584
-0.379044
-0.381263
-0.383176
-0.384773
-0.386061
-0.387058
-0.387818
-0.388389
-0.388817
-0.389167
-0.389474
-0.389801
-0.390143
-0.390543
-0.390999
-0.391502
-0.392052
-0.392627
-0.39321
-0.393763
-0.394258
-0.394644
-0.394872
-0.394891
-0.394657
-0.394103
-0.393211
-0.391944
-0.390297
-0.388278
-0.385963
-0.38343
-0.380804
-0.378257
-0.375955
-0.374063
-0.372761
-0.372134
-0.372225
-0.373009
-0.374399
-0.376292
-0.378538
-0.381007
-0.383564
-0.38609
-0.388461
-0.390554
-0.39228
-0.393579
-0.394417
-0.394853
-0.394995
-0.395072
-0.395356
-0.396076
-0.397398
-0.399314
-0.401631
-0.404081
-0.40632
-0.408098
-0.409245
-0.409703
-0.409499
-0.408681
-0.407259
-0.405214
-0.402522
-0.399129
-0.395064
-0.390506
-0.38583
-0.38164
-0.378706
-0.377706
-0.379108
-0.382958
-0.388901
-0.39625
-0.404202
-0.411914
-0.418731
-0.42416
-0.427963
-0.430037
-0.430419
-0.429192
-0.42652
-0.422605
-0.417744
-0.412327
-0.406784
-0.401672
-0.397494
-0.394625
-0.393247
-0.393301
-0.394512
-0.396577
-0.399218
-0.402225
-0.405446
-0.408763
-0.412051
-0.415132
-0.417806
-0.419805
-0.42079
-0.420417
-0.418399
-0.414688
-0.4096
-0.403973
-0.398981
-0.395874
-0.395478
-0.397847
-0.40231
-0.407851
-0.413511
-0.418636
-0.422885
-0.426166
-0.428518
-0.430054
-0.430866
-0.431063
-0.430755
-0.43003
-0.42893
-0.42752
-0.425835
-0.423902
-0.421737
-0.41936
-0.416772
-0.413946
-0.410879
-0.407567
-0.403976
-0.400103
-0.395937
-0.391464
-0.386695
-0.381632
-0.376278
-0.370668
-0.36489
-0.359149
-0.353793
-0.349313
-0.346273
-0.345126
-0.346065
-0.34892
-0.353144
-0.358025
-0.362875
-0.367201
-0.370771
-0.373653
-0.376029
-0.378145
-0.380139
-0.382008
-0.383618
-0.384782
-0.385297
-0.385058
-0.384033
-0.38233
-0.380104
-0.377567
-0.374963
-0.372544
-0.370479
-0.368902
-0.367861
-0.367345
-0.367271
-0.367531
-0.368042
-0.368685
-0.36941
-0.370158
-0.370904
-0.371663
-0.372409
-0.373151
-0.373884
-0.374614
-0.375322
-0.375983
-0.376557
-0.377
-0.377248
-0.377204
-0.376753
-0.375777
-0.374142
-0.371723
-0.368369
-0.364015
-0.358685
-0.352501
-0.345747
-0.338833
-0.332259
-0.326496
-0.321957
-0.318944
-0.31762
-0.318115
-0.320514
-0.324818
-0.330888
-0.338377
-0.346736
-0.355312
-0.363486
-0.370814
-0.377066
-0.382172
-0.386219
-0.389309
-0.39155
-0.393006
-0.39367
-0.393479
-0.39234
-0.39019
-0.386999
-0.382903
-0.378155
-0.373166
-0.368434
-0.364502
-0.361822
-0.360657
-0.36113
-0.36311
-0.366183
-0.369704
-0.372836
-0.374757
-0.374803
-0.372598
-0.368201
-0.362036
-0.354775
-0.347373
-0.34095
-0.336832
-0.336406
-0.340636
-0.349444
-0.361564
-0.375075
-0.388163
-0.399644
-0.408959
-0.41604
-0.421024
-0.42413
-0.425566
-0.425545
-0.424227
-0.421778
-0.418408
-0.414344
-0.40981
-0.405029
-0.400204
-0.395507
-0.391011
-0.386792
-0.382826
-0.379145
-0.375792
-0.372883
-0.370597
-0.369129
-0.368609
-0.369038
-0.370245
-0.371865
-0.373409
-0.374388
-0.374345
-0.373038
-0.370428
-0.366711
-0.362372
-0.358172
-0.354998
-0.353701
-0.354769
-0.358142
-0.36323
-0.369115
-0.374926
-0.380006
-0.384017
-0.386858
-0.388612
-0.389404
-0.389403
-0.388779
-0.38762
-0.386051
-0.384109
-0.381843
-0.37923
-0.376224
-0.372722
-0.368563
-0.363513
-0.357263
-0.349535
-0.34015
-0.329278
-0.317722
-0.306959
-0.298897
-0.29496
-0.295238
-0.298374
-0.302382
-0.305597
-0.307331
-0.307824
-0.307916
-0.308593
-0.310554
-0.313952
-0.318465
-0.323435
-0.328253
-0.332502
-0.33594
-0.338531
-0.340338
-0.341493
-0.3421
-0.342241
-0.342
-0.341419
-0.340509
-0.339276
-0.337698
-0.335778
-0.333537
-0.331027
-0.328376
-0.325788
-0.32352
-0.321847
-0.321021
-0.321137
-0.322143
-0.323818
-0.325805
-0.327689
-0.329091
-0.329655
-0.329187
-0.327661
-0.325294
-0.322645
-0.320559
-0.319885
-0.321256
-0.324757
-0.329866
-0.33567
-0.341196
-0.34562
-0.348386
-0.349185
-0.347856
-0.344361
-0.338785
-0.331368
-0.322561
-0.31305
-0.303764
-0.29578
-0.290066
-0.287312
-0.287539
-0.290121
-0.293976
-0.297991
-0.301372
-0.303795
-0.30539
-0.306644
-0.308144
-0.310416
-0.313824
-0.318428
-0.324058
-0.330345
-0.336888
-0.343278
-0.349142
-0.354235
-0.35842
-0.361654
-0.363981
-0.365509
-0.366364
-0.366723
-0.366739
-0.366517
-0.36613
-0.365648
-0.365063
-0.364369
-0.363559
-0.3626
-0.361453
-0.360106
-0.358539
-0.356737
-0.35468
-0.352367
-0.349806
-0.346983
-0.343911
-0.340601
-0.337082
-0.333407
-0.32964
-0.325876
-0.322283
-0.319057
-0.316467
-0.314835
-0.314421
-0.315354
-0.317537
-0.320652
-0.32421
-0.327675
-0.330584
-0.332604
-0.33355
-0.333417
-0.332298
-0.330416
-0.328037
-0.325421
-0.322828
-0.320403
-0.318226
-0.316342
-0.314749
-0.313435
-0.312403
-0.311615
-0.311031
-0.310561
-0.310122
-0.309646
-0.309057
-0.308246
-0.307023
-0.305209
-0.302819
-0.300222
-0.298186
-0.297629
-0.299102
-0.302409
-0.30668
-0.310779
-0.313815
-0.315355
-0.31546
-0.314536
-0.313145
-0.311829
-0.311032
-0.311028
-0.311922
-0.313647
-0.316026
-0.318832
-0.321817
-0.324761
-0.327471
-0.32983
-0.331729
-0.333123
-0.333954
-0.334231
-0.333923
-0.332987
-0.331401
-0.32908
-0.325962
-0.321989
-0.317156
-0.311572
-0.305578
-0.299783
-0.294997
-0.292079
-0.291638
-0.293741
-0.297896
-0.303277
-0.309031
-0.314502
-0.319376
-0.323524
-0.32702
-0.329963
-0.332465
-0.334605
-0.33642
-0.33788
-0.338898
-0.33934
-0.339052
-0.337843
-0.335544
-0.332024
-0.327247
-0.321363
-0.314714
-0.307864
-0.301469
-0.296132
-0.292207
-0.289737
-0.288539
-0.28833
-0.288831
-0.289862
-0.291259
-0.292925
-0.294811
-0.29695
-0.299503
-0.302693
-0.306663
-0.311349
-0.316405
-0.321329
-0.325581
-0.328814
-0.33091
-0.331987
-0.332267
-0.332058
-0.331612
-0.331162
-0.330832
-0.330684
-0.330768
-0.331039
-0.331438
-0.331864
-0.332157
-0.332108
-0.331517
-0.330173
-0.328
-0.325079
-0.321838
-0.318943
-0.317265
-0.317599
-0.320399
-0.325657
-0.332897
-0.341367
-0.350234
-0.358728
-0.366256
-0.372457
-0.377162
-0.380394
-0.382198
-0.382685
-0.381886
-0.379787
-0.376277
-0.371214
-0.364415
-0.355826
-0.345692
-0.334754
-0.324257
-0.315773
-0.310598
-0.309275
-0.31146
-0.316249
-0.322675
-0.329974
-0.337616
-0.34524
-0.352521
-0.359176
-0.36495
-0.369688
-0.373345
-0.375952
-0.377654
-0.378564
-0.378841
-0.378626
-0.377991
-0.376999
-0.375683
-0.374055
-0.372117
-0.369844
-0.367178
-0.364016
-0.360156
-0.355293
-0.349034
-0.341008
-0.331162
-0.32029
-0.310437
-0.304663
-0.305591
-0.313583
-0.326327
-0.340316
-0.352728
-0.362146
-0.368317
-0.37162
-0.372639
-0.371971
-0.370165
-0.367683
-0.364926
-0.362233
-0.359882
-0.35807
-0.356946
-0.356564
-0.356917
-0.357906
-0.359412
-0.361257
-0.363249
-0.365187
-0.366866
-0.368106
-0.368718
-0.368526
-0.367407
-0.365301
-0.362228
-0.35843
-0.354318
-0.35053
-0.347778
-0.346638
-0.347361
-0.349737
-0.353215
-0.357109
-0.360786
-0.363843
-0.366067
-0.367401
-0.36792
-0.367714
-0.366923
-0.365648
-0.36398
-0.361996
-0.359695
-0.357085
-0.35408
-0.350571
-0.346402
-0.341422
-0.335494
-0.328563
-0.320747
-0.312405
-0.304158
-0.296809
-0.291151
-0.28771
-0.286598
-0.287583
-0.290227
-0.29422
-0.299362
-0.305513
-0.312508
-0.320082
-0.327883
-0.33557
-0.342792
-0.349306
-0.354928
-0.359558
-0.363133
-0.365629
-0.367052
-0.367445
-0.366883
-0.365502
-0.36347
-0.361039
-0.358525
-0.356262
-0.354575
-0.353697
-0.353702
-0.354558
-0.356057
-0.35794
-0.359927
-0.361787
-0.36332
-0.364402
-0.364983
-0.365017
-0.364535
-0.36354
-0.36212
-0.360377
-0.358438
-0.356478
-0.354683
-0.353227
-0.35224
-0.351773
-0.351747
-0.352018
-0.3524
-0.352632
-0.352486
-0.351783
-0.350392
-0.348259
-0.345372
-0.34184
-0.337781
-0.333378
-0.328853
-0.324472
-0.320475
-0.317093
-0.314503
-0.312796
-0.311972
-0.311961
-0.312628
-0.313781
-0.315231
-0.316805
-0.318353
-0.319768
-0.320937
-0.321782
-0.322209
-0.322127
-0.321453
-0.320147
-0.318276
-0.315994
-0.313637
-0.311588
-0.310273
-0.31004
-0.311042
-0.313188
-0.316158
-0.319469
-0.322604
-0.325075
-0.32653
-0.326764
-0.325733
-0.323525
-0.320362
-0.316588
-0.312608
-0.30884
-0.305659
-0.303353
-0.302014
-0.301597
-0.301882
-0.30255
-0.303246
-0.303622
-0.303421
-0.302484
-0.300774
-0.298366
-0.295475
-0.292399
-0.289545
-0.287315
-0.286101
-0.286205
-0.287701
-0.29046
-0.294113
-0.298213
-0.302325
-0.306094
-0.309265
-0.311759
-0.313548
-0.314675
-0.315202
-0.315216
-0.314792
-0.314002
-0.312908
-0.311591
-0.310128
-0.3086
-0.307103
-0.305744
-0.304622
-0.303817
-0.303378
-0.303309
-0.303562
-0.304074
-0.304698
-0.3053
-0.305742
-0.305908
-0.305746
-0.305305
-0.304658
-0.303949
-0.30333
-0.302866
-0.302483
-0.301962
-0.30096
-0.299116
-0.296166
-0.292127
-0.287444
-0.283007
-0.280038
-0.279665
-0.282416
-0.28797
-0.295411
-0.303568
-0.311474
-0.31854
-0.324526
-0.329428
-0.333355
-0.336485
-0.339007
-0.341067
-0.342813
-0.344371
-0.34582
-0.347213
-0.348606
-0.350008
-0.351435
-0.352871
-0.35432
-0.355797
-0.357302
-0.358852
-0.360493
-0.362253
-0.364147
-0.366173
-0.368346
-0.370642
-0.373001
-0.375383
-0.377704
-0.379892
-0.381856
-0.383582
-0.38503
-0.386213
-0.387194
-0.388064
-0.388938
-0.389888
-0.390966
-0.392158
-0.393368
-0.394442
-0.395197
-0.395454
-0.395079
-0.393978
-0.39218
-0.389739
-0.386765
-0.383413
-0.379885
-0.376392
-0.373181
-0.370549
-0.368826
-0.368271
-0.369021
-0.37098
-0.373798
-0.377022
-0.380228
-0.383178
-0.385901
-0.388624
-0.39169
-0.395388
-0.399898
-0.405177
-0.411061
-0.417241
-0.423427
-0.429351
-0.434776
-0.43956
-0.443631
-0.446976
-0.449604
-0.451576
-0.452941
-0.453769
-0.45411
-0.454035
-0.4536
-0.452879
-0.451921
-0.45076
-0.449479
-0.448116
-0.446694
-0.445238
-0.443735
-0.442164
-0.440489
-0.43864
-0.436561
-0.434202
-0.43156
-0.428701
-0.425791
-0.423107
-0.420977
-0.419745
-0.41964
-0.420721
-0.422816
-0.425587
-0.428617
-0.431488
-0.433877
-0.435535
-0.436347
-0.436246
-0.435229
-0.433365
-0.430771
-0.427646
-0.424259
-0.420961
-0.418165
-0.416269
-0.415581
-0.416228
-0.418134
-0.420987
-0.42432
-0.427609
-0.430364
-0.432164
-0.432725
-0.431931
-0.429832
-0.426751
-0.423218
-0.420001
-0.417845
-0.417266
-0.418337
-0.42064
-0.423441
-0.425923
-0.427485
-0.427738
-0.426558
-0.424011
-0.420324
-0.415791
-0.410798
-0.405727
-0.400992
-0.396935
-0.3938
-0.391695
-0.390588
-0.390302
-0.390588
-0.391163
-0.391797
-0.392292
-0.392539
-0.392527
-0.392296
-0.391934
-0.391532
-0.391179
-0.390917
-0.390728
-0.390548
-0.390325
-0.389938
-0.389324
-0.388401
-0.387179
-0.385702
-0.384057
-0.382375
-0.380806
-0.379507
-0.378591
-0.378139
-0.378131
-0.37852
-0.379203
-0.380033
-0.380878
-0.381617
-0.382161
-0.382434
-0.382423
-0.3821
-0.381498
-0.380664
-0.379631
-0.378489
-0.377329
-0.376219
-0.37523
-0.374444
-0.373884
-0.37359
-0.373584
-0.373831
-0.374302
-0.374939
-0.37567
-0.376432
-0.377149
-0.377743
-0.378156
-0.378345
-0.378261
-0.377859
-0.37715
-0.376082
-0.374646
-0.372852
-0.370729
-0.36836
-0.365856
-0.363415
-0.361242
-0.359585
-0.358659
-0.358609
-0.359453
-0.3611
-0.363333
-0.365901
-0.368503
-0.370861
-0.372703
-0.373767
-0.373809
-0.372547
-0.369707
-0.36506
-0.358559
-0.350501
-0.341819
-0.334107
-0.329313
-0.328887
-0.332985
-0.340438
-0.349432
-0.3583
-0.366065
-0.37239
-0.377293
-0.381034
-0.383877
-0.386058
-0.387766
-0.389114
-0.390149
-0.390884
-0.391276
-0.391206
-0.39052
-0.389041
-0.386531
-0.3828
-0.377768
-0.371619
-0.36493
-0.35868
-0.354074
-0.352148
-0.353297
-0.357088
-0.362543
-0.368601
-0.374461
-0.379684
-0.384119
-0.387772
-0.39068
-0.392923
-0.394565
-0.395699
-0.396458
-0.396962
-0.397346
-0.397724
-0.398177
-0.398711
-0.399261
-0.399698
-0.399855
-0.39954
-0.398597
-0.396913
-0.394455
-0.391254
-0.387348
-0.38283
-0.377764
-0.372259
-0.366613
-0.361456
-0.35777
-0.356752
-0.359233
-0.365211
-0.373712
-0.383148
-0.391997
-0.39924
-0.404525
-0.408048
-0.410352
-0.412099
-0.413854
-0.415926
-0.418349
-0.420889
-0.423224
-0.425018
-0.426062
-0.426268
-0.425664
-0.424374
-0.422616
-0.420666
-0.418818
-0.417424
-0.416789
-0.417096
-0.418406
-0.420585
-0.423409
-0.426576
-0.429782
-0.432773
-0.435384
-0.437512
-0.439132
-0.440248
-0.440889
-0.441099
-0.440949
-0.440498
-0.439816
-0.438979
-0.438023
-0.437003
-0.435932
-0.434798
-0.433587
-0.43228
-0.430842
-0.429211
-0.427251
-0.424803
-0.421812
-0.418588
-0.415951
-0.415116
-0.417176
-0.422398
-0.429892
-0.438057
-0.445221
-0.45026
-0.452648
-0.452361
-0.449772
-0.445586
-0.440683
-0.435993
-0.432236
-0.429662
-0.427934
-0.426268
-0.423747
-0.419771
-0.414336
-0.408179
-0.402618
-0.399048
-0.398203
-0.399708
-0.402336
-0.404714
-0.406013
-0.406218
-0.405936
-0.406058
-0.407203
-0.409472
-0.412579
-0.416012
-0.419384
-0.422496
-0.42529
-0.427776
-0.429879
-0.431446
-0.432292
-0.43222
-0.431119
-0.428976
-0.425958
-0.422374
-0.418671
-0.415325
-0.412796
-0.411372
-0.411139
-0.411959
-0.41359
-0.415735
-0.418092
-0.420428
-0.422502
-0.424109
-0.425091
-0.425315
-0.424707
-0.423301
-0.421208
-0.41865
-0.415847
-0.41305
-0.410356
-0.407736
-0.405092
-0.40236
-0.399666
-0.397446
-0.396292
-0.396766
-0.399093
-0.402948
-0.407634
-0.412309
-0.416264
-0.419088
-0.420697
-0.421244
-0.42101
-0.420369
-0.419686
-0.419252
-0.419351
-0.420192
-0.421901
-0.424534
-0.427971
-0.431989
-0.436285
-0.440542
-0.444465
-0.447828
-0.450471
-0.452303
-0.453285
-0.453393
-0.45265
-0.451097
-0.448809
-0.445901
-0.442524
-0.438885
-0.435211
-0.431763
-0.428815
-0.426631
-0.425351
-0.425072
-0.425781
-0.427314
-0.429463
-0.431962
-0.434541
-0.436956
-0.439
-0.440589
-0.441674
-0.442293
-0.442483
-0.442309
-0.441787
-0.440859
-0.439401
-0.437296
-0.434548
-0.431397
-0.428425
-0.4265
-0.426512
-0.428961
-0.433747
-0.44016
-0.447269
-0.454184
-0.46034
-0.465489
-0.469618
-0.472867
-0.475391
-0.477396
-0.479027
-0.480389
-0.481544
-0.482518
-0.483306
-0.483871
-0.484178
-0.484177
-0.48383
-0.48311
-0.482006
-0.480544
-0.47877
-0.476759
-0.474606
-0.472433
-0.470356
-0.468476
-0.466907
-0.465754
-0.46507
-0.464856
-0.465089
-0.465673
-0.466502
-0.467468
-0.46846
-0.469382
-0.470149
-0.470719
-0.471045
-0.471103
-0.470875
-0.470327
-0.469469
-0.468281
-0.466805
-0.465087
-0.463225
-0.461341
-0.459551
-0.457995
-0.456748
-0.455812
-0.455102
-0.454425
-0.453456
-0.451845
-0.449209
-0.445222
-0.439732
-0.432906
-0.425368
-0.418194
-0.412756
-0.410317
-0.411577
-0.416308
-0.423511
-0.431772
-0.439786
-0.446592
-0.451711
-0.455027
-0.456668
-0.456917
-0.456162
-0.4548
-0.453232
-0.45174
-0.450529
-0.449641
-0.448976
-0.448359
-0.447564
-0.446422
-0.444848
-0.44286
-0.440621
-0.438387
-0.43644
-0.435011
-0.434183
-0.433922
-0.434079
-0.434478
-0.434973
-0.435465
-0.435925
-0.436376
-0.436778
-0.4371
-0.437253
-0.437036
-0.436257
-0.434656
-0.431961
-0.428026
-0.422861
-0.416753
-0.41034
-0.404623
-0.400694
-0.399438
-0.401262
-0.405869
-0.41241
-0.419774
-0.426898
-0.432927
-0.437248
-0.439468
-0.439359
-0.436799
-0.431815
-0.424751
-0.416418
-0.408176
-0.401812
-0.398812
-0.399701
-0.403772
-0.409566
-0.415601
-0.420895
-0.42503
-0.427935
-0.429706
-0.430452
-0.430258
-0.429202
-0.427434
-0.425103
-0.422414
-0.41952
-0.416575
-0.41371
-0.411069
-0.408882
-0.407448
-0.407027
-0.407709
-0.409307
-0.411404
-0.413522
-0.415253
-0.416439
-0.41717
-0.417771
-0.418603
-0.419991
-0.422092
-0.424876
-0.428165
-0.431691
-0.435178
-0.43839
-0.441136
-0.443308
-0.444844
-0.445717
-0.445948
-0.445567
-0.444606
-0.443137
-0.441234
-0.439009
-0.436594
-0.434132
-0.431798
-0.429764
-0.428174
-0.427149
-0.426772
-0.427018
-0.427869
-0.429206
-0.430886
-0.432744
-0.434626
-0.436373
-0.437886
-0.43905
-0.439813
-0.440157
-0.440086
-0.439619
-0.438793
-0.437664
-0.436265
-0.434662
-0.4329
-0.431035
-0.429147
-0.427308
-0.425612
-0.424149
-0.422983
-0.422194
-0.421824
-0.421875
-0.422347
-0.42317
-0.424331
-0.42575
-0.427372
-0.429109
-0.43095
-0.43283
-0.434741
-0.436632
-0.438463
-0.440172
-0.441644
-0.442723
-0.443173
-0.442711
-0.440975
-0.437651
-0.432609
-0.426125
-0.419055
-0.412896
-0.409257
-0.409094
-0.412125
-0.416984
-0.422013
-0.426018
-0.428517
-0.429629
-0.429733
-0.429169
-0.42809
-0.426349
-0.423673
-0.419784
-0.414597
-0.408366
-0.401803
-0.396051
-0.392414
-0.391928
-0.394966
-0.401067
-0.409084
-0.417624
-0.425448
-0.431634
-0.435667
-0.43728
-0.436401
-0.433075
-0.427472
-0.419911
-0.41104
-0.401837
-0.393576
-0.387608
-0.384844
-0.385445
-0.388765
-0.39376
-0.399377
