10000
1.20044
1.20071
1.20074
1.2006
1.20039
1.2003
1.20052
1.2012
1.20241
1.20414
1.20624
1.20854
1.21082
1.2129
1.2146
1.21583
1.21651
1.2166
1.2161
1.21507
1.2136
1.21185
1.21002
1.20836
1.2071
1.20643
1.2065
1.2074
1.20919
1.21192
1.21557
1.22
1.22498
1.23015
1.2351
1.23945
1.24287
1.24514
1.24609
1.24562
1.24365
1.24014
1.23512
1.22864
1.22091
1.21238
1.20379
1.19619
1.19077
1.18849
1.18966
1.19387
1.20027
1.20791
1.216
1.224
1.23153
1.23836
1.24434
1.24941
1.25355
1.25677
1.25907
1.26046
1.26092
1.26042
1.25895
1.2565
1.25316
1.2491
1.24458
1.23995
1.23555
1.23166
1.22843
1.22603
1.22468
1.22467
1.22623
1.22932
1.23362
1.23855
1.2435
1.24794
1.25152
1.25408
1.25556
1.25603
1.25565
1.2547
1.25353
1.25253
1.25207
1.2524
1.25355
1.25539
1.25761
1.2599
1.26198
1.26363
1.26472
1.26515
1.26483
1.26369
1.2617
1.25893
1.2556
1.25208
1.2488
1.24614
1.24432
1.24338
1.24324
1.2438
1.24497
1.24663
1.24863
1.2508
1.25294
1.25489
1.2565
1.25764
1.25822
1.25816
1.25752
1.2564
1.25499
1.2535
1.25206
1.25076
1.24961
1.24857
1.24761
1.24669
1.24581
1.245
1.24433
1.24392
1.24388
1.2443
1.24519
1.24647
1.24802
1.24969
1.25141
1.25315
1.25496
1.25693
1.25911
1.26148
1.26399
1.26651
1.26891
1.27107
1.27291
1.2744
1.27554
1.27633
1.27682
1.27703
1.27697
1.27664
1.27604
1.27513
1.27385
1.27217
1.27002
1.26738
1.26427
1.26075
1.25695
1.25297
1.2489
1.2448
1.24077
1.23707
1.23415
1.23252
1.23242
1.23351
1.23495
1.23571
1.23498
1.23241
1.22818
1.22286
1.21733
1.2125
1.20918
1.20789
1.2088
1.21174
1.21623
1.22162
1.22719
1.23233
1.23662
1.23984
1.24197
1.24308
1.24336
1.24304
1.24236
1.24157
1.24087
1.24042
1.24028
1.24047
1.24092
1.24155
1.24227
1.24299
1.24363
1.24415
1.24448
1.24462
1.24452
1.24418
1.24361
1.24281
1.24181
1.24064
1.23936
1.23801
1.23664
1.23531
1.23406
1.23291
1.23188
1.23096
1.23016
1.22948
1.22895
1.22859
1.22842
1.22844
1.22865
1.22904
1.22958
1.23028
1.23119
1.23237
1.2339
1.23586
1.23824
1.24098
1.24394
1.24697
1.24987
1.25247
1.25461
1.25621
1.25717
1.25748
1.25718
1.25633
1.25509
1.25361
1.25203
1.25047
1.24892
1.24732
1.24551
1.24337
1.24081
1.23793
1.23507
1.23285
1.23207
1.23341
1.23711
1.24273
1.24936
1.256
1.26189
1.26658
1.26997
1.27214
1.27327
1.27357
1.27327
1.27258
1.27169
1.27078
1.26997
1.26935
1.26896
1.26878
1.26877
1.26887
1.26902
1.26915
1.26921
1.26914
1.26888
1.26836
1.26747
1.26612
1.26421
1.26164
1.25838
1.25445
1.24997
1.24519
1.24044
1.23611
1.23259
1.23018
1.22898
1.22888
1.2296
1.23074
1.23193
1.23289
1.23346
1.23364
1.23357
1.23341
1.23336
1.23358
1.23413
1.23505
1.23627
1.23768
1.23912
1.2404
1.24133
1.24173
1.24148
1.24051
1.23882
1.23651
1.23373
1.23071
1.22779
1.22532
1.2237
1.2232
1.22389
1.22562
1.22803
1.2307
1.23325
1.2354
1.237
1.23801
1.23847
1.23843
1.23796
1.23713
1.23598
1.23454
1.23284
1.23087
1.2286
1.22601
1.22302
1.21956
1.21554
1.21086
1.20548
1.19946
1.19305
1.18685
1.18173
1.17876
1.17874
1.18181
1.18735
1.1942
1.20122
1.20755
1.21275
1.2167
1.21945
1.22115
1.22194
1.22199
1.22142
1.22035
1.21891
1.21723
1.21545
1.21373
1.21223
1.21109
1.21038
1.21012
1.21029
1.21077
1.21147
1.21228
1.2131
1.21388
1.21458
1.21518
1.21568
1.21608
1.2164
1.21666
1.21689
1.21714
1.21746
1.2179
1.21848
1.21923
1.22014
1.22118
1.2223
1.22344
1.22452
1.22549
1.2263
1.22688
1.22722
1.22726
1.22698
1.22638
1.22545
1.2242
1.22265
1.22084
1.21881
1.21662
1.21434
1.21212
1.21012
1.20855
1.20762
1.20746
1.20811
1.20944
1.21123
1.21323
1.21518
1.21692
1.21835
1.21942
1.22014
1.22054
1.22067
1.22058
1.22032
1.21998
1.21961
1.21927
1.21901
1.21884
1.21878
1.21881
1.21892
1.21909
1.21931
1.21955
1.21979
1.22003
1.22022
1.22035
1.22039
1.22033
1.22015
1.21986
1.21947
1.21899
1.21846
1.21789
1.21731
1.21674
1.2162
1.21568
1.2152
1.21473
1.21426
1.21379
1.2133
1.21278
1.21223
1.21165
1.21104
1.21043
1.20983
1.20926
1.20873
1.20827
1.20789
1.2076
1.2074
1.20731
1.20733
1.20743
1.20761
1.20786
1.20816
1.20848
1.2088
1.2091
1.20935
1.20955
1.20966
1.20968
1.2096
1.20942
1.20913
1.20876
1.20832
1.20783
1.20731
1.2068
1.20632
1.20588
1.20549
1.20514
1.20482
1.2045
1.20414
1.2037
1.20314
1.20246
1.20161
1.20061
1.19945
1.19815
1.19678
1.19543
1.19424
1.19342
1.19317
1.19366
1.19493
1.19688
1.19931
1.20194
1.20455
1.20699
1.20917
1.21109
1.21278
1.2143
1.21568
1.21695
1.21814
1.21924
1.22026
1.22119
1.22203
1.22278
1.22344
1.22402
1.22453
1.22498
1.22539
1.22578
1.22617
1.22657
1.22701
1.22747
1.22796
1.22842
1.22881
1.22905
1.22904
1.22871
1.22797
1.22675
1.22503
1.22284
1.22026
1.21746
1.21469
1.21223
1.21038
1.20936
1.20927
1.21006
1.21156
1.21344
1.21534
1.21686
1.21764
1.21745
1.21625
1.2143
1.21212
1.21036
1.20957
1.20994
1.21127
1.21318
1.2153
1.21744
1.21954
1.22156
1.22342
1.22495
1.226
1.22643
1.22624
1.22551
1.22443
1.22324
1.22213
1.22123
1.22057
1.22009
1.21966
1.21918
1.21857
1.21779
1.21689
1.21592
1.21497
1.21415
1.21353
1.21319
1.21318
1.21352
1.21419
1.21516
1.21635
1.21764
1.21891
1.22
1.2208
1.22118
1.22106
1.22039
1.21916
1.21743
1.2153
1.21294
1.21058
1.20844
1.20674
1.20565
1.20522
1.20537
1.20594
1.20665
1.20721
1.20734
1.20683
1.20551
1.20335
1.20041
1.19688
1.19306
1.18935
1.18625
1.18424
1.18373
1.18494
1.18786
1.19222
1.19756
1.20332
1.209
1.21413
1.21842
1.22167
1.22379
1.22476
1.22465
1.22354
1.22161
1.2191
1.2163
1.21357
1.21122
1.2095
1.20847
1.20807
1.20809
1.2083
1.20849
1.2085
1.20826
1.20773
1.20692
1.20586
1.20459
1.20314
1.20156
1.19988
1.1981
1.19623
1.1942
1.19198
1.18954
1.18696
1.1845
1.18259
1.18177
1.18249
1.18484
1.18854
1.19302
1.19761
1.20181
1.20534
1.2081
1.21015
1.2116
1.21259
1.21327
1.21372
1.21404
1.21425
1.21439
1.21444
1.21439
1.2142
1.21385
1.2133
1.21257
1.21168
1.21068
1.20966
1.20874
1.20805
1.20768
1.20772
1.20818
1.20907
1.21034
1.21193
1.21376
1.21575
1.21781
1.21984
1.22174
1.22343
1.22483
1.22587
1.2265
1.2267
1.22644
1.2257
1.22448
1.22278
1.22062
1.21805
1.21516
1.21211
1.20915
1.20656
1.20466
1.20372
1.20385
1.20502
1.20698
1.20941
1.21193
1.21429
1.21635
1.21813
1.21978
1.22144
1.22319
1.22497
1.22656
1.22769
1.22805
1.22744
1.22578
1.22316
1.21984
1.21622
1.21284
1.21023
1.20887
1.20905
1.21077
1.21381
1.21778
1.2222
1.22665
1.23074
1.2342
1.23683
1.23851
1.23918
1.23886
1.23763
1.23567
1.23322
1.23055
1.22782
1.22504
1.22198
1.21831
1.21378
1.20845
1.20286
1.19776
1.19374
1.19076
1.18814
1.18512
1.18138
1.17732
1.17388
1.17202
1.17238
1.17508
1.17981
1.18597
1.19285
1.19973
1.20604
1.21137
1.21555
1.21851
1.22034
1.22114
1.22104
1.22019
1.21869
1.21666
1.21415
1.21123
1.2079
1.20422
1.20027
1.19627
1.19258
1.18974
1.18826
1.18848
1.19036
1.19348
1.1972
1.20089
1.20409
1.20654
1.20812
1.20882
1.2087
1.20781
1.20621
1.20397
1.20115
1.19787
1.19426
1.19052
1.18689
1.18362
1.18095
1.17911
1.1782
1.17827
1.17927
1.18104
1.18339
1.18607
1.18883
1.1914
1.19357
1.19511
1.19583
1.19556
1.19413
1.19142
1.18742
1.18226
1.17637
1.17044
1.16528
1.16147
1.15913
1.15781
1.15687
1.15595
1.15519
1.15515
1.1565
1.15949
1.16382
1.16881
1.1737
1.1779
1.18111
1.1832
1.1842
1.18416
1.18313
1.18117
1.17832
1.17465
1.17027
1.16536
1.16018
1.15522
1.15115
1.14884
1.14898
1.15177
1.15667
1.16265
1.16858
1.17365
1.17741
1.17975
1.18075
1.18054
1.17932
1.17733
1.17487
1.17239
1.17041
1.16944
1.16981
1.17153
1.17426
1.17748
1.18066
1.18338
1.18542
1.18671
1.18733
1.18741
1.18715
1.18676
1.18641
1.18627
1.18642
1.18691
1.18771
1.18876
1.18992
1.19105
1.19202
1.19268
1.19296
1.19284
1.19239
1.19175
1.19114
1.19077
1.19079
1.19124
1.19204
1.19305
1.1941
1.19508
1.19597
1.19679
1.19764
1.19858
1.19967
1.20091
1.20228
1.20375
1.20526
1.20675
1.20815
1.2094
1.21041
1.21109
1.21136
1.21114
1.2104
1.20911
1.20735
1.20525
1.20302
1.20092
1.19925
1.19825
1.19807
1.19874
1.20017
1.20221
1.20467
1.20738
1.2102
1.21304
1.21584
1.21853
1.22108
1.22344
1.22557
1.22743
1.229
1.23027
1.23124
1.23197
1.23252
1.23297
1.23342
1.23397
1.23467
1.23556
1.23661
1.23775
1.23889
1.2399
1.24065
1.24106
1.24106
1.24065
1.23992
1.23903
1.23823
1.2378
1.23794
1.23877
1.24021
1.24201
1.2438
1.24513
1.24554
1.24453
1.24164
1.23651
1.22896
1.21923
1.20814
1.19711
1.18779
1.18149
1.17879
1.17964
1.18376
1.1907
1.19972
1.20978
1.21975
1.22873
1.23619
1.24197
1.24615
1.24892
1.2505
1.25108
1.25081
1.2498
1.2481
1.24576
1.24282
1.23937
1.23558
1.2317
1.22809
1.22511
1.22304
1.22198
1.22185
1.22237
1.22324
1.22419
1.22503
1.22569
1.22618
1.22653
1.22681
1.22709
1.22744
1.22789
1.22848
1.22923
1.23012
1.2311
1.23211
1.23305
1.23381
1.23428
1.23435
1.23391
1.23289
1.23119
1.22878
1.22565
1.22183
1.21744
1.21267
1.20775
1.20296
1.19857
1.19474
1.19154
1.1889
1.18673
1.18489
1.18339
1.18232
1.18187
1.1822
1.18336
1.18517
1.18728
1.18921
1.19049
1.19068
1.18948
1.18668
1.18217
1.17594
1.16822
1.15963
1.15141
1.14539
1.14339
1.14611
1.15261
1.16088
1.16898
1.17583
1.18114
1.1851
1.18808
1.19039
1.19223
1.19371
1.19488
1.19576
1.19634
1.19665
1.19671
1.19655
1.19622
1.19574
1.19516
1.19451
1.19381
1.19308
1.19233
1.19158
1.19082
1.19004
1.18923
1.18836
1.18739
1.18626
1.18488
1.18318
1.18105
1.17841
1.1752
1.17146
1.16735
1.16316
1.15931
1.15621
1.15414
1.15316
1.15309
1.1536
1.15439
1.15529
1.15625
1.15732
1.15861
1.16019
1.16206
1.16416
1.16637
1.16857
1.17064
1.17252
1.17418
1.17566
1.17701
1.17829
1.17952
1.18072
1.18187
1.18292
1.18381
1.18447
1.18484
1.18489
1.18457
1.18388
1.18284
1.18151
1.17998
1.17842
1.177
1.17589
1.17519
1.17486
1.17472
1.17441
1.1735
1.1716
1.16844
1.16412
1.15917
1.15461
1.15157
1.15076
1.15204
1.15457
1.1573
1.15949
1.16089
1.16163
1.16204
1.16238
1.16281
1.16334
1.1639
1.1644
1.16479
1.16502
1.16505
1.16487
1.16441
1.16367
1.1626
1.16122
1.1596
1.15786
1.15614
1.15464
1.15351
1.15286
1.15275
1.15314
1.15395
1.15508
1.15643
1.15791
1.15947
1.16106
1.16266
1.16423
1.16572
1.16709
1.16829
1.16926
1.16998
1.17042
1.17058
1.17048
1.17017
1.16971
1.16915
1.16852
1.16783
1.16705
1.16614
1.1651
1.164
1.163
1.16236
1.16236
1.16318
1.16489
1.16733
1.17019
1.1731
1.17573
1.17784
1.1793
1.18008
1.18023
1.17984
1.17902
1.1779
1.17662
1.17528
1.174
1.17284
1.17185
1.17104
1.17038
1.16986
1.16941
1.169
1.1686
1.16825
1.16808
1.16831
1.16917
1.17081
1.17319
1.17612
1.17922
1.18212
1.18452
1.18623
1.18721
1.18751
1.18723
1.18654
1.18557
1.18444
1.1832
1.1819
1.18052
1.17904
1.17745
1.17577
1.17404
1.17231
1.17067
1.16918
1.16791
1.16691
1.16619
1.16579
1.16569
1.16589
1.16635
1.16703
1.16787
1.1688
1.16974
1.17061
1.17135
1.17191
1.17224
1.17234
1.1722
1.17184
1.17132
1.1707
1.17006
1.1695
1.16912
1.16898
1.1691
1.16943
1.16984
1.1702
1.17033
1.17011
1.16943
1.16826
1.16664
1.16468
1.16257
1.16054
1.15883
1.1576
1.15692
1.15677
1.15701
1.15749
1.1581
1.15879
1.15956
1.16049
1.16162
1.163
1.16461
1.16639
1.16824
1.17004
1.1717
1.17315
1.17432
1.17522
1.17582
1.17616
1.17623
1.17608
1.1757
1.17511
1.17433
1.17335
1.17218
1.17082
1.16926
1.16751
1.16556
1.16342
1.16111
1.15865
1.15613
1.15363
1.1513
1.14933
1.14791
1.1472
1.1473
1.1482
1.14977
1.15185
1.15423
1.15673
1.15923
1.16162
1.16385
1.1659
1.16775
1.16939
1.17081
1.172
1.17296
1.17368
1.17418
1.17446
1.17453
1.17441
1.1741
1.17363
1.17302
1.17229
1.17146
1.17054
1.16955
1.16851
1.16744
1.16638
1.16536
1.16443
1.16364
1.16305
1.16269
1.16261
1.16282
1.16333
1.16413
1.1652
1.16651
1.16802
1.16967
1.17141
1.17318
1.17495
1.1767
1.17844
1.18017
1.18191
1.18365
1.18539
1.18712
1.18878
1.19035
1.19175
1.19293
1.19385
1.19445
1.1947
1.19457
1.19408
1.19323
1.19206
1.19066
1.18913
1.18757
1.1861
1.18481
1.18375
1.1829
1.18216
1.18139
1.18041
1.17907
1.17727
1.17503
1.17252
1.17002
1.1679
1.1665
1.166
1.16635
1.16734
1.16869
1.17022
1.17196
1.17407
1.17682
1.18037
1.18465
1.18938
1.19411
1.19841
1.20193
1.20444
1.20584
1.20609
1.2052
1.20321
1.20014
1.19608
1.19111
1.1854
1.17925
1.1731
1.16752
1.16317
1.16059
1.16004
1.16149
1.1647
1.1693
1.17488
1.18101
1.18722
1.19306
1.19815
1.20224
1.20522
1.20708
1.20789
1.20774
1.20675
1.20502
1.20273
1.20009
1.19736
1.19483
1.19268
1.19092
1.1893
1.18738
1.18471
1.18094
1.176
1.17011
1.16379
1.15786
1.15329
1.15103
1.15172
1.1553
1.16109
1.16802
1.17508
1.18157
1.18715
1.19175
1.19541
1.19823
1.20031
1.20173
1.20255
1.20284
1.20272
1.20233
1.20183
1.2014
1.20114
1.2011
1.20124
1.20146
1.20162
1.20158
1.20123
1.20052
1.1994
1.19793
1.19615
1.19417
1.19209
1.19
1.18796
1.18599
1.18405
1.18202
1.17979
1.17719
1.17411
1.17048
1.16634
1.16189
1.1575
1.15367
1.15092
1.14962
1.14986
1.15141
1.15378
1.15643
1.15891
1.16093
1.16237
1.16323
1.16361
1.16361
1.16334
1.16291
1.16239
1.16184
1.16132
1.16088
1.16055
1.16036
1.16033
1.16045
1.16071
1.16107
1.16149
1.16192
1.16232
1.16265
1.16289
1.16301
1.16302
1.1629
1.16265
1.16229
1.16183
1.16128
1.16064
1.15994
1.15918
1.15839
1.15757
1.15674
1.1559
1.15506
1.15421
1.15333
1.15238
1.15129
1.14996
1.1483
1.14626
1.14388
1.14139
1.13922
1.13796
1.13814
1.14003
1.14345
1.14787
1.15264
1.15716
1.16108
1.16424
1.16663
1.16832
1.16943
1.17005
1.17028
1.17017
1.16976
1.16909
1.16817
1.16702
1.16567
1.16417
1.1626
1.16106
1.15966
1.15853
1.15778
1.15754
1.15786
1.15878
1.16029
1.1623
1.16471
1.16738
1.17018
1.17297
1.17566
1.17821
1.18056
1.18272
1.1847
1.18649
1.18812
1.18958
1.19089
1.19202
1.19297
1.19372
1.19424
1.1945
1.19447
1.19413
1.19345
1.19243
1.19108
1.18942
1.1875
1.18542
1.18328
1.18121
1.17938
1.17793
1.17701
1.17673
1.17715
1.17826
1.17999
1.18222
1.18478
1.18752
1.1903
1.193
1.19554
1.19787
1.19995
1.2018
1.2034
1.20478
1.20594
1.20689
1.20764
1.20819
1.20854
1.20866
1.20854
1.20813
1.20737
1.20618
1.20448
1.20216
1.19913
1.19536
1.19089
1.18594
1.18094
1.1765
1.17328
1.17178
1.17218
1.1742
1.17731
1.18087
1.18435
1.18739
1.18978
1.19145
1.19241
1.1927
1.19238
1.19153
1.1902
1.18845
1.18636
1.18401
1.1815
1.17899
1.17665
1.17468
1.17325
1.17248
1.1724
1.17293
1.17395
1.17526
1.17669
1.17809
1.17934
1.18038
1.18115
1.18163
1.18181
1.18166
1.18118
1.18035
1.1792
1.17775
1.17611
1.1744
1.17281
1.17153
1.17074
1.17054
1.17092
1.17179
1.17295
1.17421
1.1754
1.17642
1.17722
1.17786
1.17842
1.17899
1.1797
1.18062
1.18178
1.18318
1.18474
1.18636
1.18793
1.18932
1.19042
1.1911
1.19126
1.1908
1.18961
1.1876
1.18471
1.18091
1.17627
1.17105
1.16572
1.16101
1.1578
1.15682
1.1584
1.16226
1.16765
1.17363
1.17937
1.18431
1.18818
1.19091
1.19258
1.19335
1.19344
1.1931
1.19257
1.19213
1.19203
1.19246
1.19354
1.19529
1.19761
1.20029
1.20312
1.20586
1.20831
1.21034
1.21185
1.21282
1.21327
1.21327
1.2129
1.21233
1.21171
1.21118
1.21089
1.2109
1.2112
1.21174
1.21242
1.21312
1.21369
1.21396
1.21371
1.21266
1.21045
1.2067
1.20107
1.19344
1.18418
1.17443
1.16627
1.16218
1.1638
1.17091
1.18154
1.19318
1.20389
1.21268
1.21928
1.22385
1.22676
1.22839
1.2291
1.22924
1.22904
1.22871
1.22838
1.22815
1.22805
1.22811
1.22833
1.22869
1.22916
1.22972
1.23033
1.23095
1.23153
1.23204
1.23241
1.2326
1.23255
1.23221
1.23154
1.23049
1.22908
1.22733
1.22532
1.2232
1.22113
1.21928
1.2178
1.21672
1.21596
1.21536
1.21468
1.21376
1.21255
1.21124
1.2102
1.20987
1.2106
1.21242
1.21503
1.21789
1.22043
1.22225
1.22318
1.2233
1.22283
1.2221
1.22144
1.22107
1.22107
1.22137
1.22179
1.2221
1.22209
1.22159
1.22048
1.21872
1.21634
1.21354
1.21065
1.2082
1.20679
1.20691
1.20877
1.21213
1.21647
1.22113
1.22557
1.22943
1.23253
1.23486
1.23647
1.23743
1.23784
1.23777
1.2373
1.23646
1.23529
1.23381
1.23205
1.23
1.22768
1.22505
1.22209
1.21872
1.21483
1.21024
1.20477
1.19831
1.19102
1.18361
1.17748
1.17438
1.17558
1.18097
1.18915
1.19824
1.20674
1.21391
1.21954
1.22378
1.22683
1.22894
1.23028
1.23099
1.23121
1.231
1.23046
1.22966
1.22868
1.2276
1.22651
1.2255
1.22466
1.22407
1.22381
1.22392
1.22442
1.22532
1.22658
1.22812
1.22987
1.23168
1.23341
1.23485
1.23576
1.23586
1.23483
1.23228
1.22784
1.22126
1.21252
1.20217
1.19149
1.18239
1.17681
1.17584
1.17913
1.18528
1.19264
1.19998
1.20666
1.21252
1.21763
1.22212
1.22608
1.22953
1.23248
1.23487
1.23668
1.2379
1.23858
1.23878
1.23861
1.23823
1.23779
1.23742
1.23721
1.2372
1.23734
1.23754
1.23768
1.23767
1.23744
1.23695
1.23624
1.23538
1.23447
1.23363
1.23298
1.23262
1.23261
1.233
1.23376
1.23483
1.23613
1.23754
1.23891
1.24012
1.241
1.24141
1.24122
1.24029
1.23856
1.23598
1.23264
1.22868
1.22442
1.22027
1.21681
1.21472
1.21461
1.21678
1.22103
1.22665
1.23272
1.2384
1.24317
1.24678
1.24924
1.25065
1.25118
1.25096
1.25013
1.24876
1.2469
1.24458
1.24177
1.23845
1.23456
1.23
1.22465
1.2184
1.21109
1.20267
1.19332
1.18369
1.175
1.16889
1.16671
1.16863
1.17357
1.17979
1.18582
1.19087
1.19479
1.19779
1.20022
1.20239
1.20454
1.20675
1.20903
1.2113
1.21347
1.21545
1.21717
1.21858
1.21965
1.22039
1.22076
1.22076
1.22038
1.2196
1.21838
1.21674
1.21466
1.21218
1.2094
1.20641
1.20336
1.20039
1.19757
1.19493
1.1924
1.18992
1.1874
1.18489
1.1825
1.18048
1.1791
1.17861
1.17917
1.1808
1.18337
1.18667
1.19041
1.19431
1.19811
1.20159
1.2046
1.20705
1.20886
1.21001
1.21046
1.2102
1.20921
1.20749
1.20509
1.20209
1.19871
1.19525
1.19212
1.1897
1.1883
1.18804
1.1888
1.19033
1.19228
1.19438
1.19638
1.19815
1.19963
1.20078
1.20162
1.20218
1.20249
1.20262
1.2026
1.20248
1.20228
1.20201
1.20166
1.20119
1.20058
1.1998
1.19883
1.19771
1.19652
1.19541
1.1946
1.19435
1.1949
1.19641
1.19887
1.20211
1.20585
1.20979
1.21363
1.21717
1.22027
1.22286
1.22492
1.22642
1.22737
1.22775
1.22753
1.22668
1.22518
1.22302
1.22019
1.21672
1.21258
1.20777
1.2023
1.19635
1.19037
1.18517
1.18169
1.18054
1.18156
1.18393
1.18659
1.18871
1.19002
1.19067
1.19111
1.19182
1.19313
1.19509
1.1975
1.2
1.20222
1.20396
1.20517
1.20601
1.20672
1.20753
1.20858
1.20985
1.21124
1.21255
1.21363
1.21435
1.21464
1.21448
1.2139
1.21297
1.21174
1.21033
1.20881
1.20727
1.20578
1.20442
1.20321
1.20219
1.20137
1.20076
1.20033
1.20002
1.19969
1.19913
1.19803
1.19597
1.19242
1.18682
1.17883
1.16876
1.15817
1.15005
1.14749
1.15161
1.16059
1.17118
1.18082
1.18836
1.19374
1.19735
1.19965
1.20105
1.20182
1.20212
1.20207
1.20172
1.20109
1.20022
1.1991
1.19775
1.19619
1.19442
1.19248
1.19036
1.18809
1.18568
1.18317
1.18061
1.17809
1.17574
1.17373
1.17227
1.17157
1.17181
1.17308
1.17541
1.17869
1.18273
1.18725
1.19194
1.19652
1.20076
1.2045
1.20764
1.21015
1.21204
1.21334
1.21411
1.21439
1.21423
1.21366
1.21273
1.21145
1.20985
1.20792
1.20569
1.20315
1.20033
1.19728
1.19407
1.19084
1.18773
1.1849
1.18249
1.18061
1.17927
1.17841
1.17786
1.17744
1.17694
1.17628
1.17556
1.17508
1.17524
1.17641
1.17872
1.18206
1.18606
1.19026
1.19416
1.19737
1.1996
1.20072
1.20073
1.19974
1.19802
1.19592
1.19384
1.19223
1.19143
1.19166
1.19294
1.19514
1.19797
1.2011
1.20421
1.20704
1.20943
1.21132
1.21268
1.21358
1.21406
1.2142
1.21408
1.21376
1.21329
1.2127
1.21203
1.2113
1.21051
1.20968
1.2088
1.2079
1.20699
1.20613
1.20536
1.20477
1.20446
1.20453
1.20507
1.20618
1.20789
1.21019
1.21302
1.21624
1.21972
1.22328
1.22676
1.23
1.23288
1.23529
1.23716
1.2384
1.23893
1.23866
1.23751
1.23539
1.23227
1.2282
1.22341
1.21832
1.21357
1.2099
1.20793
1.20797
1.20986
1.21312
1.21709
1.22116
1.22485
1.22786
1.2301
1.23158
1.23242
1.23279
1.23285
1.23275
1.23257
1.23235
1.23209
1.23179
1.23148
1.23125
1.23123
1.23156
1.23234
1.23361
1.23532
1.23731
1.23941
1.24139
1.24309
1.24436
1.24511
1.24528
1.24489
1.24395
1.24253
1.24071
1.23859
1.23629
1.23396
1.23171
1.22966
1.2279
1.22645
1.22532
1.22448
1.22386
1.22339
1.22299
1.22258
1.22213
1.22163
1.2211
1.22061
1.22021
1.21996
1.21991
1.22003
1.2203
1.22064
1.22097
1.2212
1.22126
1.22107
1.22056
1.21968
1.21836
1.21658
1.21432
1.21163
1.20857
1.20526
1.20185
1.19851
1.19545
1.19285
1.19091
1.18977
1.1895
1.19011
1.19147
1.19337
1.19553
1.19767
1.19953
1.20097
1.20192
1.20238
1.2024
1.20208
1.20151
1.20079
1.20004
1.19932
1.19867
1.1981
1.19756
1.19696
1.1962
1.19514
1.1937
1.19181
1.18948
1.18676
1.18379
1.18076
1.1779
1.17549
1.17379
1.17304
1.17338
1.17481
1.17713
1.18003
1.18311
1.18603
1.18851
1.19038
1.1916
1.19217
1.19218
1.19174
1.19099
1.19008
1.18916
1.18833
1.18767
1.18721
1.18692
1.18671
1.1865
1.18617
1.1856
1.18471
1.18344
1.18175
1.17966
1.17721
1.17453
1.17178
1.16915
1.16686
1.16507
1.16387
1.16324
1.16312
1.16339
1.16395
1.16474
1.16575
1.16701
1.16854
1.1703
1.17223
1.17423
1.1762
1.17803
1.17966
1.18104
1.18214
1.18297
1.18353
1.18381
1.18381
1.18353
1.18293
1.18202
1.18077
1.17919
1.17733
1.17524
1.17305
1.17091
1.16901
1.16754
1.16663
1.16639
1.16679
1.16777
1.16917
1.17084
1.17263
1.17441
1.17609
1.17761
1.17888
1.17987
1.18051
1.18076
1.18059
1.17997
1.17889
1.17734
1.17532
1.17283
1.16995
1.16683
1.1638
1.16136
1.1601
1.16049
1.16268
1.1664
1.1711
1.17611
1.18089
1.18513
1.18867
1.19154
1.19381
1.19561
1.19705
1.1982
1.19915
1.19992
1.20051
1.20091
1.20106
1.2009
1.20033
1.19927
1.1976
1.19522
1.19207
1.1881
1.18338
1.17811
1.17264
1.1675
1.16325
1.16042
1.15931
1.15988
1.16182
1.16462
1.16775
1.17072
1.1732
1.17498
1.17601
1.17637
1.17627
1.17599
1.17585
1.17618
1.17719
1.17899
1.18156
1.18476
1.18837
1.19216
1.19588
1.19932
1.20234
1.20484
1.20678
1.20817
1.20907
1.20957
1.20981
1.20993
1.21006
1.2103
1.21069
1.21119
1.21167
1.21197
1.21192
1.21139
1.21029
1.20868
1.20667
1.20451
1.20244
1.20069
1.19943
1.19869
1.19843
1.19857
1.19898
1.19957
1.20026
1.20096
1.20164
1.20225
1.20277
1.20318
1.20349
1.20367
1.20368
1.20346
1.20295
1.20205
1.2007
1.19897
1.19714
1.19578
1.19559
1.19724
1.20091
1.20623
1.21235
1.21837
1.22355
1.22751
1.23012
1.23146
1.23169
1.23103
1.22972
1.22798
1.22599
1.22394
1.22193
1.22005
1.21837
1.21694
1.21583
1.21513
1.21494
1.21531
1.21628
1.21779
1.21977
1.22216
1.22488
1.22787
1.231
1.23414
1.23709
1.23968
1.24176
1.24321
1.24396
1.24398
1.24325
1.24179
1.23963
1.23685
1.23359
1.23005
1.22656
1.22347
1.22114
1.21979
1.2195
1.22014
1.22145
1.22314
1.22494
1.22668
1.22826
1.22962
1.23078
1.23175
1.23257
1.23328
1.23391
1.23452
1.23515
1.23581
1.23654
1.23734
1.23819
1.23908
1.23999
1.24087
1.2417
1.24244
1.24306
1.24355
1.24388
1.24402
1.24395
1.24365
1.24309
1.24225
1.24112
1.23968
1.23794
1.23595
1.23378
1.23153
1.22934
1.22735
1.22571
1.22452
1.22383
1.22362
1.2238
1.22428
1.22492
1.22563
1.22634
1.22702
1.2277
1.22839
1.22913
1.22988
1.23058
1.23112
1.23134
1.23111
1.23029
1.22884
1.22675
1.22415
1.22124
1.21832
1.21569
1.21359
1.21215
1.21128
1.21076
1.21029
1.20957
1.20841
1.20678
1.20484
1.20293
1.20152
1.20105
1.2018
1.20383
1.20694
1.21075
1.21485
1.21887
1.2225
1.22556
1.22792
1.2295
1.23026
1.23015
1.22915
1.22726
1.22453
1.22108
1.21714
1.21304
1.20917
1.20591
1.20352
1.20208
1.20153
1.20175
1.20263
1.20408
1.20605
1.20843
1.21108
1.21383
1.21653
1.21906
1.22137
1.22343
1.22524
1.22681
1.22815
1.22925
1.2301
1.23065
1.23088
1.23072
1.23013
1.22905
1.22744
1.22527
1.22257
1.21941
1.21595
1.21249
1.20943
1.20728
1.20651
1.20747
1.21016
1.21425
1.21916
1.22428
1.22906
1.23315
1.23634
1.23856
1.23982
1.24019
1.23976
1.23868
1.23706
1.23505
1.23274
1.23018
1.22737
1.22426
1.22081
1.21703
1.21306
1.20917
1.20576
1.2033
1.20221
1.20274
1.20483
1.2082
1.21238
1.21689
1.2213
1.22536
1.22893
1.23201
1.23467
1.23699
1.23906
1.24095
1.24269
1.2443
1.24581
1.24723
1.24855
1.2498
1.25097
1.25205
1.25302
1.25385
1.2545
1.25491
1.25504
1.25482
1.25418
1.25304
1.25129
1.24887
1.24569
1.24174
1.23708
1.23191
1.22651
1.22132
1.21683
1.21346
1.2115
1.21101
1.21183
1.21361
1.21596
1.2185
1.22088
1.22291
1.22445
1.22553
1.22622
1.2267
1.22716
1.22781
1.22878
1.23017
1.23199
1.23419
1.23666
1.23925
1.24182
1.24422
1.24631
1.24799
1.24919
1.24984
1.24992
1.24943
1.24838
1.24681
1.24477
1.24231
1.23951
1.23646
1.23325
1.22998
1.22679
1.22379
1.22109
1.21881
1.21698
1.21564
1.21475
1.21427
1.21414
1.21431
1.2147
1.21521
1.21569
1.21594
1.21571
1.21476
1.21286
1.20991
1.20593
1.20114
1.19596
1.19095
1.18665
1.18342
1.18137
1.18037
1.1802
1.18064
1.18149
1.18264
1.18402
1.18561
1.18739
1.18936
1.19144
1.19352
1.19546
1.19707
1.19817
1.19862
1.19825
1.19692
1.19448
1.19079
1.18576
1.17943
1.17212
1.16445
1.15731
1.15165
1.14805
1.14658
1.1468
1.14816
1.15021
1.15268
1.1554
1.15817
1.16079
1.16307
1.16486
1.16612
1.16685
1.16712
1.16705
1.16672
1.16622
1.16559
1.16485
1.164
1.16302
1.16189
1.16061
1.15923
1.15782
1.15648
1.15532
1.15445
1.15394
1.15379
1.15393
1.15425
1.15461
1.15485
1.15488
1.1546
1.15399
1.15306
1.15189
1.15058
1.14926
1.14807
1.14714
1.14655
1.14632
1.14643
1.14681
1.14737
1.14802
1.14868
1.1493
1.14983
1.15024
1.15053
1.15066
1.15064
1.15046
1.15014
1.14971
1.1492
1.14867
1.14819
1.14784
1.14768
1.14775
1.14807
1.14862
1.14934
1.15017
1.15099
1.15172
1.15227
1.15256
1.15253
1.15216
1.15145
1.15045
1.14922
1.14789
1.1466
1.14551
1.14473
1.14435
1.14438
1.14478
1.14545
1.14628
1.14719
1.1481
1.149
1.14989
1.15078
1.15169
1.15265
1.15365
1.1547
1.15577
1.15683
1.15786
1.15881
1.15966
1.16037
1.16091
1.16123
1.1613
1.16108
1.16054
1.15968
1.15849
1.15702
1.15536
1.15362
1.15195
1.15046
1.14927
1.1484
1.14786
1.14765
1.14778
1.14833
1.14943
1.15118
1.15362
1.15666
1.16011
1.16372
1.16719
1.17025
1.17265
1.17421
1.17477
1.17417
1.17233
1.16921
1.16493
1.15977
1.15425
1.14905
1.14474
1.14164
1.13967
1.13854
1.13803
1.13824
1.1395
1.14208
1.14589
1.15045
1.15504
1.15909
1.16226
1.16454
1.16608
1.16713
1.1679
1.16856
1.16918
1.16979
1.17036
1.17089
1.17137
1.1718
1.17223
1.17267
1.17313
1.17361
1.17403
1.17433
1.17439
1.17411
1.17338
1.17213
1.17035
1.16807
1.1654
1.16253
1.15971
1.15723
1.15539
1.15447
1.15463
1.15593
1.15825
1.16135
1.16487
1.16843
1.17166
1.1743
1.17618
1.17721
1.17737
1.17673
1.17538
1.17347
1.1712
1.16877
1.16642
1.16436
1.16278
1.16177
1.16135
1.16148
1.16203
1.16291
1.164
1.16523
1.16654
1.16791
1.16935
1.17085
1.17237
1.17389
1.17535
1.17668
1.17781
1.17869
1.17926
1.17948
1.17933
1.17878
1.17784
1.17651
1.17481
1.1728
1.17056
1.16823
1.16595
1.16392
1.16229
1.16121
1.16071
1.16078
1.16134
1.16225
1.1634
1.16464
1.16588
1.16702
1.168
1.16877
1.16933
1.16967
1.16987
1.17001
1.17018
1.17048
1.171
1.17176
1.17273
1.17383
1.17497
1.17601
1.17685
1.17743
1.17772
1.17776
1.17763
1.17741
1.17716
1.1769
1.17655
1.17601
1.17516
1.17391
1.17234
1.17064
1.16913
1.16816
1.16796
1.1686
1.16996
1.17181
1.17391
1.17609
1.17828
1.18049
1.18272
1.18501
1.18734
1.18965
1.19182
1.19371
1.1951
1.19575
1.19537
1.1937
1.19062
1.18631
1.18148
1.17742
1.17561
1.17703
1.18152
1.18786
1.19455
1.20038
1.20476
1.20758
1.209
1.2093
1.20876
1.20766
1.20625
1.20479
1.20347
1.20248
1.20194
1.20191
1.20236
1.2032
1.20426
1.20535
1.20626
1.20682
1.20691
1.2065
1.20566
1.20457
1.20346
1.20264
1.2024
1.20295
1.20434
1.20651
1.20921
1.21213
1.21488
1.21716
1.21868
1.21931
1.21899
1.21779
1.21585
1.21342
1.21075
1.20812
1.20578
1.20394
1.20272
1.20219
1.20236
1.20316
1.2045
1.20624
1.20822
1.21026
1.21218
1.21385
1.21514
1.21597
1.21629
1.21606
1.21527
1.21388
1.21187
1.20927
1.20619
1.20289
1.19983
1.19756
1.19662
1.19725
1.19936
1.20247
1.20601
1.20945
1.2124
1.21468
1.21618
1.21687
1.21672
1.21566
1.21354
1.21017
1.20532
1.19886
1.19085
1.18187
1.1731
1.1661
1.16218
1.16163
1.16361
1.16678
1.17003
1.1729
1.1754
1.17786
1.18057
1.18375
1.1874
1.19136
1.19538
1.19921
1.20264
1.20555
1.20791
1.20974
1.21111
1.21209
1.21277
1.21321
1.21346
1.21359
1.21362
1.21359
1.21349
1.21336
1.21318
1.21294
1.21264
1.21223
1.21168
1.21092
1.20987
1.20843
1.20649
1.20394
1.20069
1.19671
1.19203
1.1868
1.18132
1.17602
1.1714
1.16795
1.16605
1.16584
1.16724
1.16998
1.17367
1.17791
1.18234
1.1867
1.19083
1.19466
1.1982
1.20146
1.20447
1.20724
1.20978
1.21203
1.21398
1.21559
1.21686
1.21778
1.2184
1.21873
1.21884
1.21877
1.21855
1.21821
1.21778
1.21727
1.21668
1.21598
1.21517
1.21421
1.21303
1.21156
1.20975
1.20752
1.20487
1.20188
1.19879
1.19596
1.19386
1.19289
1.19324
1.19477
1.19709
1.1997
1.20212
1.20407
1.20543
1.20621
1.20652
1.20647
1.20618
1.20571
1.20507
1.20423
1.20312
1.20166
1.19978
1.19747
1.19477
1.19179
1.1887
1.18575
1.18317
1.18119
1.17999
1.17964
1.18011
1.1813
1.18304
1.18518
1.18755
1.19002
1.19251
1.19493
1.19725
1.19939
1.20129
1.20286
1.20399
1.20455
1.20439
1.20338
1.20135
1.19819
1.19388
1.18855
1.18263
1.1768
1.172
1.16904
1.16835
1.16981
1.17286
1.17683
1.18112
1.18528
1.18904
1.19219
1.19462
1.1963
1.19723
1.19744
1.19695
1.19579
1.19397
1.19148
1.18836
1.18466
1.18049
1.1761
1.1719
1.16847
1.16648
1.16648
1.16863
1.17258
1.17758
1.18266
1.18697
1.18993
1.1913
1.19119
1.19
1.18828
1.18665
1.18553
1.18512
1.18531
1.18584
1.18644
1.18696
1.18735
1.1877
1.1881
1.18866
1.18944
1.19042
1.19154
1.19267
1.1937
1.1945
1.19494
1.19495
1.19442
1.19331
1.19156
1.1891
1.18587
1.18183
1.17693
1.17124
1.16503
1.15887
1.1537
1.15067
1.15075
1.15428
1.16078
1.16921
1.17834
1.18722
1.19522
1.20206
1.20766
1.21208
1.21543
1.21779
1.21921
1.21968
1.21907
1.21715
1.21362
1.20815
1.20065
1.19158
1.18236
1.17521
1.17221
1.17396
1.17906
1.1852
1.1905
1.19402
1.19568
1.19577
1.19471
1.19285
1.19044
1.18769
1.18472
1.18165
1.17852
1.17536
1.17213
1.1689
1.16592
1.16368
1.16283
1.1639
1.16698
1.17161
1.17693
1.18207
1.18637
1.18954
1.19163
1.19293
1.19384
1.19475
1.19589
1.19732
1.1989
1.20044
1.20174
1.20266
1.20322
1.20347
1.20358
1.20371
1.20401
1.20457
1.20545
1.2066
1.20797
1.20946
1.21097
1.21238
1.21358
1.21445
1.21482
1.21451
1.21331
1.21101
1.20747
1.20273
1.19705
1.19103
1.18552
1.18141
1.17932
1.17943
1.18152
1.18513
1.18974
1.19475
1.19955
1.20355
1.20623
1.20723
1.20639
1.2037
1.19933
1.19356
1.18673
1.17934
1.17202
1.16565
1.16131
1.16001
1.16225
1.16768
1.1752
1.18345
1.19123
1.19774
1.20262
1.20575
1.20724
1.20732
1.20631
1.20464
1.2028
1.20128
1.20047
1.20055
1.20145
1.20291
1.2046
1.2062
1.20746
1.20826
1.20857
1.20839
1.2078
1.20685
1.20564
1.20422
1.20269
1.20111
1.19957
1.19816
1.19694
1.19599
1.19536
1.19511
1.19524
1.19575
1.19661
1.19778
1.1992
1.20081
1.20254
1.20434
1.20617
1.20798
1.20974
1.21144
1.21304
1.21453
1.21589
1.21709
1.21809
1.21886
1.21934
1.21946
1.21916
1.21836
1.21698
1.21499
1.21241
1.20939
1.20625
1.20347
1.20164
1.20122
1.20238
1.20489
1.20818
1.21157
1.21447
1.21646
1.21737
1.21717
1.21599
1.21405
1.21168
1.20926
1.2072
1.20592
1.20571
1.2067
1.20879
1.21171
1.21509
1.21853
1.22174
1.22452
1.22681
1.22864
1.23008
1.23122
1.23206
1.23254
1.23249
1.23171
1.23
1.22725
1.22351
1.21896
1.21398
1.20902
1.20451
1.20072
1.19776
1.19557
1.19404
1.19317
1.19305
1.19384
1.19563
1.19834
1.20176
1.20553
1.20934
1.21287
1.21595
1.21842
1.22022
1.22131
1.22164
1.22118
1.21989
1.21778
1.21497
1.2117
1.20843
1.2057
1.20404
1.20376
1.20478
1.20674
1.20913
1.21149
1.21352
1.21511
1.21627
1.21708
1.21766
1.2181
1.21847
1.21881
1.21911
1.21936
1.21954
1.21964
1.21963
1.2195
1.21924
1.21884
1.21828
1.21755
1.21663
1.21551
1.21417
1.2126
1.21077
1.20869
1.20634
1.2037
1.20078
1.19763
1.19434
1.19108
1.18808
1.18554
1.18359
1.18223
1.18136
1.18085
1.18061
1.1807
1.18129
1.1826
1.18479
1.18785
1.19162
1.19579
1.20001
1.20399
1.20751
1.21047
1.21282
1.21457
1.21574
1.2164
1.21657
1.21629
1.2156
1.21454
1.21316
1.21153
1.20975
1.20801
1.20653
1.20553
1.2052
1.20558
1.20654
1.20777
1.20891
1.20971
1.21008
1.21022
1.21054
1.21151
1.21349
1.21658
1.22055
1.225
1.22949
1.23367
1.23735
1.24045
1.243
1.24504
1.24663
1.24782
1.24861
1.24899
1.24887
1.24815
1.24665
1.24417
1.2405
1.23545
1.229
1.22143
1.21347
1.20629
1.20125
1.19931
1.20055
1.20412
1.20873
1.21321
1.21681
1.21922
1.22032
1.22006
1.21833
1.21509
1.21058
1.20569
1.20218
1.20209
1.20662
1.21521
1.22591
1.23662
1.24599
1.25355
1.25939
1.26383
1.26722
1.26983
1.27189
1.27351
1.27479
1.27578
1.27651
1.277
1.27725
1.27728
1.27709
1.27667
1.27601
1.2751
1.27388
1.2723
1.27028
1.2677
1.26446
1.26048
1.25578
1.25061
1.24553
1.24142
1.23923
1.2396
1.24247
1.2471
1.25246
1.25762
1.26201
1.2654
1.26782
1.26943
1.27042
1.27092
1.27101
1.27066
1.26979
1.26819
1.2657
1.26219
1.25772
1.25265
1.24766
1.24372
1.24171
1.24211
1.24478
1.2491
1.25422
1.25943
1.26422
1.2683
1.27151
1.27378
1.27509
1.27545
1.27487
1.27341
1.27113
1.26817
1.26473
1.26106
1.25747
1.25428
1.25177
1.25016
1.24954
1.24992
1.25121
1.25324
1.25585
1.25886
1.26212
1.26551
1.26894
1.27233
1.27559
1.27862
1.2813
1.28352
1.28515
1.28609
1.28622
1.28543
1.28363
1.28075
1.27678
1.27181
1.26609
1.2601
1.2545
1.25007
1.24747
1.24702
1.24855
1.25152
1.2552
1.25894
1.26226
1.26488
1.2667
1.2677
1.26794
1.26751
1.26654
1.26514
1.26341
1.2615
1.25954
1.25776
1.25645
1.25592
1.25647
1.25821
1.26104
1.2647
1.26878
1.27294
1.27686
1.28038
1.28339
1.28587
1.28783
1.28929
1.29024
1.29068
1.29058
1.28988
1.28848
1.28628
1.2832
1.2792
1.2744
1.26909
1.26376
1.25903
1.25543
1.25322
1.25225
1.25214
1.25248
1.25301
1.25367
1.25455
1.25577
1.25742
1.25953
1.26214
1.26526
1.26891
1.27305
1.27759
1.28233
1.28702
1.29137
1.29513
1.29806
1.30004
1.30096
1.30079
1.29952
1.29718
1.2938
1.28945
1.28424
1.27831
1.27186
1.26517
1.2586
1.25261
1.24775
1.2446
1.24359
1.24491
1.24838
1.25355
1.25975
1.26631
1.27259
1.27812
1.28262
1.28596
1.28813
1.2892
1.28929
1.28857
1.2872
1.28541
1.28346
1.28163
1.28023
1.27947
1.27952
1.28038
1.28192
1.28393
1.28615
1.28833
1.29027
1.29184
1.29297
1.29364
1.29387
1.2937
1.29317
1.2923
1.29111
1.28959
1.28768
1.28534
1.28249
1.27907
1.27506
1.27052
1.26569
1.26093
1.25681
1.25393
1.25278
1.25356
1.25607
1.25976
1.26395
1.26798
1.27142
1.27406
1.2759
1.27711
1.27794
1.27863
1.2794
1.28036
1.28151
1.2828
1.28412
1.28536
1.28644
1.28732
1.28803
1.28861
1.28913
1.28962
1.29005
1.29029
1.29014
1.2893
1.28743
1.2841
1.2789
1.27148
1.26173
1.25006
1.23764
1.22635
1.2184
1.21545
1.21792
1.22492
1.2347
1.24529
1.25511
1.2632
1.26917
1.27303
1.27499
1.27537
1.27446
1.27255
1.26989
1.26673
1.26325
1.25966
1.25613
1.25284
1.24996
1.24778
1.24661
1.24676
1.24834
1.25113
1.25466
1.25837
1.26172
1.26436
1.26607
1.26678
1.26652
1.26539
1.26353
1.26115
1.25849
1.25582
1.25339
1.25145
1.25019
1.2497
1.24995
1.25081
1.25209
1.25352
1.25486
1.25588
1.25643
1.25643
1.25587
1.25482
1.25343
1.25187
1.2503
1.24886
1.24759
1.24649
1.24547
1.24445
1.24337
1.24219
1.24095
1.23974
1.23863
1.23771
1.23699
1.23642
1.23586
1.23513
1.23404
1.23242
1.23018
1.22731
1.22387
1.22
1.21593
1.21193
1.20827
1.20521
1.20291
1.20144
1.20073
1.20063
1.20092
1.20139
1.20191
1.20236
1.20271
1.20298
1.20318
1.20335
1.20357
1.2039
1.20441
1.20515
1.20611
1.20724
1.20845
1.20963
1.21065
1.21144
1.21192
1.21207
1.21188
1.21138
1.21058
1.20952
1.20824
1.2068
1.20522
1.20358
1.20191
1.20028
1.19874
1.19733
1.19608
1.195
1.1941
1.19334
1.19271
1.19216
1.19169
1.19125
1.19085
1.19047
1.1901
1.18973
1.18936
1.18896
1.18851
1.188
1.18744
1.18682
1.18621
1.18567
1.18528
1.18512
1.18524
1.18564
1.18626
1.18695
1.18757
1.18797
1.18806
1.18787
1.18756
1.18739
1.18768
1.1887
1.19057
1.19322
1.19636
1.19963
1.20265
1.20512
1.20678
1.20746
1.20706
1.20552
1.20282
1.19907
1.19452
1.18957
1.18481
1.18085
1.17821
1.1771
1.17743
1.17886
1.18099
1.18345
1.186
1.18849
1.19086
1.19307
1.1951
1.19692
1.19853
1.19991
1.20106
1.202
1.20275
1.20337
1.20391
1.20443
1.205
1.20566
1.20644
1.20733
1.20832
1.20937
1.21043
1.21145
1.2124
1.21323
1.21392
1.21447
1.21486
1.21511
1.2152
1.21516
1.21497
1.21464
1.21417
1.21354
1.21274
1.21178
1.21064
1.20936
1.20795
1.20649
1.20504
1.20367
1.20245
1.20143
1.20061
1.19998
1.19951
1.19913
1.19879
1.19845
1.19808
1.19766
1.19718
1.19667
1.19616
1.19574
1.19556
1.19579
1.19657
1.19799
1.20002
1.2025
1.20517
1.20776
1.20999
1.21162
1.21247
1.21236
1.21116
1.20878
1.20521
1.20064
1.19549
1.19051
1.18657
1.1844
1.18423
1.18568
1.18795
1.19024
1.19197
1.19289
1.19304
1.19263
1.19197
1.19134
1.19101
1.19111
1.19167
1.19261
1.19375
1.19492
1.19593
1.19664
1.19697
1.19689
1.19644
1.19567
1.1947
1.19364
1.19264
1.19187
1.19147
1.19154
1.19212
1.19318
1.19461
1.19627
1.19798
1.1996
1.20102
1.20217
1.20302
1.20356
1.20382
1.20382
1.20362
1.20325
1.20277
1.20223
1.2017
1.20123
1.20089
1.20074
1.20082
1.20114
1.20166
1.20234
1.20309
1.20383
1.20445
1.20487
1.20503
1.20489
1.20445
1.20373
1.2028
1.20173
1.20064
1.19965
1.19887
1.19843
1.19837
1.19874
1.19953
1.20069
1.20215
1.20381
1.20556
1.20733
1.20902
1.21056
1.21192
1.21306
1.21397
1.21465
1.2151
1.21535
1.2154
1.21528
1.215
1.21456
1.21393
1.21309
1.21197
1.21047
1.20849
1.20595
1.20282
1.19926
1.1956
1.19242
1.19037
1.18999
1.19141
1.19432
1.19812
1.20217
1.20598
1.20931
1.21206
1.21429
1.21607
1.21747
1.21857
1.2194
1.22001
1.22042
1.22065
1.22073
1.22069
1.22056
1.22036
1.22013
1.2199
1.21968
1.2195
1.2194
1.21938
1.21948
1.21971
1.22008
1.22058
1.2212
1.2219
1.22265
1.22341
1.22415
1.22486
1.2255
1.22608
1.22655
1.22686
1.22694
1.2267
1.22606
1.22494
1.22333
1.22127
1.21892
1.21658
1.21464
1.2135
1.21351
1.21478
1.21722
1.2205
1.22422
1.22797
1.23145
1.23447
1.23693
1.23884
1.24022
1.24114
1.24165
1.24179
1.24159
1.24104
1.24015
1.23888
1.23723
1.23521
1.23289
1.23041
1.22798
1.22588
1.22438
1.22372
1.22399
1.22517
1.22709
1.22954
1.2323
1.23517
1.23798
1.24063
1.24305
1.24517
1.24696
1.24838
1.24943
1.2501
1.25041
1.25038
1.25008
1.24956
1.24893
1.24827
1.2477
1.24729
1.24713
1.24727
1.24771
1.24844
1.24939
1.2505
1.25167
1.25279
1.25378
1.25455
1.25501
1.25511
1.25481
1.25406
1.25285
1.25119
1.24912
1.24671
1.24407
1.24137
1.2388
1.23655
1.23479
1.23365
1.23316
1.2333
1.23399
1.23513
1.23659
1.23824
1.23997
1.24165
1.24315
1.24432
1.24502
1.2451
1.24441
1.24284
1.24036
1.23705
1.23315
1.2291
1.22546
1.22284
1.22173
1.22231
1.22442
1.22762
1.23131
1.23493
1.23807
1.24049
1.24213
1.24306
1.24341
1.24335
1.24302
1.24255
1.24199
1.24137
1.24068
1.23987
1.23892
1.23784
1.23671
1.23571
1.23512
1.23528
1.23642
1.23862
1.24169
1.24522
1.24874
1.25181
1.25406
1.25525
1.2552
1.25379
1.25096
1.24682
1.24169
1.23626
1.23141
1.22801
1.2265
1.22666
1.22773
1.22875
1.22886
1.22734
1.22369
1.21768
1.20964
1.20082
1.19355
1.19048
1.1932
1.20105
1.21163
1.22234
1.23151
1.23853
1.24347
1.24674
1.2488
1.25005
1.25082
1.25136
1.25182
1.2523
1.25283
1.25341
1.254
1.25451
1.25484
1.25487
1.25443
1.25334
1.25142
1.24853
1.24458
1.23963
1.23389
1.22777
1.22184
1.21671
1.21286
1.21058
1.20985
1.21036
1.21159
1.21291
1.21375
1.21382
1.21322
1.21241
1.21202
1.21257
1.21424
1.21687
1.22013
1.22371
1.22737
1.23099
1.23449
1.23783
1.24097
1.24388
1.24652
1.24886
1.25087
1.25253
1.25381
1.25472
1.25523
1.25533
1.25503
1.25432
1.25323
1.2518
1.25013
1.24836
1.24665
1.24522
1.24424
1.24383
1.24403
1.24479
1.24596
1.24738
1.24889
1.25038
1.25173
1.25291
1.25384
1.25448
1.25476
1.25457
1.25379
1.25228
1.24989
1.24647
1.24193
1.23632
1.22991
1.2234
1.21794
1.2149
1.21524
1.21898
1.22509
1.23208
1.23876
1.24447
1.24916
1.25303
1.25639
1.25945
1.26232
1.26498
1.26737
1.26943
1.27111
1.27239
1.27332
1.27394
1.27431
1.2745
1.27454
1.27444
1.27411
1.27344
1.27222
1.27023
1.26733
1.26366
1.25976
1.25659
1.25527
1.25648
1.26003
1.26496
1.27001
1.27421
1.27708
1.2786
1.27906
1.27886
1.27844
1.27814
1.27821
1.27872
1.27964
1.28079
1.28195
1.28286
1.28321
1.28269
1.28091
1.27744
1.27176
1.26349
1.25279
1.24109
1.23146
1.22759
1.23132
1.241
1.25287
1.26353
1.27112
1.2751
1.27564
1.27337
1.26938
1.26523
1.26252
1.26225
1.2643
1.26762
1.2709
1.27316
1.27394
1.27318
1.27104
1.26782
1.2639
1.25978
1.25599
1.25303
1.25127
1.25081
1.25151
1.25306
1.25511
1.25742
1.25988
1.26246
1.26518
1.26796
1.27065
1.27302
1.27477
1.27563
1.27538
1.27388
1.27111
1.26716
1.26231
1.25701
1.25182
1.24738
1.24415
1.24238
1.24195
1.24253
1.24366
1.24491
1.24598
1.24672
1.24709
1.24716
1.24708
1.24699
1.24703
1.24729
1.24779
1.24848
1.24927
1.25003
1.25063
1.25091
1.25071
1.24979
1.24784
1.24444
1.23911
1.23142
1.22139
1.20994
1.19929
1.19237
1.19109
1.19484
1.20085
1.20622
1.20934
1.21019
1.20984
1.20968
1.2107
1.21305
1.21616
1.21918
1.22144
1.22262
1.22277
1.22211
1.22094
1.21952
1.21804
1.21656
1.21505
1.21345
1.21169
1.20973
1.20765
1.20557
1.2037
1.20227
1.20146
1.2014
1.20213
1.20361
1.20572
1.20831
1.2112
1.21418
1.21703
1.21956
1.2216
1.22304
1.22383
1.22396
1.22352
1.22262
1.22141
1.22007
1.21873
1.21746
1.21625
1.21492
1.21323
1.21089
1.20766
1.20348
1.19855
1.19337
1.18868
1.18529
1.18378
1.18428
1.18635
1.18922
1.19199
1.19396
1.1948
1.19465
1.19407
1.19382
1.19461
1.19672
1.19997
1.20376
1.20744
1.2105
1.21269
1.21396
1.21443
1.21425
1.21362
1.21272
1.2117
1.21068
1.20977
1.20905
1.20857
1.20837
1.20846
1.20885
1.20951
1.21038
1.21139
1.21247
1.21351
1.21442
1.21509
1.21544
1.21539
1.21491
1.214
1.21273
1.21125
1.20977
1.20855
1.20781
1.20771
1.20821
1.20914
1.21018
1.21098
1.21118
1.21053
1.20884
1.20608
1.20235
1.19787
1.19295
1.18796
1.18321
1.17893
1.17527
1.17235
1.1703
1.16932
1.1696
1.17123
1.17415
1.17806
1.18251
1.18694
1.1908
1.19366
1.19524
1.19551
1.19476
1.19369
1.19327
1.19446
1.19775
1.20292
1.20919
1.21559
1.22137
1.22612
1.22972
1.23223
1.23379
1.23452
1.23451
1.23382
1.23246
1.2304
1.2276
1.22401
1.21964
1.21463
1.20928
1.20416
1.19995
1.19729
1.19644
1.19718
1.19889
1.20091
1.20278
1.20436
1.20576
1.20722
1.20895
1.21106
1.21353
1.21621
1.21892
1.22148
1.22373
1.22559
1.22702
1.22802
1.22861
1.2288
1.22863
1.22807
1.22709
1.22563
1.22362
1.22099
1.21769
1.21378
1.20937
1.20476
1.20032
1.19648
1.19367
1.1922
1.19222
1.19368
1.19633
1.19973
1.2034
1.20691
1.20998
1.21248
1.21446
1.21604
1.21738
1.21866
1.21999
1.22145
1.22301
1.22463
1.22616
1.22745
1.22825
1.22831
1.22729
1.22482
1.22061
1.21457
1.20714
1.19946
1.19321
1.18981
1.18951
1.19111
1.19285
1.19345
1.19268
1.19119
1.1901
1.19044
1.19271
1.19676
1.2019
1.20726
1.21208
1.21584
1.2183
1.21943
1.21931
1.21807
1.2159
1.213
1.20962
1.20604
1.20254
1.19943
1.19696
1.19532
1.19461
1.19481
1.19584
1.19753
1.19968
1.20208
1.20451
1.20683
1.20891
1.2107
1.21216
1.21331
1.21416
1.21472
1.21501
1.21505
1.21488
1.21453
1.21404
1.21347
1.21289
1.21239
1.21202
1.21184
1.21185
1.21203
1.21232
1.21266
1.21298
1.21324
1.2134
1.21348
1.21352
1.21356
1.21366
1.21386
1.2142
1.21468
1.2153
1.21604
1.21686
1.21772
1.21855
1.2193
1.21985
1.22012
1.21998
1.21936
1.21818
1.21647
1.21431
1.21187
1.20932
1.20681
1.20434
1.20182
1.1991
1.19611
1.19304
1.19033
1.18859
1.18838
1.18997
1.19326
1.19787
1.20322
1.20876
1.21404
1.21872
1.22267
1.22587
1.2284
1.23043
1.2321
1.23358
1.23495
1.23623
1.2374
1.2384
1.23912
1.23947
1.23934
1.23867
1.23738
1.23544
1.23283
1.2296
1.22582
1.22165
1.21735
1.2132
1.20956
1.20676
1.20508
1.20462
1.20536
1.20713
1.20967
1.21269
1.2159
1.21903
1.22188
1.2243
1.22621
1.22756
1.2284
1.22878
1.22881
1.22862
1.22838
1.22822
1.22824
1.22854
1.22912
1.22994
1.23093
1.23194
1.23283
1.23343
1.2336
1.2332
1.23216
1.2305
1.22839
1.22615
1.22426
1.22324
1.22348
1.22511
1.22793
1.2315
1.23535
1.23908
1.24242
1.24527
1.24756
1.2493
1.25047
1.25105
1.25096
1.25012
1.24844
1.24584
1.24233
1.2381
1.2336
1.22952
1.22667
1.22569
1.22675
1.22947
1.23314
1.23702
1.24059
1.24359
1.24594
1.24773
1.24904
1.24998
1.25062
1.25098
1.25107
1.25083
1.25021
1.24912
1.24747
1.24516
1.24211
1.23828
1.23367
1.22842
1.22286
1.21754
1.21324
1.21072
1.21046
1.21251
1.21646
1.22173
1.22775
1.23406
1.24031
1.24622
1.25156
1.25614
1.25987
1.26271
1.26462
1.26559
1.26554
1.26436
1.2618
1.25757
1.25131
1.2428
1.23218
1.22034
1.2091
1.20074
1.19701
1.19826
1.20354
1.21147
1.22079
1.23044
1.2395
1.24729
1.25338
1.25766
1.26023
1.26139
1.26155
1.26116
1.2607
1.26055
1.26093
1.26186
1.26313
1.26448
1.26561
1.26633
1.26657
1.26638
1.26591
1.26533
1.26479
1.26433
1.2639
1.26334
1.26242
1.26089
1.25852
1.25517
1.25078
1.2455
1.23964
1.23379
1.22868
1.22502
1.2233
1.22358
1.22549
1.22841
1.23169
1.23482
1.23753
1.23983
1.2419
1.24405
1.24664
1.24993
1.25398
1.25863
1.26354
1.26835
1.27276
1.27656
1.27965
1.28199
1.28359
1.28452
1.28491
1.2849
1.28458
1.28395
1.28293
1.28134
1.27899
1.2758
1.27178
1.26713
1.26225
1.25767
1.25399
1.25173
1.25119
1.25234
1.25485
1.25819
1.26178
1.26512
1.26788
1.2699
1.27117
1.27179
1.27192
1.2717
1.27122
1.27052
1.26958
1.2683
1.26662
1.26445
1.2618
1.25873
1.25542
1.25214
1.24924
1.24708
1.24596
1.24607
1.24742
1.24985
1.25311
1.25688
1.26087
1.26483
1.26856
1.27192
1.27482
1.27718
1.27896
1.28016
1.28074
1.2807
1.28003
1.27872
1.27675
1.27413
1.27094
1.26732
1.26355
1.26002
1.25718
1.25545
1.25506
1.25595
1.25785
1.26027
1.26275
1.26491
1.26648
1.26738
1.26767
1.26749
1.26707
1.26667
1.26647
1.2666
1.26706
1.26779
1.26867
1.26964
1.2706
1.27154
1.27242
1.27317
1.27366
1.27367
1.27282
1.27067
1.26671
1.26065
1.25283
1.24473
1.23897
1.23817
1.24317
1.25229
1.26269
1.27205
1.27928
1.28429
1.28739
1.289
1.2895
1.28916
1.28818
1.28675
1.28503
1.28322
1.28158
1.28031
1.2796
1.27949
1.27989
1.28054
1.28114
1.28139
1.28111
1.28028
1.27907
1.27784
1.27697
1.27683
1.27756
1.27912
1.28124
1.28361
1.28596
1.28809
1.2899
1.29137
1.29247
1.29325
1.29371
1.29388
1.29381
1.29355
1.29318
1.29277
1.29241
1.29218
1.29214
1.29231
1.29268
1.2932
1.29376
1.29423
1.29445
1.29428
1.29358
1.29226
1.29029
1.28773
1.28469
1.28141
1.27816
1.27528
1.27306
1.27169
1.27106
1.27076
1.27004
1.268
1.26383
1.25719
1.24845
1.23883
1.23021
1.22467
1.22395
1.22869
1.23797
1.24959
1.26121
1.27124
1.27907
1.28475
1.28864
1.29117
1.2927
1.29353
1.29389
1.29392
1.29373
1.29336
1.29283
1.29214
1.29128
1.29023
1.28898
1.28755
1.28598
1.28434
1.28271
1.28118
1.27981
1.27865
1.27769
1.27686
1.2761
1.27532
1.27445
1.27345
1.27228
1.27094
1.26938
1.26757
1.26545
1.263
1.2602
1.25707
1.25368
1.25018
1.24675
1.24367
1.24128
1.23993
1.23987
1.24114
1.24349
1.24641
1.24932
1.25167
1.25305
1.25324
1.25221
1.25015
1.24747
1.24477
1.24276
1.24202
1.24279
1.2449
1.24786
1.25109
1.25408
1.25654
1.25834
1.25952
1.26016
1.26038
1.26029
1.25999
1.25955
1.25903
1.25843
1.25775
1.25696
1.25601
1.25484
1.2534
1.2517
1.24979
1.24783
1.24606
1.24478
1.24421
1.24441
1.24516
1.24594
1.24608
1.24488
1.24186
1.23704
1.23127
1.22626
1.224
1.2256
1.23057
1.23711
1.24329
1.24783
1.25028
1.25072
1.24957
1.24736
1.24464
1.24197
1.2398
1.23849
1.23826
1.23928
1.24158
1.24505
1.24934
1.25391
1.25813
1.26143
1.26341
1.26394
1.26318
1.26157
1.25979
1.25854
1.25832
1.25927
1.26115
1.26354
1.26604
1.26832
1.27015
1.27136
1.27173
1.27112
1.26939
1.26657
1.26288
1.25882
1.25517
1.25286
1.2526
1.2546
1.25845
1.26334
1.26841
1.27301
1.27677
1.27957
1.28142
1.28238
1.28254
1.28197
1.28079
1.27913
1.27715
1.27508
1.27317
1.27167
1.27076
1.27055
1.27102
1.27209
1.27358
1.27532
1.27715
1.27893
1.28055
1.28197
1.28313
1.28404
1.28471
1.28517
1.28544
1.28557
1.28558
1.2855
1.28535
1.28512
1.2848
1.28437
1.28378
1.28302
1.28205
1.28086
1.27947
1.27793
1.27631
1.27473
1.27335
1.27233
1.27183
1.27197
1.27285
1.27447
1.27674
1.27952
1.28265
1.28594
1.28923
1.2924
1.29536
1.29805
1.30042
1.30246
1.30412
1.30537
1.30616
1.30641
1.30605
1.30502
1.30328
1.30088
1.29797
1.29486
1.29193
1.28951
1.28766
1.28603
1.28392
1.2805
1.27531
1.26869
1.26204
1.25743
1.25636
1.25878
1.26317
1.26767
1.2711
1.27312
1.274
1.2742
1.27418
1.27428
1.27473
1.27566
1.27712
1.27909
1.28145
1.28401
1.28647
1.28847
1.28968
1.28982
1.28874
1.28642
1.28295
1.27856
1.27354
1.26825
1.26308
1.25843
1.25464
1.25201
1.25071
1.25083
1.25231
1.25504
1.25876
1.26318
1.26795
1.27274
1.27726
1.28128
1.28467
1.28738
1.28942
1.29087
1.29182
1.29234
1.29247
1.2922
1.29148
1.29027
1.28854
1.28632
1.28372
1.28091
1.27815
1.2757
1.27382
1.27265
1.27225
1.27251
1.27324
1.27417
1.27502
1.27554
1.27554
1.27492
1.27364
1.2718
1.26958
1.26727
1.26524
1.26387
1.26347
1.26421
1.26605
1.26874
1.27193
1.27519
1.27815
1.28051
1.28208
1.2828
1.28269
1.28187
1.2805
1.2788
1.27699
1.27526
1.27378
1.27269
1.27214
1.27225
1.27314
1.27482
1.2772
1.28001
1.28293
1.28556
1.28755
1.28861
1.28854
1.28727
1.28486
1.28157
1.27776
1.27387
1.27019
1.26676
1.26341
1.25994
1.25649
1.25357
1.25195
1.25224
1.25451
1.25824
1.26255
1.26656
1.26955
1.27113
1.27117
1.26978
1.26732
1.26432
1.26137
1.25905
1.2577
1.25742
1.25805
1.25935
1.26106
1.26302
1.26516
1.26747
1.27
1.27274
1.2757
1.27883
1.28205
1.28527
1.28839
1.29131
1.29395
1.29623
1.2981
1.29952
1.30048
1.30097
1.30099
1.30056
1.2997
1.29846
1.29687
1.29499
1.29287
1.29057
1.28813
1.2856
1.28301
1.28038
1.27776
1.27518
1.27268
1.27031
1.26814
1.26621
1.26455
1.2632
1.26216
1.26143
1.26102
1.26094
1.2612
1.26179
1.26271
1.2639
1.26528
1.26678
1.26826
1.26964
1.27078
1.27161
1.27204
1.272
1.27146
1.2704
1.26885
1.26686
1.26453
1.262
1.25944
1.25705
1.255
1.25346
1.25249
1.25209
1.25218
1.25264
1.25332
1.25408
1.25482
1.25547
1.25599
1.25635
1.25656
1.25667
1.25672
1.25678
1.25689
1.25711
1.25745
1.25789
1.2584
1.25893
1.25945
1.2599
1.26026
1.26052
1.26067
1.26072
1.26067
1.26054
1.26033
1.26004
1.25967
1.25921
1.25865
1.25797
1.25716
1.25621
1.25509
1.25379
1.25226
1.25043
1.24812
1.24503
1.24068
1.23448
1.22604
1.21582
1.206
1.20044
1.20253
1.21226
1.22614
1.24001
1.25138
1.2596
1.26504
1.26835
1.27013
1.27086
1.27082
1.27022
1.26919
1.26782
1.26617
1.26429
1.26224
1.26007
1.25781
1.25549
1.25311
1.25063
1.24804
1.24532
1.24253
1.23981
1.23739
1.23553
1.23443
1.23406
1.23417
1.23434
1.23406
1.23289
1.23057
1.22709
1.22277
1.21823
1.21437
1.21216
1.21235
1.21517
1.22024
1.22677
1.23382
1.24058
1.24652
1.25136
1.25503
1.25758
1.25913
1.25981
1.25975
1.25908
1.25793
1.25639
1.25457
1.25257
1.25048
1.24836
1.24626
1.2442
1.24218
1.24016
1.23813
1.23606
1.23399
1.23197
1.23011
1.22853
1.22736
1.22671
1.22662
1.22707
1.22798
1.22922
1.2306
1.23196
1.23315
1.23406
1.23466
1.23499
1.23514
1.23519
1.23523
1.23526
1.23523
1.23507
1.2347
1.23415
1.23357
1.23318
1.23323
1.23389
1.23522
1.23708
1.23925
1.24142
1.24333
1.24473
1.24545
1.24539
1.24454
1.243
1.24101
1.23896
1.23735
1.23665
1.23714
1.23878
1.24125
1.24404
1.24668
1.24885
1.25036
1.25119
1.2514
1.25112
1.25047
1.24954
1.24842
1.24712
1.2456
1.24377
1.24149
1.23865
1.23519
1.23115
1.22679
1.2225
1.21878
1.21608
1.2147
1.2147
1.21607
1.21868
1.22234
1.22674
1.23153
1.23637
1.24103
1.24537
1.24924
1.25243
1.25465
1.25561
1.25506
1.25307
1.25017
1.24745
1.24627
1.24763
1.2516
1.25728
1.26334
1.26868
1.27269
1.2752
1.27634
1.27632
1.2754
1.27378
1.27163
1.26908
1.26627
1.26329
1.26024
1.25721
1.25432
1.25166
1.24931
1.24736
1.24586
1.24484
1.24432
1.24425
1.24457
1.2452
1.24603
1.24694
1.2478
1.24847
1.24878
1.24859
1.24771
1.24598
1.24325
1.23948
1.23476
1.22941
1.22404
1.21947
1.21656
1.21593
1.21771
1.22147
1.22643
1.23169
1.2365
1.24033
1.24287
1.244
1.24371
1.24217
1.23974
1.23708
1.23501
1.23436
1.2356
1.23865
1.24293
1.24764
1.25208
1.25578
1.25854
1.26034
1.26127
1.26143
1.26094
1.25993
1.2585
1.25675
1.25477
1.25265
1.25047
1.2483
1.24616
1.24408
1.24204
1.24
1.23789
1.2356
1.23299
1.23002
1.22672
1.22339
1.22053
1.21877
1.21862
1.22015
1.22294
1.22624
1.22927
1.23149
1.2327
1.2331
1.23313
1.23331
1.23407
1.23558
1.23768
1.24
1.2421
1.2435
1.24384
1.24283
1.24026
1.23605
1.23028
1.2233
1.21575
1.2086
1.20299
1.19989
1.19978
1.20252
1.2074
1.21346
1.21979
1.22569
1.2307
1.2346
1.2373
1.23882
1.23929
1.23888
1.23785
1.23647
1.23505
1.23384
1.23304
1.23269
1.23272
1.23294
1.23311
1.23296
1.23229
1.23101
1.22911
1.22674
1.22411
1.22148
1.21912
1.21721
1.21586
1.21507
1.21476
1.21485
1.21524
1.21587
1.21667
1.21758
1.21854
1.21947
1.22032
1.22103
1.22157
1.22191
1.22203
1.22192
1.22157
1.22098
1.22014
1.21907
1.21776
1.21618
1.21427
1.21197
1.20918
1.20582
1.2019
1.1975
1.19287
1.18843
1.18473
1.18234
1.18167
1.18284
1.18564
1.18963
1.19426
1.19899
1.20345
1.20737
1.21062
1.21313
1.2149
1.21592
1.21622
1.21578
1.2146
1.21265
1.20987
1.20617
1.20149
1.1958
1.18932
1.18264
1.17685
1.17335
1.17329
1.1769
1.18336
1.19118
1.19896
1.2058
1.21132
1.21551
1.21853
1.22057
1.22183
1.22244
1.22249
1.22209
1.2213
1.22025
1.21906
1.21791
1.21695
1.21632
1.2161
1.21628
1.21676
1.21737
1.21793
1.21826
1.21823
1.21776
1.21688
1.21567
1.21432
1.21305
1.21211
1.21169
1.21191
1.21274
1.21408
1.21574
1.21755
1.21935
1.22103
1.22256
1.22392
1.22514
1.22624
1.22726
1.22823
1.22919
1.23016
1.23116
1.23221
1.23332
1.23449
1.23575
1.23708
1.2385
1.23999
1.24153
1.24311
1.24467
1.24617
1.24754
1.24871
1.24957
1.25002
1.24994
1.24923
1.24782
1.24572
1.2431
1.24029
1.23778
1.23614
1.23581
1.23692
1.23923
1.24227
1.24548
1.24843
1.25088
1.25278
1.25422
1.25535
1.25636
1.25738
1.25848
1.25964
1.26078
1.26179
1.26253
1.26289
1.26277
1.26211
1.26085
1.25894
1.25634
1.25299
1.24886
1.24401
1.23859
1.23287
1.22728
1.22236
1.21869
1.21686
1.2173
1.22016
1.22522
1.23193
1.2395
1.2471
1.25405
1.25986
1.26427
1.26723
1.2688
1.26917
1.26859
1.26741
1.26598
1.26464
1.26364
1.26312
1.26304
1.26329
1.26369
1.26405
1.26425
1.26423
1.26397
1.26349
1.26284
1.26205
1.26114
1.26014
1.25902
1.2578
1.25644
1.25495
1.25334
1.25163
1.24989
1.24818
1.2466
1.24523
1.24414
1.24338
1.24295
1.24279
1.24283
1.24294
1.24298
1.24277
1.24214
1.24087
1.23875
1.2356
1.23133
1.22612
1.22048
1.21538
1.21202
1.21137
1.21368
1.21834
1.22422
1.23021
1.23551
1.23971
1.24268
1.24441
1.24494
1.24429
1.2425
1.2396
1.23567
1.23093
1.22571
1.22054
1.21598
1.21252
1.21041
1.20964
1.21005
1.2114
1.21347
1.21606
1.21898
1.22201
1.22501
1.22784
1.23046
1.23285
1.235
1.23691
1.23857
1.23995
1.24105
1.24183
1.24229
1.24242
1.24224
1.24176
1.24106
1.2402
1.23927
1.23837
1.23762
1.2371
1.23685
1.23688
1.23714
1.23756
1.23805
1.2385
1.23885
1.23902
1.23901
1.23881
1.23842
1.23789
1.23723
1.23649
1.23567
1.23481
1.23391
1.23299
1.23205
1.2311
1.23019
1.22936
1.22867
1.22822
1.22811
1.22841
1.22919
1.23045
1.23214
1.23412
1.23624
1.2383
1.24012
1.24153
1.24243
1.24274
1.24245
1.2416
1.24024
1.23848
1.2364
1.23403
1.23137
1.22834
1.22483
1.22074
1.21602
1.21083
1.20548
1.20053
1.19668
1.19457
1.19461
1.19678
1.20066
1.20555
1.21075
1.21569
1.22003
1.2236
1.22638
1.22844
1.22986
1.23078
1.23128
1.23146
1.23138
1.23109
1.23059
1.2299
1.22899
1.22783
1.22638
1.2246
1.22249
1.22005
1.21735
1.2145
1.21166
1.20903
1.20683
1.20521
1.20426
1.20401
1.2044
1.20531
1.20666
1.20837
1.21038
1.21263
1.21505
1.21755
1.21998
1.22214
1.22379
1.22465
1.22446
1.22302
1.22027
1.21643
1.21209
1.20815
1.20555
1.20489
1.20611
1.20857
1.21141
1.2139
1.21558
1.21626
1.21593
1.21465
1.21255
1.20977
1.2065
1.20307
1.2
1.19798
1.1977
1.19963
1.20366
1.20914
1.21513
1.22073
1.22534
1.22871
1.23086
1.23198
1.23236
1.23228
1.23199
1.2317
1.23153
1.23152
1.2317
1.23205
1.23258
1.2333
1.23423
1.23538
1.23675
1.23826
1.23983
1.24135
1.24273
1.24393
1.24491
1.2457
1.2463
1.24675
1.24706
1.24727
1.24741
1.24757
1.24782
1.24827
1.24901
1.25007
1.25143
1.25301
1.25469
1.25636
1.25795
1.25939
1.26068
1.26182
1.26282
1.26371
1.26451
1.26525
1.26599
1.26677
1.26767
1.26873
1.27001
1.27151
1.27321
1.27506
1.27697
1.27885
1.28062
1.28217
1.28344
1.28431
1.28467
1.28439
1.28327
1.28107
1.27748
1.2722
1.265
1.25589
1.24542
1.23477
1.22565
1.21967
1.2176
1.21906
1.22297
1.22814
1.23369
1.2391
1.24418
1.24892
1.25337
1.25759
1.26159
1.26536
1.26885
1.27199
1.27467
1.27684
1.27843
1.27942
1.27983
1.27969
1.27909
1.27814
1.27695
1.27568
1.27447
1.27345
1.2727
1.27225
1.27207
1.27208
1.27218
1.27227
1.27227
1.27213
1.27183
1.27138
1.2708
1.27011
1.26937
1.26859
1.26783
1.26711
1.26646
1.26588
1.26538
1.26497
1.26461
1.26431
1.26403
1.26376
1.26348
1.26319
1.26291
1.26264
1.26241
1.26223
1.26214
1.26213
1.2622
1.26231
1.26241
1.26242
1.26224
1.26176
1.26089
1.25957
1.25783
1.25578
1.25364
1.25171
1.25023
1.24932
1.24891
1.24868
1.24823
1.24716
1.24519
1.24232
1.23885
1.23541
1.23277
1.23159
1.23219
1.23438
1.23759
1.24117
1.24456
1.24742
1.2496
1.25109
1.25196
1.2523
1.25221
1.25178
1.25109
1.25021
1.2492
1.2481
1.24696
1.24582
1.24469
1.24359
1.24251
1.24145
1.24037
1.2392
1.23787
1.2363
1.23439
1.23205
1.22924
1.22597
1.22234
1.21852
1.21481
1.21154
1.20899
1.20733
1.20655
1.20649
1.2069
1.20752
1.20815
1.20866
1.20901
1.20921
1.20934
1.2095
1.2098
1.21039
1.21138
1.21281
1.21464
1.21675
1.219
1.22122
1.2233
1.22518
1.22683
1.22825
1.22943
1.23038
1.23107
1.23146
1.23152
1.23119
1.23044
1.22924
1.2276
1.22554
1.22311
1.22044
1.2177
1.21511
1.21294
1.2114
1.21061
1.21056
1.21113
1.21211
1.21333
1.21462
1.21593
1.21721
1.21848
1.21974
1.221
1.22225
1.22347
1.22463
1.22568
1.22657
1.22726
1.2277
1.22783
1.22762
1.22707
1.22622
1.22512
1.2239
1.2227
1.22165
1.22084
1.22027
1.21983
1.21934
1.21853
1.21715
1.215
1.21197
1.20813
1.20372
1.19922
1.1952
1.19222
1.19065
1.19054
1.19172
1.19394
1.197
1.20078
1.20517
1.21003
1.21511
1.2201
1.22472
1.22875
1.23206
1.23465
1.23655
1.23789
1.23877
1.23932
1.23964
1.2398
1.23984
1.23979
1.23962
1.23933
1.23887
1.23822
1.23732
1.23614
1.23464
1.23281
1.23069
1.22835
1.22595
1.22374
1.22197
1.22089
1.22068
1.22133
1.22273
1.22465
1.22683
1.22904
1.23114
1.23305
1.23473
1.23622
1.23753
1.23871
1.23976
1.24071
1.24156
1.24229
1.24288
1.24329
1.24349
1.24345
1.24312
1.24247
1.24148
1.24018
1.23861
1.23687
1.23508
1.23341
1.23202
1.23107
1.23066
1.23084
1.23162
1.23293
1.23469
1.23675
1.23899
1.24125
1.24344
1.24546
1.24725
1.24877
1.25
1.25091
1.25151
1.25178
1.25172
1.25134
1.25069
1.2498
1.24877
1.2477
1.24672
1.24598
1.2456
1.24569
1.24632
1.2475
1.24925
1.2515
1.25419
1.25723
1.26048
1.26384
1.26718
1.27039
1.27339
1.27608
1.27842
1.28033
1.28177
1.2827
1.28309
1.28292
1.28215
1.28081
1.2789
1.27648
1.27363
1.27048
1.26719
1.26397
1.26107
1.25872
1.25715
1.25649
1.25681
1.25804
1.25999
1.2624
1.26494
1.26727
1.26907
1.27013
1.27031
1.2696
1.26815
1.26624
1.26424
1.26258
1.26159
1.2615
1.26234
1.26396
1.26615
1.26862
1.27112
1.27342
1.27535
1.27677
1.27757
1.27768
1.27709
1.2758
1.2739
1.27155
1.26896
1.2664
1.26419
1.26265
1.262
1.26235
1.26366
1.26569
1.2681
1.27046
1.27238
1.27354
1.2737
1.27278
1.27087
1.26818
1.26512
1.26217
1.25988
1.25867
1.25872
1.25994
1.26202
1.26455
1.26714
1.26951
1.27147
1.27297
1.274
1.27459
1.2748
1.27471
1.27437
1.27382
1.27311
1.27225
1.27124
1.27008
1.26874
1.26722
1.26551
1.26361
1.26156
1.2594
1.25722
1.25508
1.2531
1.25134
1.24987
1.2487
1.24783
1.2472
1.24671
1.24623
1.24564
1.24477
1.2435
1.24179
1.23973
1.23761
1.23591
1.23519
1.23589
1.23814
1.24164
1.24583
1.25009
1.25392
1.25703
1.25929
1.26073
1.26141
1.26143
1.26091
1.25994
1.25862
1.25703
1.25523
1.25325
1.25117
1.24903
1.24694
1.2451
1.2437
1.24298
1.24307
1.24393
1.24541
1.24723
1.24908
1.25074
1.25209
1.25311
1.25385
1.25442
1.25495
1.25554
1.25629
1.25721
1.25832
1.25955
1.26086
1.26216
1.26339
1.26453
1.26558
1.26657
1.26756
1.26861
1.26977
1.27106
1.27247
1.27395
1.27546
1.27692
1.27826
1.27943
1.28036
1.281
1.2813
1.28119
1.28062
1.2795
1.2778
1.27546
1.27249
1.26898
1.2651
1.26112
1.25738
1.2542
1.25177
1.25013
1.24912
1.24853
1.24817
1.24794
1.24789
1.24808
1.24849
1.24899
1.24935
1.24928
1.24859
1.24724
1.24533
1.2431
1.24086
1.23894
1.23757
1.23689
1.23692
1.2376
1.23879
1.24034
1.24213
1.24399
1.24582
1.2475
1.24894
1.2501
1.25092
1.25141
1.25156
1.25139
1.2509
1.25012
1.24907
1.24776
1.24623
1.2445
1.24265
1.24072
1.2388
1.23696
1.23529
1.23383
1.23263
1.23167
1.23092
1.23033
1.22982
1.22934
1.22884
1.22831
1.22777
1.22728
1.22694
1.22685
1.22708
1.2277
1.22869
1.22998
1.23145
1.23296
1.23437
1.23557
1.23645
1.23697
1.23708
1.23679
1.23608
1.23499
1.23356
1.23184
1.22991
1.22788
1.22585
1.22396
1.22233
1.22106
1.2202
1.21975
1.21969
1.2199
1.22028
1.22068
1.22096
1.22101
1.22077
1.22028
1.21966
1.21915
1.21906
1.21967
1.22119
1.22364
1.22689
1.23068
1.23475
1.23887
1.24287
1.24667
1.2502
1.25339
1.25618
1.25846
1.2601
1.26093
1.2608
1.25951
1.25689
1.25278
1.24716
1.24014
1.23215
1.22387
1.21622
1.21014
1.20633
1.20509
1.20636
1.20976
1.21475
1.22066
1.22686
1.23278
1.23803
1.24232
1.24553
1.24761
1.24858
1.24854
1.24761
1.24596
1.24378
1.2413
1.23874
1.23633
1.23426
1.23268
1.23165
1.23117
1.23116
1.23153
1.23218
1.23301
1.23396
1.23502
1.23615
1.23737
1.23865
1.23995
1.24123
1.24242
1.24348
1.24434
1.24495
1.24526
1.24522
1.24481
1.24398
1.2427
1.24097
1.23885
1.23645
1.23399
1.23176
1.23009
1.22926
1.22939
1.23044
1.23218
1.2343
1.23651
1.23862
1.24053
1.24223
1.24378
1.24524
1.24666
1.24806
1.24938
1.25054
1.25138
1.25175
1.25148
1.25045
1.24859
1.24593
1.24262
1.23889
1.23512
1.2317
1.22899
1.22723
1.22653
1.22682
1.22795
1.22974
1.232
1.23457
1.23727
1.2399
1.2423
1.24433
1.24592
1.24707
1.24781
1.2482
1.24829
1.24811
1.24763
1.24686
1.2458
1.24452
1.24317
1.24198
1.24121
1.24109
1.24171
1.24301
1.24479
1.24677
1.24869
1.25034
1.25162
1.25249
1.253
1.2532
1.25318
1.253
1.25272
1.25237
1.25198
1.25154
1.25108
1.25058
1.25007
1.24955
1.24903
1.24851
1.24802
1.24754
1.2471
1.2467
1.24633
1.24602
1.24574
1.24552
1.24534
1.24521
1.24511
1.24505
1.24503
1.24503
1.24505
1.24508
1.24512
1.24517
1.24521
1.24525
1.24529
1.24533
1.24537
1.24542
1.24549
1.24558
1.24569
1.24582
1.24595
1.24606
1.2461
1.24599
1.24566
1.24498
1.24383
1.2421
1.23972
1.23673
1.23338
1.23009
1.22752
1.2263
1.22682
1.22901
1.23239
1.23622
1.23981
1.24264
1.24444
1.24509
1.24458
1.243
1.24044
1.23707
1.23307
1.2287
1.22429
1.22024
1.21703
1.21509
1.21478
1.2162
1.2192
1.22338
1.22821
1.23318
1.2379
1.2421
1.24567
1.24854
1.25074
1.25228
1.25321
1.25356
1.25335
1.2526
1.25135
1.24964
1.24755
1.24516
1.24264
1.24012
1.2378
1.23584
1.23436
1.23342
1.23302
1.23308
1.23347
1.234
1.23448
1.23471
1.23453
1.23381
1.23255
1.23086
1.22901
1.22742
1.2266
1.22696
1.22866
1.23153
1.23511
1.23884
1.24225
1.24502
1.24703
1.24827
1.24884
1.24887
1.24851
1.2479
1.24717
1.24645
1.24583
1.24538
1.24513
1.2451
1.24525
1.24553
1.24589
1.24626
1.2466
1.24686
1.24702
1.24707
1.24702
1.24689
1.2467
1.2465
1.24632
1.24618
1.24612
1.24612
1.2462
1.24631
1.24643
1.24651
1.24648
1.24631
1.24594
1.24535
1.24453
1.24351
1.24234
1.24114
1.24005
1.23921
1.23875
1.23875
1.23924
1.24018
1.24148
1.24307
1.24487
1.24682
1.24883
1.2508
1.25262
1.25417
1.25534
1.25603
1.25623
1.25592
1.25513
1.25385
1.25205
1.24962
1.2465
1.2427
1.23847
1.23435
1.23109
1.22938
1.22957
1.23149
1.23462
1.23835
1.2422
1.24585
1.24915
1.25201
1.25437
1.25616
1.25731
1.25777
1.25751
1.25653
1.25492
1.25285
1.25062
1.2486
1.24718
1.24669
1.24726
1.24884
1.25123
1.25411
1.25718
1.26013
1.26267
1.26455
1.2656
1.26568
1.26477
1.26292
1.26027
1.25703
1.25346
1.24985
1.24646
1.24356
1.24138
1.24005
1.23964
1.24005
1.2411
1.24248
1.24383
1.24479
1.2451
1.24461
1.24336
1.24155
1.23953
1.23772
1.23642
1.23575
1.23554
1.23536
1.23466
1.23292
1.22986
1.2256
1.22078
1.21652
1.21409
1.21442
1.2177
1.2233
1.23015
1.23718
1.24363
1.24914
1.25371
1.25748
1.26065
1.2634
1.2658
1.26787
1.26958
1.27089
1.27173
1.27208
1.27193
1.27126
1.27008
1.26839
1.2662
1.26353
1.26039
1.25682
1.25287
1.24862
1.24418
1.23966
1.23523
1.23102
1.22716
1.22376
1.2209
1.2186
1.21687
1.21563
1.21482
1.21432
1.21403
1.21383
1.21366
1.21346
1.21325
1.21307
1.21297
1.21305
1.21337
1.21397
1.21484
1.21589
1.21698
1.21795
1.21864
1.2189
1.21866
1.21789
1.21666
1.21508
1.21331
1.21153
1.20993
1.20863
1.20771
1.20714
1.2068
1.20654
1.20615
1.20543
1.20422
1.20244
1.20012
1.19742
1.19466
1.19227
1.19066
1.19015
1.19078
1.19235
1.19448
1.19677
1.19888
1.2006
1.20185
1.20262
1.20296
1.20294
1.20265
1.20215
1.20154
1.20086
1.20018
1.19955
1.19901
1.19858
1.19831
1.1982
1.19826
1.19849
1.19887
1.19938
1.19999
1.20067
1.20137
1.20204
1.20263
1.20307
1.2033
1.20324
1.2028
1.20188
1.20038
1.19818
1.19521
1.19138
1.1867
1.18127
1.17536
1.16945
1.16423
1.16048
1.15886
1.15964
1.16259
1.16708
1.17231
1.17759
1.18243
1.18653
1.18975
1.19206
1.19349
1.1941
1.19398
1.19322
1.19196
1.19029
1.18834
1.18624
1.1841
1.18205
1.18017
1.17854
1.17722
1.1762
1.17548
1.17499
1.17468
1.1745
1.1744
1.1744
1.17452
1.17485
1.17545
1.17641
1.17777
1.1795
1.18154
1.18378
1.18608
1.18831
1.19034
1.19208
1.19344
1.19435
1.19477
1.19464
1.1939
1.1925
1.19041
1.18765
1.18431
1.18067
1.17718
1.17442
1.17296
1.17318
1.17504
1.17816
1.18194
1.1858
1.1893
1.1922
1.1944
1.19593
1.19686
1.19726
1.19724
1.19686
1.19621
1.19536
1.19437
1.1933
1.19221
1.19111
1.19003
1.18894
1.18779
1.18655
1.18519
1.18375
1.18231
1.18099
1.17991
1.17913
1.17865
1.17836
1.17809
1.17766
1.1769
1.17572
1.17411
1.17212
1.16987
1.16757
1.16547
1.16383
1.16291
1.1629
1.16387
1.16575
1.16835
1.17137
1.1745
1.17745
1.18001
1.18205
1.18358
1.18467
1.18544
1.18605
1.18662
1.18722
1.18786
1.1885
1.18907
1.18949
1.1897
1.18969
1.18944
1.189
1.18841
1.18773
1.18698
1.1862
1.18541
1.18462
1.18383
1.18306
1.18234
1.18168
1.18112
1.18069
1.18041
1.18026
1.18025
1.18033
1.18047
1.18063
1.18076
1.18084
1.18087
1.18086
1.18081
1.18077
1.18076
1.18078
1.18085
1.18093
1.18101
1.18104
1.18101
1.18089
1.1807
1.18049
1.18031
1.18024
1.18034
1.18066
1.18117
1.1818
1.18244
1.18292
1.1831
1.18289
1.18222
1.18115
1.1798
1.17838
1.17715
1.17637
1.17621
1.17677
1.17802
1.17982
1.18199
1.18436
1.18675
1.18903
1.19114
1.19299
1.19455
1.19579
1.19665
1.19711
1.19715
1.19674
1.19588
1.19461
1.193
1.19117
1.18925
1.18742
1.1858
1.1845
1.18358
1.18303
1.18285
1.18301
1.18347
1.18419
1.18512
1.18616
1.18722
1.18821
1.18907
1.18975
1.19026
1.19061
1.19079
1.19081
1.19059
1.19008
1.18918
1.18786
1.18612
1.18412
1.18211
1.18045
1.17949
1.17948
1.18046
1.18226
1.18455
1.18701
1.18936
1.19145
1.19321
1.19466
1.19585
1.19683
1.19767
1.1984
1.19904
1.19958
1.20003
1.20036
1.20055
1.20057
1.20041
1.20004
1.19946
1.19868
1.19772
1.19663
1.19545
1.1943
1.19326
1.19246
1.19202
1.19203
1.19255
1.19359
1.19513
1.19708
1.19933
1.20174
1.20416
1.2065
1.20864
1.21054
1.21215
1.21349
1.21456
1.21539
1.21601
1.21643
1.21666
1.21665
1.21637
1.2157
1.21457
1.21287
1.21058
1.20776
1.20464
1.20158
1.19903
1.19741
1.19696
1.19764
1.19917
1.20112
1.20311
1.20481
1.20609
1.2069
1.20731
1.20742
1.20739
1.20737
1.20748
1.20781
1.20841
1.20925
1.2103
1.21151
1.21278
1.21407
1.2153
1.21645
1.21747
1.21836
1.21912
1.21974
1.22025
1.22066
1.22098
1.22121
1.22138
1.22147
1.22148
1.2214
1.2212
1.22085
1.22031
1.21952
1.21845
1.21705
1.21529
1.21318
1.21076
1.20813
1.20546
1.20293
1.20072
1.19897
1.19772
1.19692
1.19647
1.19626
1.19623
1.19636
1.19668
1.19723
1.198
1.19894
1.19996
1.20093
1.20175
1.20234
1.20268
1.20281
1.20278
1.20272
1.20274
1.20294
1.20338
1.2041
1.20507
1.20621
1.20742
1.20856
1.20953
1.21022
1.21056
1.21053
1.21015
1.20947
1.20863
1.20776
1.20705
1.20665
1.20668
1.20714
1.20795
1.20892
1.20982
1.21047
1.21073
1.21058
1.2101
1.20942
1.20873
1.20821
1.208
1.20819
1.20887
1.21007
1.21176
1.21386
1.21623
1.21867
1.22098
1.22297
1.22451
1.22553
1.226
1.22592
1.2253
1.22419
1.22263
1.22065
1.21832
1.21569
1.21286
1.20994
1.20709
1.20449
1.20231
1.20075
1.19993
1.19991
1.2007
1.20219
1.20426
1.20675
1.20949
1.21233
1.21513
1.21775
1.22007
1.22198
1.22339
1.2242
1.22435
1.22378
1.22246
1.22043
1.21776
1.21464
1.21132
1.20814
1.20543
1.20351
1.20253
1.2025
1.20327
1.20459
1.20621
1.20792
1.20956
1.21104
1.21232
1.21339
1.21425
1.21492
1.21543
1.21581
1.2161
1.21633
1.21654
1.21675
1.21698
1.21725
1.21755
1.21789
1.21826
1.21864
1.21903
1.21939
1.21972
1.21998
1.22013
1.22014
1.21998
1.21961
1.21901
1.21817
1.21707
1.21573
1.21419
1.2125
1.21076
1.20905
1.20752
1.20626
1.20539
1.20497
1.20502
1.20554
1.20647
1.20773
1.20922
1.21087
1.21258
1.21426
1.21584
1.21724
1.21839
1.21926
1.21982
1.22011
1.2202
1.22025
1.22044
1.22092
1.22179
1.22307
1.22461
1.22624
1.22774
1.22892
1.22968
1.22999
1.22986
1.22931
1.22836
1.22701
1.22521
1.22295
1.22024
1.2172
1.21408
1.21129
1.20932
1.20866
1.20959
1.21216
1.21611
1.22102
1.22631
1.23146
1.23599
1.23962
1.24215
1.24353
1.24378
1.24296
1.24118
1.23858
1.23534
1.23171
1.22802
1.22461
1.22182
1.21991
1.21899
1.21901
1.21982
1.2212
1.22296
1.22496
1.22711
1.22932
1.23151
1.23357
1.23536
1.23669
1.23735
1.2371
1.23576
1.23328
1.2299
1.22614
1.22281
1.22075
1.22048
1.22206
1.22504
1.22873
1.2325
1.23591
1.23875
1.24094
1.24251
1.24352
1.24407
1.2442
1.244
1.24352
1.24279
1.24185
1.24072
1.23943
1.23799
1.23641
1.23467
1.23279
1.23075
1.22854
1.22614
1.22356
1.22079
1.21781
1.21463
1.21125
1.20768
1.20393
1.20008
1.19625
1.19268
1.1897
1.18767
1.1869
1.18754
1.18943
1.19225
1.1955
1.19873
1.20161
1.20399
1.20591
1.2075
1.20891
1.21025
1.21149
1.21256
1.21333
1.21367
1.21351
1.21283
1.2117
1.21022
1.20853
1.2068
1.20519
1.20381
1.20276
1.20207
1.20172
1.20167
1.20184
1.20218
1.20261
1.20309
1.20359
1.20409
1.20459
1.20509
1.20559
1.20608
1.20656
1.20703
1.20747
1.20786
1.20815
1.20831
1.20828
1.20799
1.20734
1.20626
1.20464
1.20241
1.19951
1.19596
1.19183
1.18733
1.18273
1.17834
1.1745
1.17148
1.16946
1.16858
1.16891
1.17051
1.17338
1.17743
1.18242
1.18799
1.19371
1.19916
1.20404
1.20821
1.21162
1.21432
1.21638
1.21788
1.21885
1.21929
1.21917
1.21841
1.21697
1.21485
1.21212
1.20895
1.20562
1.20247
1.19985
1.19806
1.19728
1.19759
1.19891
1.20096
1.2033
1.2054
1.20668
1.20671
1.20525
1.20232
1.1982
1.19336
1.18842
1.18414
1.1814
1.18112
1.18394
1.18981
1.1979
1.20691
1.21564
1.22328
1.2295
1.23422
1.23754
1.23961
1.24057
1.24055
1.23966
1.23803
1.23579
1.23308
1.23005
1.22687
1.22366
1.22052
1.21753
1.21472
1.21207
1.20962
1.20739
1.20545
1.20393
1.20295
1.2026
1.20289
1.20369
1.20477
1.2058
1.20644
1.20642
1.20555
1.2038
1.20132
1.19843
1.19563
1.19351
1.19264
1.19335
1.19561
1.199
1.20293
1.2068
1.21019
1.21287
1.21476
1.21592
1.21645
1.21645
1.21603
1.21526
1.21421
1.21292
1.2114
1.20966
1.20766
1.20532
1.20255
1.19918
1.19502
1.18987
1.18361
1.17637
1.16866
1.16149
1.15612
1.15349
1.15368
1.15577
1.15844
1.16058
1.16174
1.16206
1.16212
1.16258
1.16389
1.16616
1.16916
1.17248
1.1757
1.17853
1.18083
1.18256
1.18377
1.18453
1.18493
1.18503
1.18487
1.18449
1.18388
1.18306
1.18201
1.18073
1.17923
1.17755
1.17578
1.17405
1.17254
1.17143
1.17087
1.17095
1.17162
1.17273
1.17406
1.17532
1.17625
1.17663
1.17632
1.17529
1.17372
1.17196
1.17056
1.17011
1.17102
1.17336
1.17676
1.18064
1.18432
1.18726
1.1891
1.18963
1.18874
1.18642
1.1827
1.17776
1.17188
1.16554
1.15935
1.15402
1.15021
1.14838
1.14853
1.15025
1.15281
1.15549
1.15774
1.15935
1.16042
1.16125
1.16225
1.16377
1.16604
1.16911
1.17286
1.17706
1.18142
1.18567
1.18958
1.19298
1.19577
1.19793
1.19948
1.2005
1.20108
1.20133
1.20133
1.20118
1.20092
1.20059
1.2002
1.19974
1.1992
1.19856
1.19779
1.19689
1.19585
1.19464
1.19327
1.19173
1.19002
1.18814
1.18609
1.18388
1.18154
1.17909
1.17657
1.17407
1.17167
1.16951
1.16779
1.1667
1.16642
1.16704
1.1685
1.17058
1.17295
1.17526
1.1772
1.17855
1.17918
1.17909
1.17835
1.1771
1.17551
1.17377
1.17203
1.17042
1.16897
1.16771
1.16665
1.16577
1.16508
1.16456
1.16417
1.16385
1.16356
1.16324
1.16284
1.1623
1.16148
1.16027
1.15867
1.15694
1.15559
1.15521
1.15619
1.1584
1.16125
1.16398
1.16601
1.16703
1.16711
1.1665
1.16557
1.16469
1.16416
1.16416
1.16476
1.1659
1.16749
1.16936
1.17135
1.17332
1.17513
1.1767
1.17797
1.17889
1.17945
1.17964
1.17943
1.17881
1.17775
1.1762
1.17412
1.17147
1.16824
1.16452
1.16053
1.15666
1.15347
1.15152
1.15123
1.15264
1.15541
1.15899
1.16282
1.16648
1.16972
1.17249
1.17482
1.17678
1.17845
1.17988
1.18109
1.18206
1.18274
1.18304
1.18284
1.18204
1.18051
1.17816
1.17497
1.17105
1.16661
1.16205
1.15779
1.15423
1.15161
1.14996
1.14916
1.14902
1.14936
1.15005
1.15098
1.15209
1.15334
1.15477
1.15647
1.1586
1.16125
1.16437
1.16775
1.17103
1.17386
1.17602
1.17742
1.17813
1.17832
1.17817
1.17788
1.17757
1.17735
1.17726
1.1773
1.17748
1.17775
1.17804
1.17823
1.1782
1.17781
1.17691
1.17545
1.17351
1.17134
1.16941
1.1683
1.16853
1.1704
1.1739
1.17872
1.18437
1.19029
1.19595
1.20097
1.2051
1.20825
1.21041
1.21162
1.21194
1.2114
1.21001
1.20767
1.2043
1.19977
1.19404
1.18729
1.17999
1.173
1.16735
1.1639
1.16302
1.16447
1.16767
1.17195
1.17682
1.18192
1.187
1.19186
1.19629
1.20014
1.2033
1.20574
1.20748
1.20861
1.20922
1.20941
1.20927
1.20885
1.20819
1.20731
1.20623
1.20493
1.20341
1.20163
1.19952
1.19695
1.19371
1.18954
1.18419
1.17763
1.17038
1.16381
1.15996
1.16058
1.16591
1.1744
1.18373
1.192
1.19828
1.2024
1.2046
1.20527
1.20483
1.20362
1.20197
1.20013
1.19834
1.19677
1.19557
1.19482
1.19457
1.1948
1.19547
1.19647
1.1977
1.19903
1.20033
1.20146
1.20229
1.20269
1.20257
1.20182
1.20041
1.19836
1.19583
1.19308
1.19056
1.18872
1.18796
1.18844
1.19003
1.19234
1.19494
1.1974
1.19944
1.20092
1.20181
1.20216
1.20202
1.2015
1.20065
1.19954
1.19822
1.19669
1.19494
1.19294
1.1906
1.18783
1.18451
1.18056
1.17594
1.17072
1.16516
1.15965
1.15475
1.15098
1.14868
1.14795
1.1486
1.15036
1.15303
1.15645
1.16055
1.16521
1.17026
1.17547
1.18059
1.1854
1.18974
1.1935
1.19658
1.19897
1.20063
1.20158
1.20185
1.20148
1.20056
1.19921
1.19759
1.19591
1.1944
1.19327
1.19268
1.19269
1.19326
1.19426
1.19552
1.19685
1.19808
1.1991
1.19983
1.20022
1.20026
1.19993
1.19928
1.19833
1.19716
1.19587
1.19456
1.19336
1.19239
1.19174
1.19142
1.1914
1.19159
1.19184
1.19198
1.19189
1.19142
1.19049
1.18907
1.18715
1.1848
1.1821
1.17916
1.17615
1.17323
1.17056
1.16831
1.16658
1.16544
1.16489
1.16489
1.16533
1.1661
1.16707
1.16812
1.16915
1.17009
1.17087
1.17144
1.17172
1.17167
1.17121
1.17035
1.1691
1.16758
1.16601
1.16464
1.16376
1.16361
1.16427
1.1657
1.16768
1.16989
1.17197
1.17362
1.17459
1.17475
1.17406
1.17259
1.17049
1.16797
1.16532
1.1628
1.16069
1.15915
1.15826
1.15798
1.15817
1.15862
1.15908
1.15933
1.15919
1.15857
1.15742
1.15582
1.15389
1.15185
1.14994
1.14845
1.14764
1.14771
1.14871
1.15054
1.15297
1.15571
1.15845
1.16096
1.16308
1.16474
1.16593
1.16668
1.16703
1.16704
1.16676
1.16623
1.1655
1.16462
1.16365
1.16263
1.16164
1.16073
1.15998
1.15944
1.15914
1.1591
1.15927
1.15961
1.16003
1.16043
1.16072
1.16084
1.16074
1.16044
1.16001
1.15954
1.15913
1.15882
1.15856
1.15821
1.15755
1.15632
1.15436
1.15167
1.14854
1.14558
1.14361
1.14336
1.14519
1.1489
1.15386
1.1593
1.16456
1.16928
1.17326
1.17653
1.17915
1.18124
1.18291
1.18429
1.18545
1.18649
1.18745
1.18838
1.18931
1.19024
1.19119
1.19215
1.19312
1.1941
1.1951
1.19614
1.19723
1.1984
1.19966
1.20101
1.20246
1.20399
1.20557
1.20716
1.20871
1.21017
1.21149
1.21264
1.2136
1.21439
1.21504
1.21562
1.2162
1.21683
1.21755
1.21835
1.21916
1.21987
1.22037
1.22054
1.22029
1.21956
1.21836
1.21673
1.21475
1.21252
1.21016
1.20783
1.20569
1.20394
1.20279
1.20242
1.20292
1.20423
1.20611
1.20826
1.2104
1.21237
1.21418
1.21599
1.21803
1.22051
1.22351
1.22703
1.23095
1.23507
1.2392
1.24314
1.24676
1.24994
1.25266
1.25489
1.25665
1.25796
1.25887
1.25942
1.25965
1.2596
1.25931
1.25883
1.25818
1.25741
1.25656
1.25564
1.25469
1.25372
1.25272
1.25168
1.25056
1.24933
1.24794
1.24636
1.2446
1.2427
1.24076
1.23897
1.23756
1.23673
1.23667
1.23739
1.23878
1.24063
1.24265
1.24457
1.24615
1.24726
1.2478
1.24773
1.24705
1.24581
1.24408
1.242
1.23974
1.23755
1.23568
1.23442
1.23396
1.2344
1.23567
1.23757
1.23979
1.24199
1.24382
1.24502
1.24539
1.24486
1.24346
1.2414
1.23905
1.2369
1.23547
1.23509
1.23581
1.23734
1.2392
1.24086
1.2419
1.24207
1.24128
1.23959
1.23713
1.23411
1.23078
1.2274
1.22425
1.22154
1.21945
1.21804
1.2173
1.21711
1.2173
1.21769
1.21811
1.21843
1.2186
1.21859
1.21844
1.21821
1.21794
1.21771
1.21753
1.21739
1.21728
1.21712
1.21687
1.21645
1.21584
1.21503
1.21404
1.21295
1.21182
1.21078
1.20991
1.20931
1.209
1.209
1.20926
1.20971
1.21026
1.21083
1.21133
1.21169
1.21187
1.21186
1.21165
1.21125
1.21068
1.21
1.20924
1.20847
1.20772
1.20707
1.20654
1.20617
1.20597
1.20597
1.20613
1.20644
1.20687
1.20736
1.20787
1.20834
1.20874
1.20902
1.20914
1.20909
1.20882
1.20834
1.20762
1.20666
1.20547
1.20406
1.20248
1.20082
1.19918
1.19773
1.19663
1.19601
1.19598
1.19654
1.19764
1.19913
1.20084
1.20258
1.20415
1.20538
1.2061
1.20613
1.20529
1.2034
1.20031
1.19597
1.1906
1.18481
1.17968
1.17649
1.17621
1.17894
1.18391
1.18989
1.1958
1.20098
1.20519
1.20846
1.21096
1.21285
1.2143
1.21544
1.21634
1.21703
1.21752
1.21778
1.21774
1.21729
1.2163
1.21462
1.21213
1.20878
1.20468
1.20022
1.19605
1.19298
1.1917
1.19247
1.195
1.19863
1.20267
1.20658
1.21006
1.21302
1.21544
1.21738
1.21887
1.21997
1.22073
1.22124
1.22157
1.22183
1.22208
1.22238
1.22274
1.22311
1.2234
1.2235
1.22329
1.22266
1.22154
1.2199
1.21776
1.21517
1.21216
1.20878
1.20512
1.20136
1.19792
1.19546
1.19478
1.19644
1.20043
1.20609
1.21239
1.21828
1.22311
1.22663
1.22898
1.23051
1.23168
1.23284
1.23423
1.23585
1.23754
1.2391
1.24029
1.24099
1.24113
1.24072
1.23987
1.23869
1.23739
1.23616
1.23524
1.23482
1.23502
1.23589
1.23734
1.23923
1.24134
1.24348
1.24548
1.24722
1.24864
1.24972
1.25047
1.25089
1.25104
1.25094
1.25064
1.25018
1.24962
1.24899
1.24831
1.24759
1.24683
1.24602
1.24515
1.24419
1.2431
1.24179
1.24016
1.23816
1.23601
1.23424
1.23369
1.23507
1.23855
1.24355
1.24898
1.25376
1.25711
1.2587
1.2585
1.25679
1.254
1.25073
1.2476
1.24509
1.24338
1.24223
1.24111
1.23943
1.23679
1.23316
1.22906
1.22536
1.22299
1.22242
1.22342
1.22517
1.22675
1.22761
1.22774
1.22756
1.22763
1.22839
1.22991
1.23198
1.23427
1.23652
1.23859
1.24045
1.2421
1.2435
1.24455
1.24512
1.24507
1.24433
1.24291
1.2409
1.23851
1.23604
1.23381
1.23213
1.23118
1.23102
1.23156
1.23264
1.23407
1.23565
1.2372
1.23858
1.23966
1.24031
1.24046
1.24006
1.23913
1.23774
1.23603
1.23416
1.2323
1.2305
1.22875
1.22699
1.22517
1.22338
1.22189
1.22113
1.22144
1.22299
1.22556
1.22868
1.2318
1.23443
1.23632
1.23739
1.23775
1.2376
1.23717
1.23671
1.23642
1.23649
1.23705
1.2382
1.23995
1.24224
1.24492
1.24778
1.25061
1.25323
1.25546
1.25723
1.25845
1.2591
1.25918
1.25869
1.25766
1.25613
1.2542
1.25195
1.24951
1.24706
1.24477
1.24281
1.24134
1.24049
1.24031
1.24077
1.24179
1.24322
1.24489
1.2466
1.2482
1.24957
1.25063
1.25135
1.25176
1.25189
1.25177
1.25142
1.2508
1.24982
1.24842
1.24659
1.24449
1.2425
1.24122
1.24122
1.24286
1.24605
1.25033
1.25507
1.25968
1.26378
1.26722
1.26997
1.27213
1.27381
1.27515
1.27624
1.27714
1.27791
1.27856
1.27908
1.27946
1.27966
1.27966
1.27943
1.27895
1.27822
1.27724
1.27606
1.27473
1.27329
1.27184
1.27046
1.26921
1.26817
1.2674
1.26695
1.2668
1.26695
1.26734
1.26789
1.26854
1.2692
1.26981
1.27033
1.27071
1.27092
1.27096
1.27081
1.27045
1.26987
1.26909
1.26811
1.26696
1.26572
1.26447
1.26328
1.26224
1.26141
1.26079
1.26031
1.25986
1.25922
1.25815
1.25639
1.25374
1.25008
1.24554
1.24051
1.23573
1.2321
1.23048
1.23131
1.23447
1.23926
1.24477
1.25011
1.25465
1.25806
1.26027
1.26137
1.26154
1.26103
1.26013
1.25908
1.25808
1.25728
1.25669
1.25625
1.25583
1.25531
1.25455
1.2535
1.25217
1.25068
1.24918
1.24788
1.24692
1.24637
1.2462
1.24631
1.24657
1.2469
1.24722
1.24753
1.24783
1.2481
1.24832
1.24842
1.24829
1.24777
1.2467
1.24491
1.24229
1.23885
1.23477
1.23051
1.22669
1.22407
1.22324
1.22445
1.22751
1.23187
1.23679
1.24154
1.24556
1.24843
1.24992
1.24985
1.24814
1.24482
1.2401
1.23454
1.22905
1.2248
1.22281
1.2234
1.22612
1.22998
1.23401
1.23754
1.24029
1.24223
1.2434
1.2439
1.24377
1.24308
1.2419
1.24034
1.23854
1.23662
1.23466
1.23275
1.23099
1.22953
1.22857
1.22829
1.22874
1.22981
1.23121
1.23262
1.23377
1.23456
1.23505
1.23545
1.23601
1.23693
1.23833
1.24019
1.24239
1.24474
1.24707
1.24921
1.25104
1.25249
1.25351
1.2541
1.25426
1.254
1.25336
1.25238
1.25112
1.24964
1.24803
1.24639
1.24483
1.24348
1.24242
1.24174
1.24148
1.24166
1.24223
1.24312
1.24424
1.24548
1.24673
1.2479
1.2489
1.24967
1.25018
1.25041
1.25036
1.25005
1.2495
1.24874
1.24781
1.24673
1.24556
1.24431
1.24305
1.24183
1.2407
1.23973
1.23896
1.23843
1.23819
1.23822
1.23853
1.23909
1.23987
1.24081
1.24188
1.24304
1.24427
1.24552
1.24679
1.24805
1.24927
1.2504
1.25138
1.2521
1.25241
1.25209
1.25094
1.24873
1.24537
1.24104
1.23634
1.23223
1.2298
1.2297
1.23172
1.23496
1.23832
1.24099
1.24265
1.24339
1.24346
1.24309
1.24236
1.2412
1.23942
1.23683
1.23337
1.22922
1.22485
1.22102
1.2186
1.21828
1.22031
1.22437
1.22972
1.23542
1.24063
1.24476
1.24744
1.24852
1.24793
1.24572
1.24198
1.23694
1.23102
1.22488
1.21938
1.21539
1.21355
1.21394
1.21616
1.21949
1.22323
