10000
1.80067
1.80106
1.80111
1.8009
1.80059
1.80046
1.80078
1.8018
1.80362
1.80621
1.80937
1.81281
1.81624
1.81935
1.82191
1.82375
1.82476
1.8249
1.82416
1.82261
1.8204
1.81777
1.81503
1.81254
1.81065
1.80965
1.80975
1.8111
1.81379
1.81788
1.82335
1.83
1.83747
1.84522
1.85265
1.85917
1.86431
1.86771
1.86914
1.86842
1.86547
1.86022
1.85267
1.84295
1.83137
1.81858
1.80568
1.79428
1.78616
1.78273
1.78448
1.7908
1.8004
1.81186
1.824
1.836
1.8473
1.85753
1.86651
1.87411
1.88033
1.88515
1.88861
1.89069
1.89138
1.89063
1.88842
1.88475
1.87975
1.87365
1.86686
1.85992
1.85333
1.84749
1.84265
1.83905
1.83702
1.83701
1.83934
1.84398
1.85043
1.85783
1.86524
1.8719
1.87729
1.88112
1.88334
1.88404
1.88348
1.88205
1.88029
1.87879
1.8781
1.87859
1.88033
1.88308
1.88642
1.88985
1.89297
1.89545
1.89708
1.89773
1.89725
1.89553
1.89254
1.88839
1.88341
1.87812
1.8732
1.86921
1.86648
1.86507
1.86486
1.8657
1.86745
1.86994
1.87295
1.8762
1.87941
1.88233
1.88475
1.88646
1.88732
1.88725
1.88628
1.8846
1.88249
1.88024
1.87809
1.87614
1.87441
1.87285
1.87141
1.87003
1.86872
1.8675
1.8665
1.86588
1.86582
1.86645
1.86778
1.8697
1.87203
1.87454
1.87711
1.87972
1.88244
1.8854
1.88866
1.89223
1.89599
1.89977
1.90337
1.90661
1.90937
1.9116
1.9133
1.9145
1.91523
1.91554
1.91545
1.91496
1.91406
1.91269
1.91078
1.90825
1.90502
1.90107
1.8964
1.89113
1.88542
1.87945
1.87334
1.8672
1.86116
1.85561
1.85122
1.84878
1.84862
1.85027
1.85243
1.85357
1.85247
1.84862
1.84227
1.8343
1.82599
1.81875
1.81377
1.81184
1.8132
1.8176
1.82434
1.83242
1.84078
1.84849
1.85493
1.85976
1.86295
1.86462
1.86504
1.86456
1.86354
1.86235
1.86131
1.86063
1.86042
1.8607
1.86137
1.86232
1.8634
1.86448
1.86545
1.86622
1.86673
1.86692
1.86678
1.86627
1.86541
1.86421
1.86271
1.86097
1.85904
1.85701
1.85496
1.85297
1.85109
1.84937
1.84782
1.84644
1.84524
1.84423
1.84343
1.84289
1.84262
1.84266
1.84298
1.84356
1.84437
1.84542
1.84678
1.84855
1.85085
1.85379
1.85735
1.86146
1.86592
1.87046
1.8748
1.8787
1.88192
1.88431
1.88575
1.88622
1.88576
1.8845
1.88264
1.88041
1.87805
1.8757
1.87339
1.87098
1.86827
1.86505
1.86122
1.8569
1.85261
1.84927
1.8481
1.85012
1.85567
1.86409
1.87404
1.88401
1.89283
1.89987
1.90496
1.90821
1.9099
1.91035
1.9099
1.90886
1.90754
1.90617
1.90496
1.90403
1.90344
1.90317
1.90316
1.90331
1.90353
1.90372
1.90381
1.90371
1.90332
1.90253
1.90121
1.89918
1.89631
1.89246
1.88756
1.88167
1.87496
1.86779
1.86065
1.85416
1.84889
1.84527
1.84347
1.84332
1.8444
1.84611
1.8479
1.84933
1.85018
1.85046
1.85035
1.85011
1.85004
1.85036
1.8512
1.85258
1.85441
1.85652
1.85868
1.8606
1.86199
1.86259
1.86222
1.86076
1.85824
1.85477
1.85059
1.84607
1.84168
1.83799
1.83555
1.8348
1.83583
1.83843
1.84205
1.84606
1.84988
1.85309
1.85549
1.85702
1.85771
1.85765
1.85695
1.85569
1.85397
1.85182
1.84926
1.8463
1.8429
1.83901
1.83453
1.82934
1.82331
1.8163
1.80822
1.79919
1.78958
1.78027
1.7726
1.76813
1.7681
1.77272
1.78102
1.79131
1.80183
1.81132
1.81912
1.82505
1.82917
1.83172
1.83292
1.83299
1.83213
1.83053
1.82837
1.82584
1.82317
1.82059
1.81835
1.81663
1.81557
1.81519
1.81543
1.81616
1.81721
1.81842
1.81965
1.82082
1.82187
1.82277
1.82351
1.82411
1.82459
1.82498
1.82534
1.82572
1.8262
1.82685
1.82772
1.82885
1.83022
1.83178
1.83345
1.83515
1.83678
1.83824
1.83944
1.84033
1.84082
1.84089
1.84048
1.83958
1.83818
1.8363
1.83398
1.83126
1.82821
1.82492
1.82152
1.81818
1.81518
1.81282
1.81143
1.81119
1.81216
1.81416
1.81685
1.81984
1.82278
1.82538
1.82752
1.82912
1.83021
1.83081
1.83101
1.83086
1.83048
1.82996
1.82941
1.8289
1.82851
1.82826
1.82817
1.82821
1.82838
1.82864
1.82896
1.82932
1.82969
1.83004
1.83033
1.83052
1.83058
1.83049
1.83022
1.82979
1.8292
1.82849
1.82769
1.82683
1.82597
1.82511
1.8243
1.82353
1.8228
1.82209
1.8214
1.82069
1.81995
1.81917
1.81834
1.81747
1.81657
1.81565
1.81475
1.81389
1.8131
1.8124
1.81183
1.81139
1.81111
1.81097
1.81099
1.81114
1.81142
1.8118
1.81224
1.81272
1.8132
1.81365
1.81403
1.81432
1.81449
1.81452
1.8144
1.81413
1.8137
1.81314
1.81248
1.81174
1.81097
1.8102
1.80948
1.80882
1.80823
1.80772
1.80724
1.80675
1.8062
1.80554
1.80472
1.80368
1.80242
1.80091
1.79917
1.79723
1.79517
1.79314
1.79136
1.79013
1.78976
1.7905
1.7924
1.79533
1.79896
1.80291
1.80683
1.81048
1.81375
1.81664
1.81918
1.82145
1.82352
1.82543
1.82721
1.82886
1.83039
1.83178
1.83304
1.83417
1.83516
1.83603
1.8368
1.83748
1.83809
1.83867
1.83925
1.83985
1.84051
1.84121
1.84194
1.84263
1.84322
1.84357
1.84356
1.84307
1.84195
1.84012
1.83754
1.83425
1.83038
1.82619
1.82203
1.81835
1.81557
1.81403
1.8139
1.8151
1.81734
1.82017
1.82302
1.82529
1.82646
1.82617
1.82437
1.82144
1.81818
1.81555
1.81436
1.8149
1.8169
1.81977
1.82295
1.82616
1.82931
1.83234
1.83512
1.83743
1.839
1.83965
1.83935
1.83826
1.83664
1.83485
1.83319
1.83184
1.83086
1.83013
1.82949
1.82877
1.82785
1.82669
1.82533
1.82387
1.82246
1.82123
1.8203
1.81979
1.81977
1.82027
1.82129
1.82275
1.82453
1.82647
1.82836
1.83001
1.8312
1.83177
1.83159
1.83058
1.82874
1.82614
1.82295
1.81942
1.81587
1.81265
1.81011
1.80848
1.80783
1.80806
1.80891
1.80997
1.81081
1.81102
1.81024
1.80827
1.80503
1.80062
1.79532
1.78959
1.78403
1.77938
1.77636
1.7756
1.77741
1.78179
1.78833
1.79633
1.80499
1.81349
1.8212
1.82763
1.8325
1.83568
1.83714
1.83697
1.83531
1.83242
1.82865
1.82445
1.82035
1.81683
1.81425
1.81271
1.81211
1.81214
1.81245
1.81273
1.81275
1.81238
1.81159
1.81038
1.80879
1.80688
1.80471
1.80234
1.79982
1.79716
1.79434
1.79131
1.78797
1.78431
1.78044
1.77675
1.77389
1.77266
1.77373
1.77726
1.78281
1.78952
1.79641
1.80272
1.80801
1.81215
1.81522
1.8174
1.81889
1.8199
1.82059
1.82106
1.82138
1.82159
1.82167
1.82159
1.8213
1.82077
1.81995
1.81886
1.81751
1.81601
1.81449
1.81312
1.81207
1.81152
1.81157
1.81227
1.81361
1.81551
1.81789
1.82064
1.82362
1.82671
1.82976
1.83262
1.83515
1.83725
1.8388
1.83976
1.84005
1.83966
1.83855
1.83672
1.83417
1.83093
1.82707
1.82273
1.81817
1.81372
1.80984
1.80699
1.80557
1.80578
1.80753
1.81047
1.81411
1.8179
1.82144
1.82452
1.8272
1.82967
1.83216
1.83479
1.83745
1.83985
1.84153
1.84207
1.84116
1.83867
1.83475
1.82976
1.82434
1.81926
1.81534
1.81331
1.81357
1.81615
1.82071
1.82666
1.83331
1.83997
1.84611
1.8513
1.85525
1.85777
1.85877
1.85829
1.85644
1.8535
1.84983
1.84582
1.84174
1.83756
1.83297
1.82747
1.82066
1.81268
1.80428
1.79664
1.79062
1.78613
1.78221
1.77768
1.77207
1.76599
1.76081
1.75802
1.75856
1.76262
1.76971
1.77895
1.78927
1.7996
1.80906
1.81706
1.82332
1.82777
1.83051
1.83171
1.83156
1.83028
1.82804
1.82499
1.82123
1.81684
1.81185
1.80633
1.80041
1.7944
1.78888
1.78461
1.78239
1.78273
1.78554
1.79022
1.79579
1.80134
1.80614
1.80981
1.81217
1.81324
1.81305
1.81172
1.80932
1.80595
1.80173
1.7968
1.79139
1.78578
1.78033
1.77542
1.77143
1.76866
1.7673
1.76741
1.7689
1.77156
1.77508
1.7791
1.78324
1.7871
1.79035
1.79266
1.79374
1.79333
1.79119
1.78714
1.78113
1.77339
1.76456
1.75566
1.74791
1.74221
1.73869
1.73671
1.73531
1.73393
1.73278
1.73273
1.73475
1.73923
1.74573
1.75322
1.76055
1.76685
1.77166
1.7748
1.7763
1.77624
1.7747
1.77175
1.76748
1.76198
1.75541
1.74803
1.74027
1.73282
1.72673
1.72326
1.72348
1.72766
1.73501
1.74397
1.75287
1.76047
1.76611
1.76963
1.77112
1.77081
1.76899
1.76599
1.76231
1.75859
1.75562
1.75416
1.75472
1.75729
1.76139
1.76622
1.77099
1.77508
1.77813
1.78007
1.78099
1.78112
1.78073
1.78014
1.77962
1.7794
1.77963
1.78036
1.78157
1.78313
1.78487
1.78658
1.78803
1.78902
1.78945
1.78927
1.78858
1.78763
1.78671
1.78615
1.78618
1.78686
1.78807
1.78958
1.79115
1.79262
1.79395
1.79519
1.79646
1.79787
1.7995
1.80136
1.80342
1.80562
1.80788
1.81012
1.81223
1.8141
1.81562
1.81664
1.81704
1.81672
1.81559
1.81367
1.81103
1.80788
1.80453
1.80139
1.79888
1.79737
1.7971
1.79811
1.80026
1.80332
1.80701
1.81107
1.8153
1.81957
1.82375
1.82779
1.83162
1.83516
1.83836
1.84115
1.8435
1.8454
1.84686
1.84795
1.84877
1.84945
1.85014
1.85096
1.85201
1.85334
1.85491
1.85663
1.85833
1.85984
1.86098
1.86159
1.86159
1.86098
1.85987
1.85854
1.85735
1.8567
1.85692
1.85816
1.86031
1.86301
1.8657
1.8677
1.86831
1.86679
1.86246
1.85476
1.84344
1.82884
1.81221
1.79566
1.78168
1.77224
1.76818
1.76947
1.77564
1.78605
1.79958
1.81467
1.82963
1.84309
1.85428
1.86296
1.86923
1.87338
1.87575
1.87662
1.87622
1.8747
1.87216
1.86865
1.86424
1.85906
1.85337
1.84755
1.84213
1.83766
1.83455
1.83298
1.83277
1.83356
1.83487
1.83628
1.83755
1.83854
1.83927
1.83979
1.84021
1.84064
1.84115
1.84183
1.84272
1.84384
1.84517
1.84665
1.84816
1.84957
1.85072
1.85142
1.85152
1.85087
1.84933
1.84678
1.84317
1.83847
1.83275
1.82617
1.819
1.81162
1.80445
1.79785
1.79211
1.7873
1.78336
1.78009
1.77734
1.77509
1.77348
1.7728
1.7733
1.77503
1.77775
1.78092
1.78382
1.78573
1.78602
1.78423
1.78003
1.77325
1.76391
1.75234
1.73945
1.72711
1.71808
1.71508
1.71917
1.72892
1.74131
1.75347
1.76374
1.77171
1.77766
1.78213
1.78558
1.78834
1.79057
1.79233
1.79364
1.79451
1.79497
1.79506
1.79482
1.79432
1.79361
1.79274
1.79176
1.79071
1.78962
1.7885
1.78737
1.78623
1.78506
1.78385
1.78255
1.78109
1.77939
1.77733
1.77477
1.77158
1.76761
1.7628
1.75719
1.75103
1.74475
1.73897
1.73431
1.73121
1.72974
1.72963
1.73039
1.73159
1.73294
1.73437
1.73598
1.73791
1.74028
1.74308
1.74623
1.74956
1.75285
1.75596
1.75878
1.76127
1.76349
1.76552
1.76743
1.76928
1.77109
1.77281
1.77438
1.77571
1.7767
1.77727
1.77733
1.77686
1.77583
1.77426
1.77226
1.76997
1.76762
1.76549
1.76383
1.76278
1.7623
1.76208
1.76161
1.76026
1.7574
1.75267
1.74618
1.73876
1.73192
1.72736
1.72614
1.72806
1.73186
1.73596
1.73923
1.74133
1.74245
1.74306
1.74357
1.74421
1.745
1.74585
1.74661
1.74719
1.74753
1.74758
1.7473
1.74662
1.7455
1.7439
1.74183
1.73941
1.73679
1.73421
1.73196
1.73026
1.7293
1.72913
1.72971
1.73093
1.73262
1.73464
1.73686
1.7392
1.7416
1.74399
1.74634
1.74858
1.75063
1.75243
1.75389
1.75497
1.75563
1.75587
1.75572
1.75526
1.75457
1.75373
1.75279
1.75175
1.75057
1.7492
1.74765
1.746
1.74451
1.74355
1.74353
1.74477
1.74734
1.75099
1.75528
1.75965
1.76359
1.76676
1.76895
1.77013
1.77035
1.76976
1.76853
1.76685
1.76492
1.76292
1.761
1.75926
1.75778
1.75655
1.75557
1.75479
1.75412
1.7535
1.75289
1.75237
1.75212
1.75247
1.75376
1.75621
1.75979
1.76417
1.76882
1.77318
1.77677
1.77935
1.78081
1.78126
1.78085
1.77981
1.77836
1.77665
1.7748
1.77285
1.77078
1.76856
1.76618
1.76366
1.76105
1.75847
1.756
1.75377
1.75187
1.75036
1.74929
1.74868
1.74854
1.74883
1.74953
1.75055
1.75181
1.7532
1.75461
1.75592
1.75703
1.75786
1.75836
1.7585
1.75829
1.75777
1.75698
1.75605
1.75508
1.75425
1.75368
1.75347
1.75365
1.75414
1.75476
1.7553
1.7555
1.75517
1.75415
1.75239
1.74996
1.74702
1.74385
1.74081
1.73824
1.73639
1.73539
1.73515
1.73551
1.73623
1.73715
1.73818
1.73935
1.74073
1.74243
1.7445
1.74692
1.74959
1.75236
1.75507
1.75756
1.75972
1.76149
1.76282
1.76373
1.76424
1.76435
1.76411
1.76354
1.76266
1.76149
1.76002
1.75827
1.75623
1.75389
1.75126
1.74834
1.74513
1.74166
1.73798
1.73419
1.73044
1.72696
1.724
1.72187
1.72081
1.72095
1.72229
1.72465
1.72777
1.73134
1.7351
1.73884
1.74243
1.74578
1.74885
1.75163
1.75408
1.75621
1.75799
1.75943
1.76053
1.76128
1.7617
1.7618
1.76161
1.76115
1.76044
1.75953
1.75843
1.75718
1.7558
1.75432
1.75276
1.75116
1.74957
1.74804
1.74664
1.74546
1.74457
1.74404
1.74392
1.74423
1.74499
1.74619
1.7478
1.74977
1.75203
1.75451
1.75711
1.75977
1.76242
1.76505
1.76766
1.77026
1.77286
1.77547
1.77809
1.78068
1.78318
1.78552
1.78762
1.7894
1.79077
1.79167
1.79204
1.79186
1.79112
1.78984
1.78809
1.786
1.78369
1.78135
1.77915
1.77722
1.77563
1.77434
1.77324
1.77208
1.77061
1.7686
1.76591
1.76255
1.75878
1.75503
1.75185
1.74975
1.749
1.74953
1.75101
1.75303
1.75534
1.75793
1.7611
1.76523
1.77055
1.77698
1.78406
1.79116
1.79762
1.8029
1.80667
1.80876
1.80914
1.8078
1.80481
1.80022
1.79412
1.78666
1.7781
1.76888
1.75965
1.75129
1.74476
1.74088
1.74005
1.74224
1.74705
1.75394
1.76231
1.77151
1.78083
1.78959
1.79723
1.80337
1.80783
1.81063
1.81184
1.81162
1.81012
1.80753
1.8041
1.80013
1.79604
1.79224
1.78902
1.78638
1.78395
1.78108
1.77706
1.77141
1.764
1.75516
1.74569
1.73679
1.72993
1.72655
1.72758
1.73296
1.74164
1.75203
1.76262
1.77235
1.78073
1.78762
1.79311
1.79734
1.80047
1.80259
1.80382
1.80426
1.80408
1.80349
1.80275
1.8021
1.80171
1.80165
1.80186
1.80219
1.80243
1.80237
1.80185
1.80077
1.79911
1.79689
1.79423
1.79126
1.78813
1.785
1.78195
1.77899
1.77607
1.77304
1.76968
1.76579
1.76117
1.75572
1.74951
1.74284
1.73626
1.73051
1.72638
1.72443
1.7248
1.72711
1.73067
1.73465
1.73837
1.7414
1.74355
1.74484
1.74541
1.74541
1.74502
1.74437
1.74359
1.74276
1.74198
1.74132
1.74082
1.74054
1.74049
1.74068
1.74106
1.7416
1.74223
1.74288
1.74348
1.74398
1.74433
1.74452
1.74453
1.74434
1.74398
1.74344
1.74275
1.74191
1.74096
1.73991
1.73877
1.73758
1.73636
1.73511
1.73385
1.73259
1.73132
1.73
1.72857
1.72693
1.72494
1.72245
1.71939
1.71582
1.71208
1.70883
1.70693
1.70721
1.71004
1.71517
1.72181
1.72895
1.73574
1.74162
1.74636
1.74994
1.75248
1.75415
1.75508
1.75542
1.75525
1.75465
1.75364
1.75225
1.75052
1.7485
1.74626
1.7439
1.74159
1.73949
1.73779
1.73668
1.73631
1.73679
1.73817
1.74043
1.74345
1.74707
1.75107
1.75526
1.75945
1.7635
1.76731
1.77084
1.77408
1.77704
1.77973
1.78217
1.78437
1.78633
1.78803
1.78946
1.79058
1.79136
1.79175
1.7917
1.79119
1.79018
1.78865
1.78662
1.78413
1.78126
1.77813
1.77492
1.77182
1.76906
1.76689
1.76552
1.7651
1.76573
1.7674
1.76999
1.77333
1.77717
1.78129
1.78546
1.78951
1.79331
1.7968
1.79993
1.8027
1.8051
1.80717
1.8089
1.81033
1.81146
1.81229
1.81281
1.81299
1.81281
1.81219
1.81105
1.80928
1.80672
1.80324
1.7987
1.79304
1.78633
1.77891
1.77141
1.76475
1.75991
1.75767
1.75827
1.7613
1.76596
1.77131
1.77653
1.78108
1.78467
1.78717
1.78861
1.78904
1.78857
1.78729
1.7853
1.78268
1.77954
1.77601
1.77225
1.76849
1.76498
1.76202
1.75988
1.75872
1.7586
1.7594
1.76092
1.76289
1.76504
1.76713
1.76901
1.77057
1.77173
1.77245
1.77271
1.77249
1.77176
1.77053
1.76879
1.76663
1.76417
1.7616
1.75921
1.75729
1.7561
1.7558
1.75638
1.75768
1.75942
1.76131
1.7631
1.76462
1.76584
1.7668
1.76762
1.76849
1.76955
1.77093
1.77267
1.77476
1.7771
1.77954
1.7819
1.78399
1.78563
1.78665
1.78689
1.78619
1.78441
1.7814
1.77706
1.77136
1.76441
1.75658
1.74858
1.74152
1.73669
1.73523
1.7376
1.74339
1.75147
1.76044
1.76905
1.77647
1.78227
1.78636
1.78887
1.79003
1.79016
1.78964
1.78886
1.7882
1.78804
1.78868
1.79031
1.79294
1.79641
1.80044
1.80468
1.80879
1.81247
1.81551
1.81778
1.81924
1.81991
1.8199
1.81936
1.8185
1.81756
1.81678
1.81634
1.81634
1.8168
1.81761
1.81863
1.81968
1.82054
1.82094
1.82057
1.81898
1.81567
1.81005
1.80161
1.79017
1.77626
1.76164
1.74941
1.74327
1.7457
1.75637
1.77231
1.78977
1.80584
1.81902
1.82892
1.83578
1.84014
1.84258
1.84366
1.84385
1.84356
1.84306
1.84258
1.84222
1.84208
1.84217
1.84249
1.84303
1.84374
1.84458
1.8455
1.84642
1.8473
1.84806
1.84862
1.8489
1.84883
1.84832
1.8473
1.84574
1.84362
1.84099
1.83798
1.8348
1.83169
1.82893
1.8267
1.82508
1.82394
1.82304
1.82202
1.82064
1.81883
1.81687
1.81529
1.8148
1.81589
1.81863
1.82255
1.82683
1.83064
1.83337
1.83478
1.83495
1.83424
1.83315
1.83216
1.83161
1.83161
1.83206
1.83269
1.83315
1.83314
1.83239
1.83072
1.82807
1.82452
1.82031
1.81598
1.8123
1.81018
1.81037
1.81315
1.8182
1.8247
1.8317
1.83835
1.84414
1.8488
1.85229
1.8547
1.85614
1.85676
1.85666
1.85594
1.85468
1.85293
1.85072
1.84807
1.84501
1.84151
1.83758
1.83314
1.82809
1.82225
1.81537
1.80716
1.79746
1.78653
1.77542
1.76622
1.76158
1.76336
1.77146
1.78373
1.79735
1.81011
1.82086
1.82931
1.83566
1.84025
1.8434
1.84541
1.84649
1.84681
1.8465
1.84569
1.84449
1.84302
1.8414
1.83976
1.83824
1.83698
1.83611
1.83571
1.83588
1.83663
1.83798
1.83986
1.84218
1.8448
1.84752
1.85011
1.85227
1.85364
1.85379
1.85224
1.84841
1.84176
1.83188
1.81878
1.80326
1.78724
1.77358
1.76522
1.76375
1.76869
1.77792
1.78897
1.79997
1.80999
1.81878
1.82644
1.83318
1.83911
1.8443
1.84871
1.8523
1.85501
1.85685
1.85786
1.85816
1.85792
1.85735
1.85668
1.85613
1.85582
1.8558
1.85601
1.8563
1.85652
1.85651
1.85615
1.85543
1.85437
1.85308
1.85171
1.85045
1.84947
1.84892
1.84892
1.8495
1.85063
1.85225
1.85419
1.8563
1.85837
1.86018
1.8615
1.86212
1.86183
1.86044
1.85783
1.85397
1.84895
1.84302
1.83662
1.8304
1.82521
1.82208
1.82191
1.82517
1.83154
1.83997
1.84908
1.8576
1.86475
1.87017
1.87385
1.87598
1.87676
1.87644
1.87519
1.87313
1.87035
1.86686
1.86266
1.85768
1.85184
1.84499
1.83698
1.82759
1.81663
1.804
1.78998
1.77553
1.76249
1.75334
1.75006
1.75295
1.76036
1.76969
1.77873
1.78631
1.79219
1.79668
1.80032
1.80359
1.80681
1.81013
1.81355
1.81695
1.82021
1.82317
1.82575
1.82786
1.82948
1.83058
1.83114
1.83115
1.83058
1.8294
1.82758
1.8251
1.82198
1.81828
1.8141
1.80962
1.80505
1.80058
1.79636
1.79239
1.78861
1.78487
1.7811
1.77733
1.77375
1.77072
1.76865
1.76792
1.76876
1.77119
1.77505
1.78
1.78562
1.79147
1.79716
1.80238
1.8069
1.81057
1.81329
1.81501
1.81569
1.8153
1.81382
1.81124
1.80763
1.80314
1.79807
1.79288
1.78817
1.78455
1.78245
1.78206
1.78321
1.78549
1.78843
1.79156
1.79457
1.79723
1.79945
1.80117
1.80243
1.80326
1.80374
1.80392
1.8039
1.80372
1.80342
1.80302
1.80249
1.80179
1.80088
1.7997
1.79825
1.79657
1.79479
1.79312
1.7919
1.79153
1.79236
1.79462
1.7983
1.80316
1.80878
1.81469
1.82045
1.82576
1.83041
1.83429
1.83738
1.83964
1.84106
1.84162
1.84129
1.84002
1.83777
1.83453
1.83029
1.82507
1.81887
1.81165
1.80345
1.79452
1.78555
1.77776
1.77254
1.77081
1.77234
1.7759
1.77988
1.78307
1.78503
1.786
1.78666
1.78773
1.78969
1.79264
1.79625
1.8
1.80334
1.80593
1.80775
1.80901
1.81008
1.8113
1.81287
1.81478
1.81686
1.81883
1.82045
1.82152
1.82196
1.82172
1.82086
1.81945
1.81762
1.81549
1.81321
1.8109
1.80868
1.80663
1.80481
1.80328
1.80206
1.80114
1.8005
1.80003
1.79953
1.7987
1.79705
1.79395
1.78863
1.78024
1.76825
1.75314
1.73726
1.72507
1.72124
1.72742
1.74088
1.75677
1.77123
1.78254
1.79061
1.79602
1.79948
1.80158
1.80273
1.80318
1.8031
1.80257
1.80164
1.80032
1.79865
1.79662
1.79428
1.79164
1.78871
1.78554
1.78213
1.77853
1.77476
1.77092
1.76713
1.7636
1.76059
1.7584
1.75736
1.75771
1.75962
1.76312
1.76804
1.77409
1.78087
1.78791
1.79478
1.80114
1.80675
1.81146
1.81522
1.81806
1.82001
1.82117
1.82158
1.82134
1.82049
1.81909
1.81718
1.81477
1.81188
1.80853
1.80472
1.80049
1.79591
1.79111
1.78626
1.78159
1.77735
1.77374
1.77092
1.76891
1.76761
1.7668
1.76616
1.76541
1.76442
1.76334
1.76262
1.76286
1.76461
1.76808
1.77309
1.7791
1.78539
1.79124
1.79605
1.7994
1.80108
1.80109
1.79961
1.79703
1.79387
1.79076
1.78834
1.78714
1.78748
1.78941
1.79271
1.79696
1.80165
1.80631
1.81056
1.81415
1.81698
1.81903
1.82037
1.82109
1.82131
1.82112
1.82064
1.81993
1.81905
1.81805
1.81695
1.81577
1.81451
1.8132
1.81184
1.81049
1.80919
1.80804
1.80716
1.80669
1.80679
1.80761
1.80927
1.81184
1.81529
1.81953
1.82437
1.82958
1.83492
1.84013
1.845
1.84932
1.85294
1.85574
1.8576
1.85839
1.85799
1.85626
1.85308
1.8484
1.8423
1.83511
1.82748
1.82035
1.81485
1.8119
1.81195
1.81479
1.81968
1.82564
1.83174
1.83727
1.8418
1.84515
1.84737
1.84863
1.84918
1.84928
1.84913
1.84886
1.84853
1.84814
1.84768
1.84722
1.84688
1.84685
1.84734
1.84851
1.85042
1.85297
1.85597
1.85911
1.86209
1.86464
1.86654
1.86766
1.86793
1.86734
1.86593
1.8638
1.86106
1.85788
1.85444
1.85093
1.84757
1.8445
1.84185
1.83968
1.83799
1.83672
1.8358
1.83509
1.83448
1.83387
1.8332
1.83245
1.83166
1.83091
1.83031
1.82995
1.82986
1.83005
1.83045
1.83096
1.83145
1.8318
1.83189
1.83161
1.83085
1.82952
1.82754
1.82486
1.82148
1.81745
1.81286
1.80789
1.80277
1.79776
1.79317
1.78928
1.78637
1.78465
1.78426
1.78517
1.78721
1.79006
1.7933
1.7965
1.7993
1.80146
1.80288
1.80357
1.8036
1.80312
1.80226
1.80119
1.80006
1.79897
1.798
1.79715
1.79634
1.79544
1.79429
1.79271
1.79055
1.78772
1.78422
1.78014
1.77569
1.77114
1.76686
1.76323
1.76068
1.75956
1.76007
1.76221
1.7657
1.77004
1.77467
1.77905
1.78276
1.78557
1.78739
1.78825
1.78826
1.78761
1.78649
1.78513
1.78374
1.7825
1.78151
1.78082
1.78037
1.78007
1.77975
1.77925
1.7784
1.77707
1.77516
1.77263
1.76948
1.76582
1.76179
1.75766
1.75373
1.75029
1.7476
1.7458
1.74487
1.74468
1.74509
1.74592
1.7471
1.74863
1.75052
1.75281
1.75544
1.75834
1.76134
1.76429
1.76705
1.76949
1.77155
1.77321
1.77446
1.77529
1.77571
1.77572
1.77529
1.7744
1.77303
1.77116
1.76879
1.76599
1.76286
1.75957
1.75636
1.75352
1.7513
1.74995
1.74958
1.75019
1.75165
1.75375
1.75626
1.75894
1.76162
1.76414
1.76641
1.76833
1.76981
1.77077
1.77115
1.77088
1.76995
1.76833
1.76601
1.76298
1.75925
1.75492
1.75024
1.7457
1.74205
1.74016
1.74074
1.74401
1.7496
1.75664
1.76416
1.77134
1.77769
1.78301
1.78731
1.79072
1.79342
1.79557
1.79731
1.79873
1.79988
1.80077
1.80137
1.80159
1.80135
1.8005
1.79891
1.7964
1.79284
1.7881
1.78214
1.77507
1.76716
1.75897
1.75124
1.74487
1.74063
1.73896
1.73982
1.74273
1.74693
1.75162
1.75608
1.7598
1.76247
1.76401
1.76455
1.7644
1.76398
1.76378
1.76427
1.76578
1.76848
1.77233
1.77713
1.78256
1.78824
1.79382
1.79898
1.80351
1.80726
1.81017
1.81225
1.8136
1.81436
1.81472
1.81489
1.81509
1.81546
1.81604
1.81678
1.8175
1.81796
1.81789
1.81708
1.81544
1.81302
1.81001
1.80676
1.80365
1.80104
1.79914
1.79804
1.79765
1.79785
1.79847
1.79936
1.80039
1.80145
1.80246
1.80337
1.80415
1.80478
1.80524
1.8055
1.80552
1.8052
1.80443
1.80307
1.80104
1.79845
1.79572
1.79366
1.79339
1.79586
1.80137
1.80934
1.81853
1.82755
1.83533
1.84126
1.84518
1.84718
1.84753
1.84655
1.84459
1.84197
1.83899
1.83591
1.83289
1.83008
1.82756
1.82542
1.82375
1.8227
1.82241
1.82297
1.82442
1.82668
1.82966
1.83324
1.83732
1.8418
1.8465
1.8512
1.85564
1.85952
1.86264
1.86481
1.86594
1.86597
1.86488
1.86269
1.85945
1.85528
1.85038
1.84508
1.83984
1.83521
1.8317
1.82969
1.82925
1.8302
1.83217
1.8347
1.83741
1.84003
1.84239
1.84444
1.84617
1.84763
1.84886
1.84991
1.85087
1.85178
1.85272
1.85372
1.85481
1.856
1.85729
1.85863
1.85998
1.8613
1.86254
1.86366
1.8646
1.86533
1.86582
1.86603
1.86592
1.86547
1.86464
1.86338
1.86168
1.85952
1.85691
1.85393
1.85067
1.84729
1.844
1.84103
1.83857
1.83678
1.83574
1.83542
1.8357
1.83642
1.83739
1.83845
1.83951
1.84053
1.84155
1.84259
1.84369
1.84482
1.84587
1.84668
1.84701
1.84666
1.84544
1.84325
1.84012
1.83622
1.83186
1.82748
1.82353
1.82039
1.81822
1.81691
1.81614
1.81544
1.81436
1.81262
1.81017
1.80725
1.8044
1.80228
1.80157
1.8027
1.80575
1.81041
1.81613
1.82228
1.8283
1.83375
1.83834
1.84188
1.84426
1.84539
1.84522
1.84372
1.84089
1.8368
1.83162
1.82571
1.81956
1.81376
1.80887
1.80529
1.80312
1.8023
1.80263
1.80394
1.80612
1.80907
1.81264
1.81662
1.82074
1.82479
1.82859
1.83206
1.83514
1.83786
1.84022
1.84223
1.84388
1.84515
1.84598
1.84632
1.84608
1.84519
1.84357
1.84115
1.83791
1.83385
1.82911
1.82393
1.81874
1.81415
1.81091
1.80977
1.81121
1.81524
1.82137
1.82874
1.83641
1.84359
1.84972
1.85451
1.85784
1.85973
1.86028
1.85965
1.85801
1.85559
1.85257
1.84911
1.84527
1.84105
1.83639
1.83121
1.82555
1.81959
1.81375
1.80863
1.80495
1.80332
1.8041
1.80724
1.8123
1.81857
1.82533
1.83195
1.83803
1.84339
1.84802
1.852
1.85549
1.8586
1.86142
1.86403
1.86646
1.86872
1.87084
1.87283
1.8747
1.87646
1.87808
1.87954
1.88078
1.88174
1.88236
1.88256
1.88223
1.88127
1.87955
1.87694
1.8733
1.86853
1.86261
1.85563
1.84786
1.83976
1.83198
1.82524
1.82019
1.81725
1.81652
1.81774
1.82041
1.82394
1.82774
1.83133
1.83436
1.83668
1.83829
1.83933
1.84005
1.84075
1.84171
1.84317
1.84525
1.84799
1.85129
1.85499
1.85888
1.86274
1.86633
1.86947
1.87199
1.87378
1.87476
1.87488
1.87414
1.87257
1.87022
1.86715
1.86346
1.85927
1.85469
1.84987
1.84498
1.84018
1.83568
1.83164
1.82821
1.82548
1.82346
1.82212
1.8214
1.82121
1.82146
1.82204
1.82281
1.82353
1.82391
1.82357
1.82213
1.81929
1.81486
1.80889
1.8017
1.79394
1.78643
1.77998
1.77513
1.77205
1.77056
1.77031
1.77095
1.77223
1.77396
1.77604
1.77842
1.78109
1.78403
1.78715
1.79028
1.79319
1.7956
1.79726
1.79792
1.79737
1.79538
1.79172
1.78618
1.77863
1.76915
1.75818
1.74667
1.73597
1.72747
1.72208
1.71987
1.7202
1.72224
1.72531
1.72902
1.73309
1.73725
1.74119
1.7446
1.74729
1.74917
1.75027
1.75069
1.75058
1.75009
1.74933
1.74839
1.74728
1.746
1.74453
1.74283
1.74092
1.73885
1.73673
1.73472
1.73298
1.73168
1.73091
1.73068
1.73089
1.73138
1.73191
1.73228
1.73232
1.7319
1.73098
1.7296
1.72784
1.72587
1.72389
1.72211
1.72071
1.71982
1.71948
1.71965
1.72022
1.72105
1.72203
1.72302
1.72395
1.72474
1.72537
1.72579
1.72599
1.72596
1.72569
1.72522
1.72456
1.72379
1.723
1.72229
1.72176
1.72152
1.72163
1.7221
1.72293
1.72401
1.72525
1.72649
1.72759
1.72841
1.72884
1.7288
1.72824
1.72718
1.72567
1.72383
1.72184
1.71991
1.71826
1.71709
1.71652
1.71657
1.71717
1.71817
1.71942
1.72078
1.72216
1.72351
1.72483
1.72617
1.72754
1.72897
1.73048
1.73205
1.73365
1.73525
1.73679
1.73822
1.7395
1.74056
1.74136
1.74184
1.74195
1.74162
1.74082
1.73952
1.73773
1.73553
1.73304
1.73043
1.72792
1.7257
1.7239
1.7226
1.7218
1.72147
1.72167
1.7225
1.72415
1.72677
1.73042
1.73498
1.74017
1.74558
1.75079
1.75537
1.75898
1.76132
1.76215
1.76126
1.75849
1.75382
1.74739
1.73965
1.73138
1.72357
1.71711
1.71246
1.70951
1.70781
1.70705
1.70736
1.70924
1.71312
1.71884
1.72567
1.73256
1.73863
1.74339
1.74681
1.74912
1.75069
1.75185
1.75283
1.75377
1.75468
1.75555
1.75634
1.75705
1.75771
1.75834
1.759
1.7597
1.76041
1.76105
1.7615
1.76159
1.76116
1.76007
1.7582
1.75553
1.75211
1.7481
1.7438
1.73957
1.73585
1.73309
1.7317
1.73194
1.73389
1.73738
1.74203
1.74731
1.75264
1.75749
1.76145
1.76427
1.76581
1.76606
1.76509
1.76307
1.76021
1.75679
1.75315
1.74963
1.74655
1.74417
1.74266
1.74203
1.74221
1.74305
1.74437
1.746
1.74784
1.7498
1.75187
1.75403
1.75627
1.75856
1.76083
1.76302
1.76501
1.76672
1.76804
1.76889
1.76923
1.769
1.76818
1.76676
1.76476
1.76221
1.7592
1.75585
1.75234
1.74893
1.74588
1.74344
1.74181
1.74107
1.74118
1.74201
1.74338
1.74509
1.74696
1.74881
1.75053
1.752
1.75316
1.75399
1.75451
1.75481
1.75501
1.75526
1.75573
1.7565
1.75764
1.75909
1.76075
1.76245
1.76401
1.76528
1.76614
1.76658
1.76665
1.76644
1.76611
1.76574
1.76534
1.76483
1.76402
1.76273
1.76087
1.75851
1.75596
1.7537
1.75224
1.75194
1.75291
1.75495
1.75772
1.76086
1.76413
1.76742
1.77073
1.77409
1.77752
1.78101
1.78447
1.78773
1.79056
1.79265
1.79362
1.79305
1.79055
1.78593
1.77946
1.77222
1.76613
1.76342
1.76555
1.77227
1.7818
1.79182
1.80056
1.80714
1.81137
1.81351
1.81395
1.81313
1.81148
1.80938
1.80718
1.80521
1.80372
1.80291
1.80287
1.80354
1.8048
1.8064
1.80803
1.8094
1.81023
1.81036
1.80975
1.80849
1.80685
1.80519
1.80397
1.80361
1.80442
1.80651
1.80976
1.81382
1.81819
1.82233
1.82573
1.82802
1.82896
1.82848
1.82668
1.82378
1.82013
1.81612
1.81218
1.80868
1.80591
1.80408
1.80329
1.80353
1.80474
1.80675
1.80936
1.81233
1.81539
1.81828
1.82078
1.82271
1.82396
1.82443
1.8241
1.8229
1.82082
1.81781
1.81391
1.80929
1.80434
1.79974
1.79634
1.79492
1.79588
1.79903
1.80371
1.80902
1.81417
1.81861
1.82201
1.82426
1.82531
1.82508
1.82349
1.82031
1.81525
1.80798
1.79828
1.78628
1.77281
1.75965
1.74915
1.74327
1.74245
1.74542
1.75017
1.75505
1.75934
1.7631
1.76678
1.77086
1.77563
1.7811
1.78704
1.79307
1.79881
1.80395
1.80832
1.81186
1.81461
1.81667
1.81814
1.81915
1.81981
1.8202
1.82039
1.82043
1.82038
1.82024
1.82004
1.81977
1.81941
1.81896
1.81835
1.81752
1.81638
1.8148
1.81264
1.80973
1.80591
1.80104
1.79506
1.78804
1.78019
1.77198
1.76403
1.7571
1.75193
1.74907
1.74876
1.75086
1.75497
1.76051
1.76686
1.7735
1.78004
1.78624
1.792
1.7973
1.80218
1.8067
1.81087
1.81466
1.81805
1.82097
1.82339
1.82529
1.82667
1.82759
1.8281
1.82827
1.82815
1.82782
1.82732
1.82667
1.82591
1.82501
1.82398
1.82276
1.82131
1.81954
1.81735
1.81462
1.81128
1.8073
1.80282
1.79818
1.79394
1.79078
1.78933
1.78985
1.79216
1.79564
1.79954
1.80318
1.80611
1.80814
1.80932
1.80978
1.8097
1.80927
1.80856
1.8076
1.80634
1.80468
1.80248
1.79967
1.79621
1.79216
1.78768
1.78306
1.77862
1.77475
1.77179
1.76999
1.76946
1.77016
1.77194
1.77457
1.77777
1.78132
1.78503
1.78876
1.7924
1.79587
1.79909
1.80194
1.80429
1.80598
1.80682
1.80659
1.80507
1.80202
1.79729
1.79082
1.78283
1.77394
1.7652
1.758
1.75356
1.75253
1.75471
1.75929
1.76525
1.77167
1.77792
1.78355
1.78828
1.79194
1.79446
1.79585
1.79616
1.79543
1.79369
1.79095
1.78722
1.78254
1.77698
1.77074
1.76416
1.75785
1.75271
1.74973
1.74972
1.75294
1.75888
1.76637
1.77399
1.78046
1.7849
1.78695
1.78679
1.78499
1.78243
1.77997
1.7783
1.77768
1.77796
1.77875
1.77966
1.78044
1.78103
1.78154
1.78215
1.78299
1.78416
1.78563
1.7873
1.78901
1.79055
1.79175
1.79242
1.79242
1.79164
1.78997
1.78733
1.78364
1.77881
1.77274
1.76539
1.75687
1.74755
1.73831
1.73055
1.726
1.72612
1.73141
1.74118
1.75381
1.76752
1.78083
1.79284
1.80309
1.81149
1.81812
1.82314
1.82668
1.82882
1.82952
1.82861
1.82573
1.82043
1.81222
1.80097
1.78738
1.77354
1.76281
1.75832
1.76094
1.76859
1.77781
1.78574
1.79103
1.79351
1.79366
1.79207
1.78927
1.78567
1.78153
1.77708
1.77247
1.76779
1.76304
1.7582
1.75336
1.74888
1.74551
1.74424
1.74585
1.75047
1.75741
1.7654
1.7731
1.77955
1.78431
1.78744
1.78939
1.79076
1.79212
1.79383
1.79598
1.79836
1.80067
1.8026
1.804
1.80482
1.80521
1.80537
1.80557
1.80601
1.80686
1.80817
1.8099
1.81196
1.8142
1.81645
1.81857
1.82037
1.82167
1.82223
1.82177
1.81996
1.81651
1.81121
1.80409
1.79557
1.78654
1.77828
1.77212
1.76898
1.76915
1.77228
1.7777
1.78461
1.79212
1.79933
1.80533
1.80935
1.81085
1.80958
1.80555
1.799
1.79034
1.7801
1.76901
1.75802
1.74847
1.74196
1.74002
1.74337
1.75151
1.7628
1.77518
1.78684
1.79662
1.80392
1.80862
1.81086
1.81098
1.80946
1.80696
1.8042
1.80192
1.80071
1.80082
1.80217
1.80437
1.80691
1.8093
1.81119
1.81239
1.81285
1.81259
1.8117
1.81028
1.80845
1.80633
1.80403
1.80167
1.79936
1.79724
1.79541
1.79398
1.79304
1.79266
1.79286
1.79362
1.79492
1.79668
1.79881
1.80122
1.80381
1.80651
1.80925
1.81196
1.81461
1.81715
1.81956
1.8218
1.82384
1.82564
1.82714
1.82829
1.829
1.82919
1.82874
1.82754
1.82548
1.82249
1.81861
1.81408
1.80937
1.80521
1.80246
1.80183
1.80357
1.80733
1.81227
1.81736
1.8217
1.8247
1.82605
1.82576
1.82398
1.82108
1.81752
1.81388
1.8108
1.80888
1.80857
1.81005
1.81319
1.81757
1.82263
1.8278
1.83261
1.83678
1.84022
1.84296
1.84512
1.84683
1.84809
1.8488
1.84873
1.84756
1.845
1.84088
1.83526
1.82844
1.82097
1.81353
1.80676
1.80109
1.79665
1.79335
1.79106
1.78975
1.78957
1.79076
1.79344
1.79752
1.80263
1.8083
1.814
1.81931
1.82392
1.82763
1.83033
1.83196
1.83246
1.83176
1.82983
1.82667
1.82245
1.81755
1.81264
1.80855
1.80607
1.80563
1.80717
1.81011
1.8137
1.81724
1.82029
1.82267
1.8244
1.82562
1.82649
1.82715
1.82771
1.82821
1.82866
1.82904
1.82932
1.82946
1.82945
1.82925
1.82886
1.82826
1.82742
1.82633
1.82495
1.82327
1.82126
1.81889
1.81616
1.81304
1.8095
1.80555
1.80117
1.79644
1.7915
1.78662
1.78212
1.77831
1.77539
1.77335
1.77205
1.77127
1.77091
1.77105
1.77194
1.7739
1.77718
1.78178
1.78743
1.79368
1.80001
1.80598
1.81127
1.81571
1.81923
1.82185
1.82362
1.8246
1.82485
1.82443
1.8234
1.82181
1.81974
1.81729
1.81463
1.81202
1.80979
1.80829
1.8078
1.80837
1.80981
1.81165
1.81337
1.81456
1.81512
1.81533
1.81581
1.81726
1.82023
1.82486
1.83082
1.8375
1.84423
1.8505
1.85602
1.86068
1.8645
1.86756
1.86995
1.87173
1.87292
1.87348
1.87331
1.87222
1.86997
1.86626
1.86074
1.85317
1.8435
1.83214
1.8202
1.80943
1.80187
1.79897
1.80083
1.80619
1.8131
1.81981
1.82522
1.82883
1.83048
1.83008
1.8275
1.82264
1.81586
1.80854
1.80327
1.80313
1.80993
1.82281
1.83887
1.85493
1.86899
1.88033
1.88909
1.89575
1.90082
1.90475
1.90783
1.91027
1.91219
1.91368
1.91477
1.9155
1.91588
1.91592
1.91563
1.915
1.91402
1.91264
1.91082
1.90845
1.90541
1.90155
1.89669
1.89072
1.88367
1.87591
1.86829
1.86213
1.85885
1.8594
1.8637
1.87065
1.87869
1.88643
1.89301
1.8981
1.90173
1.90415
1.90563
1.90638
1.90651
1.906
1.90468
1.90229
1.89855
1.89329
1.88658
1.87897
1.8715
1.86558
1.86257
1.86316
1.86718
1.87364
1.88133
1.88915
1.89633
1.90245
1.90726
1.91067
1.91264
1.91317
1.91231
1.91011
1.90669
1.90226
1.8971
1.89159
1.88621
1.88142
1.87766
1.87524
1.87431
1.87488
1.87681
1.87987
1.88378
1.88829
1.89317
1.89826
1.90341
1.9085
1.91339
1.91793
1.92195
1.92527
1.92773
1.92913
1.92933
1.92815
1.92545
1.92113
1.91517
1.90771
1.89914
1.89014
1.88175
1.8751
1.87121
1.87053
1.87283
1.87728
1.8828
1.8884
1.89338
1.89732
1.90005
1.90155
1.90191
1.90127
1.89981
1.8977
1.89512
1.89224
1.88931
1.88664
1.88467
1.88389
1.88471
1.88731
1.89156
1.89704
1.90318
1.9094
1.91529
1.92056
1.92508
1.92881
1.93175
1.93393
1.93536
1.93602
1.93588
1.93482
1.93272
1.92942
1.9248
1.91881
1.9116
1.90363
1.89564
1.88854
1.88315
1.87982
1.87837
1.87822
1.87873
1.87952
1.88051
1.88183
1.88366
1.88613
1.8893
1.89321
1.89789
1.90336
1.90958
1.91639
1.9235
1.93053
1.93706
1.94269
1.94709
1.95005
1.95144
1.95118
1.94928
1.94577
1.94069
1.93417
1.92636
1.91746
1.9078
1.89776
1.8879
1.87891
1.87162
1.8669
1.86539
1.86736
1.87257
1.88032
1.88963
1.89946
1.90888
1.91718
1.92393
1.92894
1.93219
1.9338
1.93394
1.93285
1.9308
1.92811
1.92519
1.92245
1.92034
1.91921
1.91928
1.92057
1.92288
1.9259
1.92923
1.9325
1.93541
1.93776
1.93945
1.94045
1.9408
1.94055
1.93975
1.93845
1.93667
1.93438
1.93153
1.92801
1.92374
1.91861
1.91259
1.90579
1.89853
1.8914
1.88521
1.88089
1.87917
1.88035
1.88411
1.88965
1.89592
1.90197
1.90713
1.91109
1.91385
1.91567
1.91691
1.91795
1.91911
1.92054
1.92227
1.92421
1.92618
1.92804
1.92966
1.93098
1.93204
1.93292
1.9337
1.93443
1.93507
1.93543
1.93521
1.93396
1.93114
1.92615
1.91835
1.90721
1.89259
1.8751
1.85645
1.83953
1.82761
1.82317
1.82687
1.83738
1.85204
1.86794
1.88267
1.8948
1.90375
1.90954
1.91249
1.91305
1.91169
1.90882
1.90484
1.90009
1.89488
1.8895
1.8842
1.87926
1.87495
1.87167
1.86992
1.87014
1.8725
1.87669
1.882
1.88755
1.89259
1.89654
1.8991
1.90017
1.89978
1.89808
1.8953
1.89173
1.88774
1.88372
1.88008
1.87718
1.87529
1.87454
1.87492
1.87622
1.87814
1.88028
1.88229
1.88382
1.88465
1.88464
1.8838
1.88223
1.88015
1.8778
1.87545
1.87328
1.87138
1.86973
1.86821
1.86668
1.86505
1.86328
1.86143
1.8596
1.85794
1.85657
1.85549
1.85463
1.85379
1.85269
1.85105
1.84863
1.84528
1.84097
1.8358
1.83
1.8239
1.81789
1.8124
1.80781
1.80437
1.80216
1.8011
1.80095
1.80138
1.80209
1.80286
1.80354
1.80407
1.80447
1.80476
1.80503
1.80536
1.80585
1.80662
1.80772
1.80916
1.81086
1.81268
1.81444
1.81598
1.81716
1.81788
1.81811
1.81783
1.81706
1.81586
1.81428
1.81237
1.8102
1.80784
1.80537
1.80287
1.80043
1.79811
1.796
1.79412
1.79251
1.79114
1.79001
1.78906
1.78825
1.78753
1.78688
1.78628
1.7857
1.78515
1.7846
1.78404
1.78344
1.78277
1.78201
1.78115
1.78023
1.77932
1.7785
1.77791
1.77768
1.77786
1.77847
1.77939
1.78043
1.78135
1.78195
1.78209
1.78181
1.78134
1.78109
1.78152
1.78305
1.78586
1.78982
1.79453
1.79944
1.80398
1.80768
1.81017
1.8112
1.8106
1.80828
1.80423
1.79861
1.79178
1.78436
1.77721
1.77128
1.76731
1.76565
1.76615
1.7683
1.77149
1.77518
1.779
1.78274
1.78629
1.78961
1.79265
1.79538
1.79779
1.79986
1.80159
1.80299
1.80412
1.80505
1.80586
1.80665
1.8075
1.80849
1.80966
1.81099
1.81248
1.81405
1.81564
1.81718
1.81859
1.81984
1.82088
1.8217
1.82229
1.82266
1.8228
1.82273
1.82246
1.82197
1.82126
1.82031
1.81912
1.81767
1.81596
1.81403
1.81193
1.80974
1.80756
1.80551
1.80368
1.80214
1.80091
1.79997
1.79926
1.79869
1.79819
1.79768
1.79713
1.79649
1.79578
1.795
1.79423
1.79361
1.79335
1.79369
1.79486
1.79699
1.80003
1.80374
1.80776
1.81164
1.81498
1.81743
1.8187
1.81854
1.81674
1.81317
1.80782
1.80096
1.79324
1.78577
1.77986
1.77661
1.77635
1.77851
1.78192
1.78536
1.78795
1.78933
1.78956
1.78895
1.78795
1.78701
1.78651
1.78667
1.78751
1.78891
1.79063
1.79238
1.79389
1.79495
1.79545
1.79534
1.79466
1.79351
1.79204
1.79045
1.78897
1.78781
1.78721
1.78731
1.78819
1.78977
1.79192
1.7944
1.79697
1.7994
1.80153
1.80326
1.80453
1.80534
1.80573
1.80574
1.80543
1.80488
1.80416
1.80335
1.80254
1.80184
1.80134
1.80112
1.80123
1.8017
1.80249
1.80351
1.80464
1.80574
1.80667
1.8073
1.80754
1.80734
1.80668
1.8056
1.80419
1.80259
1.80095
1.79947
1.79831
1.79764
1.79755
1.79811
1.79929
1.80104
1.80322
1.80571
1.80835
1.81099
1.81352
1.81584
1.81788
1.81959
1.82095
1.82197
1.82265
1.82302
1.8231
1.82292
1.8225
1.82183
1.8209
1.81964
1.81796
1.81571
1.81274
1.80892
1.80424
1.79889
1.7934
1.78862
1.78556
1.78499
1.78712
1.79148
1.79718
1.80326
1.80898
1.81396
1.8181
1.82144
1.8241
1.8262
1.82785
1.8291
1.83002
1.83063
1.83098
1.8311
1.83104
1.83084
1.83055
1.8302
1.82985
1.82952
1.82926
1.8291
1.82907
1.82922
1.82956
1.83012
1.83087
1.8318
1.83285
1.83397
1.83511
1.83623
1.83728
1.83826
1.83912
1.83982
1.84028
1.8404
1.84005
1.83909
1.83742
1.83499
1.8319
1.82838
1.82488
1.82196
1.82026
1.82026
1.82217
1.82583
1.83076
1.83633
1.84196
1.84718
1.8517
1.8554
1.85826
1.86033
1.86171
1.86248
1.86269
1.86238
1.86156
1.86022
1.85831
1.85584
1.85281
1.84933
1.84561
1.84197
1.83881
1.83657
1.83558
1.83599
1.83775
1.84064
1.84432
1.84845
1.85275
1.85697
1.86095
1.86457
1.86776
1.87044
1.87258
1.87415
1.87515
1.87561
1.87557
1.87511
1.87434
1.87339
1.87241
1.87155
1.87094
1.8707
1.8709
1.87157
1.87266
1.87409
1.87575
1.8775
1.87919
1.88067
1.88182
1.88251
1.88267
1.88221
1.88108
1.87927
1.87678
1.87368
1.87006
1.86611
1.86206
1.8582
1.85483
1.85219
1.85047
1.84973
1.84994
1.85099
1.85269
1.85488
1.85736
1.85995
1.86247
1.86472
1.86648
1.86754
1.86765
1.86661
1.86425
1.86053
1.85557
1.84973
1.84365
1.83819
1.83426
1.83259
1.83346
1.83663
1.84143
1.84697
1.8524
1.85711
1.86073
1.86319
1.86458
1.86511
1.86502
1.86453
1.86383
1.86299
1.86206
1.86101
1.8598
1.85838
1.85676
1.85506
1.85357
1.85269
1.85292
1.85464
1.85794
1.86253
1.86783
1.87311
1.87771
1.88109
1.88288
1.88281
1.88068
1.87644
1.87022
1.86254
1.85439
1.84711
1.84202
1.83975
1.83999
1.84159
1.84313
1.84329
1.84101
1.83553
1.82651
1.81446
1.80124
1.79032
1.78572
1.7898
1.80158
1.81745
1.83351
1.84727
1.85779
1.86521
1.87012
1.8732
1.87507
1.87623
1.87703
1.87773
1.87845
1.87925
1.88012
1.881
1.88176
1.88227
1.8823
1.88164
1.88001
1.87713
1.87279
1.86687
1.85944
1.85083
1.84165
1.83276
1.82506
1.81929
1.81588
1.81478
1.81554
1.81739
1.81937
1.82063
1.82073
1.81982
1.81861
1.81803
1.81886
1.82136
1.8253
1.8302
1.83556
1.84106
1.84648
1.85173
1.85674
1.86145
1.86582
1.86978
1.87329
1.8763
1.87879
1.88072
1.88208
1.88284
1.883
1.88255
1.88148
1.87984
1.8777
1.8752
1.87253
1.86998
1.86783
1.86635
1.86575
1.86605
1.86718
1.86893
1.87107
1.87334
1.87556
1.8776
1.87936
1.88076
1.88172
1.88213
1.88185
1.88068
1.87842
1.87483
1.8697
1.8629
1.85448
1.84486
1.8351
1.82691
1.82235
1.82287
1.82847
1.83763
1.84813
1.85813
1.86671
1.87374
1.87954
1.88458
1.88917
1.89347
1.89747
1.90106
1.90415
1.90666
1.90859
1.90998
1.91091
1.91147
1.91175
1.91182
1.91165
1.91117
1.91016
1.90833
1.90534
1.901
1.8955
1.88964
1.88488
1.8829
1.88471
1.89005
1.89744
1.90502
1.91131
1.91561
1.9179
1.91859
1.9183
1.91766
1.91722
1.91731
1.91808
1.91945
1.92118
1.92293
1.92429
1.92481
1.92403
1.92137
1.91616
1.90764
1.89523
1.87918
1.86163
1.84718
1.84139
1.84698
1.8615
1.87931
1.89529
1.90668
1.91266
1.91346
1.91005
1.90408
1.89784
1.89378
1.89337
1.89645
1.90143
1.90635
1.90975
1.91091
1.90976
1.90655
1.90172
1.89586
1.88967
1.88398
1.87954
1.8769
1.87622
1.87727
1.87959
1.88266
1.88613
1.88981
1.89369
1.89776
1.90194
1.90598
1.90952
1.91215
1.91344
1.91307
1.91082
1.90666
1.90074
1.89347
1.88551
1.87773
1.87107
1.86623
1.86357
1.86293
1.8638
1.86549
1.86736
1.86898
1.87008
1.87063
1.87074
1.87061
1.87048
1.87054
1.87094
1.87169
1.87273
1.87391
1.87505
1.87594
1.87636
1.87606
1.87468
1.87176
1.86666
1.85866
1.84713
1.83209
1.81491
1.79893
1.78855
1.78664
1.79226
1.80128
1.80932
1.81401
1.81529
1.81477
1.81452
1.81604
1.81957
1.82424
1.82878
1.83216
1.83393
1.83415
1.83316
1.83141
1.82929
1.82706
1.82484
1.82258
1.82018
1.81753
1.8146
1.81147
1.80835
1.80555
1.8034
1.80219
1.8021
1.8032
1.80541
1.80858
1.81247
1.8168
1.82127
1.82555
1.82934
1.8324
1.83456
1.83574
1.83595
1.83528
1.83393
1.83212
1.8301
1.82809
1.8262
1.82437
1.82239
1.81985
1.81634
1.81149
1.80523
1.79783
1.79005
1.78302
1.77794
1.77568
1.77641
1.77953
1.78383
1.78799
1.79094
1.7922
1.79198
1.7911
1.79073
1.79191
1.79509
1.79995
1.80564
1.81115
1.81575
1.81903
1.82094
1.82164
1.82138
1.82044
1.81908
1.81754
1.81602
1.81465
1.81357
1.81285
1.81255
1.8127
1.81328
1.81426
1.81557
1.81709
1.81871
1.82027
1.82163
1.82264
1.82316
1.82309
1.82237
1.821
1.8191
1.81688
1.81466
1.81282
1.81172
1.81156
1.81231
1.8137
1.81527
1.81647
1.81677
1.81579
1.81326
1.80912
1.80352
1.7968
1.78942
1.78193
1.77481
1.7684
1.76291
1.75853
1.75546
1.75398
1.7544
1.75685
1.76123
1.7671
1.77377
1.78041
1.78621
1.7905
1.79286
1.79326
1.79214
1.79053
1.78991
1.79169
1.79662
1.80438
1.81378
1.82338
1.83205
1.83917
1.84458
1.84835
1.85069
1.85178
1.85177
1.85073
1.84869
1.8456
1.84139
1.83601
1.82946
1.82194
1.81392
1.80623
1.79992
1.79593
1.79466
1.79576
1.79833
1.80137
1.80417
1.80654
1.80864
1.81083
1.81343
1.8166
1.82029
1.82432
1.82839
1.83222
1.8356
1.83839
1.84053
1.84203
1.84291
1.84321
1.84294
1.8421
1.84063
1.83845
1.83543
1.83148
1.82654
1.82066
1.81406
1.80714
1.80048
1.79472
1.7905
1.78829
1.78833
1.79052
1.79449
1.79959
1.8051
1.81036
1.81497
1.81872
1.82169
1.82405
1.82607
1.82799
1.82999
1.83217
1.83452
1.83694
1.83924
1.84117
1.84238
1.84247
1.84093
1.83723
1.83091
1.82186
1.81071
1.79919
1.78981
1.78472
1.78426
1.78666
1.78927
1.79018
1.78902
1.78678
1.78515
1.78566
1.78907
1.79514
1.80286
1.8109
1.81812
1.82376
1.82746
1.82915
1.82896
1.8271
1.82384
1.8195
1.81443
1.80905
1.80381
1.79914
1.79544
1.79298
1.79191
1.79221
1.79375
1.79629
1.79952
1.80312
1.80677
1.81024
1.81336
1.81604
1.81825
1.81997
1.82124
1.82207
1.82251
1.82258
1.82233
1.82179
1.82105
1.8202
1.81934
1.81858
1.81803
1.81776
1.81777
1.81804
1.81848
1.81899
1.81948
1.81986
1.8201
1.82023
1.82028
1.82034
1.82049
1.82079
1.8213
1.82202
1.82295
1.82405
1.82529
1.82657
1.82783
1.82895
1.82978
1.83018
1.82998
1.82904
1.82728
1.82471
1.82147
1.8178
1.81398
1.81021
1.80651
1.80274
1.79865
1.79416
1.78956
1.78549
1.78288
1.78257
1.78495
1.7899
1.7968
1.80483
1.81315
1.82105
1.82808
1.83401
1.8388
1.8426
1.84564
1.84816
1.85037
1.85242
1.85434
1.8561
1.8576
1.85868
1.8592
1.85902
1.858
1.85607
1.85316
1.84925
1.84439
1.83873
1.83248
1.82602
1.81979
1.81434
1.81015
1.80761
1.80692
1.80803
1.81069
1.81451
1.81904
1.82384
1.82854
1.83281
1.83645
1.83931
1.84135
1.8426
1.84316
1.84321
1.84294
1.84257
1.84232
1.84237
1.84281
1.84368
1.84491
1.84639
1.84791
1.84925
1.85015
1.8504
1.84979
1.84823
1.84575
1.84258
1.83922
1.83639
1.83485
1.83522
1.83767
1.84189
1.84725
1.85303
1.85861
1.86364
1.8679
1.87135
1.87395
1.87571
1.87657
1.87644
1.87518
1.87266
1.86876
1.86349
1.85716
1.8504
1.84428
1.84001
1.83854
1.84012
1.8442
1.84971
1.85553
1.86089
1.86538
1.86891
1.87159
1.87356
1.87497
1.87593
1.87647
1.8766
1.87625
1.87532
1.87368
1.8712
1.86774
1.86317
1.85742
1.8505
1.84263
1.83429
1.82632
1.81986
1.81607
1.81569
1.81876
1.82469
1.83259
1.84162
1.85109
1.86047
1.86934
1.87733
1.88421
1.88981
1.89406
1.89693
1.89838
1.89832
1.89654
1.8927
1.88635
1.87697
1.86419
1.84826
1.83051
1.81365
1.80111
1.79552
1.79738
1.80531
1.81721
1.83119
1.84566
1.85926
1.87094
1.88008
1.88649
1.89035
1.89209
1.89232
1.89174
1.89105
1.89082
1.8914
1.89278
1.8947
1.89672
1.89842
1.8995
1.89985
1.89957
1.89887
1.898
1.89718
1.8965
1.89586
1.89502
1.89363
1.89133
1.88778
1.88275
1.87618
1.86824
1.85946
1.85068
1.84302
1.83754
1.83495
1.83536
1.83823
1.84262
1.84753
1.85222
1.8563
1.85975
1.86285
1.86608
1.86996
1.87489
1.88097
1.88795
1.89532
1.90253
1.90914
1.91484
1.91948
1.92298
1.92538
1.92678
1.92736
1.92734
1.92686
1.92593
1.9244
1.92201
1.91849
1.9137
1.90766
1.9007
1.89337
1.88651
1.88099
1.8776
1.87679
1.87851
1.88228
1.88729
1.89267
1.89769
1.90182
1.90485
1.90675
1.90769
1.90788
1.90755
1.90683
1.90578
1.90436
1.90246
1.89993
1.89668
1.8927
1.88809
1.88313
1.87821
1.87386
1.87062
1.86894
1.86911
1.87112
1.87478
1.87966
1.88532
1.89131
1.89725
1.90284
1.90788
1.91222
1.91577
1.91845
1.92023
1.92111
1.92105
1.92005
1.91808
1.91512
1.9112
1.90641
1.90099
1.89533
1.89003
1.88577
1.88318
1.88258
1.88393
1.88677
1.89041
1.89413
1.89736
1.89972
1.90108
1.9015
1.90123
1.90061
1.9
1.89971
1.8999
1.90059
1.90168
1.90301
1.90445
1.9059
1.90731
1.90863
1.90975
1.91049
1.9105
1.90924
1.906
1.90006
1.89097
1.87925
1.8671
1.85845
1.85726
1.86475
1.87844
1.89403
1.90807
1.91893
1.92643
1.93108
1.9335
1.93424
1.93373
1.93227
1.93012
1.92754
1.92484
1.92236
1.92046
1.9194
1.91924
1.91983
1.92081
1.92171
1.92208
1.92166
1.92041
1.91861
1.91675
1.91546
1.91524
1.91635
1.91867
1.92185
1.92542
1.92894
1.93214
1.93486
1.93705
1.93871
1.93987
1.94056
1.94082
1.94071
1.94033
1.93977
1.93915
1.93861
1.93827
1.9382
1.93846
1.93902
1.93979
1.94063
1.94134
1.94168
1.94142
1.94037
1.93839
1.93544
1.93159
1.92704
1.92211
1.91724
1.91292
1.9096
1.90753
1.90659
1.90614
1.90506
1.902
1.89575
1.88579
1.87268
1.85825
1.84531
1.83701
1.83592
1.84303
1.85695
1.87438
1.89181
1.90686
1.9186
1.92712
1.93296
1.93675
1.93905
1.9403
1.94083
1.94088
1.94059
1.94004
1.93925
1.93822
1.93692
1.93534
1.93347
1.93132
1.92897
1.92651
1.92406
1.92177
1.91972
1.91798
1.91653
1.91529
1.91415
1.91298
1.91167
1.91017
1.90843
1.90641
1.90407
1.90135
1.89818
1.89451
1.8903
1.8856
1.88053
1.87527
1.87012
1.8655
1.86192
1.85989
1.85981
1.86171
1.86523
1.86962
1.87398
1.8775
1.87958
1.87986
1.87832
1.87523
1.87121
1.86716
1.86415
1.86303
1.86418
1.86735
1.87179
1.87663
1.88112
1.8848
1.88752
1.88929
1.89024
1.89057
1.89043
1.88998
1.88933
1.88854
1.88765
1.88663
1.88544
1.88401
1.88226
1.8801
1.87755
1.87468
1.87174
1.86909
1.86717
1.86632
1.86662
1.86774
1.86891
1.86912
1.86732
1.86278
1.85555
1.8469
1.83939
1.83599
1.8384
1.84585
1.85566
1.86494
1.87175
1.87542
1.87609
1.87436
1.87104
1.86697
1.86296
1.8597
1.85773
1.85739
1.85892
1.86238
1.86758
1.87401
1.88087
1.8872
1.89214
1.89512
1.89591
1.89477
1.89236
1.88968
1.88781
1.88748
1.8889
1.89172
1.89532
1.89906
1.90248
1.90523
1.90703
1.9076
1.90668
1.90409
1.89986
1.89432
1.88822
1.88276
1.87928
1.87889
1.8819
1.88767
1.89501
1.90261
1.90951
1.91515
1.91936
1.92213
1.92357
1.9238
1.92296
1.92119
1.91869
1.91573
1.91262
1.90976
1.9075
1.90614
1.90582
1.90654
1.90813
1.91037
1.91298
1.91572
1.91839
1.92083
1.92295
1.9247
1.92606
1.92707
1.92775
1.92816
1.92835
1.92837
1.92825
1.92803
1.92768
1.9272
1.92655
1.92568
1.92453
1.92308
1.92129
1.91921
1.91689
1.91446
1.9121
1.91003
1.90849
1.90774
1.90796
1.90928
1.9117
1.91511
1.91928
1.92398
1.92891
1.93385
1.9386
1.94304
1.94707
1.95063
1.95369
1.95618
1.95806
1.95923
1.95961
1.95908
1.95754
1.95493
1.95132
1.94695
1.94229
1.9379
1.93427
1.93149
1.92905
1.92587
1.92075
1.91296
1.90303
1.89307
1.88614
1.88454
1.88817
1.89475
1.90151
1.90664
1.90968
1.911
1.9113
1.91127
1.91143
1.9121
1.91349
1.91568
1.91863
1.92218
1.92602
1.92971
1.93271
1.93452
1.93473
1.93311
1.92962
1.92443
1.91784
1.91031
1.90238
1.89463
1.88764
1.88196
1.87801
1.87607
1.87624
1.87847
1.88256
1.88814
1.89476
1.90192
1.90911
1.91589
1.92193
1.92701
1.93107
1.93413
1.93631
1.93773
1.93851
1.9387
1.93829
1.93722
1.9354
1.93281
1.92948
1.92558
1.92137
1.91723
1.91356
1.91073
1.90898
1.90837
1.90877
1.90986
1.91126
1.91253
1.91331
1.91331
1.91237
1.91046
1.9077
1.90437
1.90091
1.89787
1.89581
1.89521
1.89632
1.89907
1.90311
1.9079
1.91279
1.91723
1.92077
1.92313
1.9242
1.92404
1.9228
1.92075
1.9182
1.91548
1.91288
1.91066
1.90903
1.9082
1.90837
1.9097
1.91223
1.91579
1.92002
1.9244
1.92834
1.93132
1.93291
1.93281
1.9309
1.9273
1.92235
1.91664
1.9108
1.90528
1.90014
1.89511
1.88991
1.88473
1.88035
1.87792
1.87835
1.88176
1.88736
1.89383
1.89983
1.90433
1.9067
1.90675
1.90468
1.90099
1.89647
1.89206
1.88857
1.88655
1.88613
1.88708
1.88903
1.89159
1.89453
1.89773
1.90121
1.90499
1.90911
1.91355
1.91825
1.92308
1.92791
1.93259
1.93697
1.94092
1.94434
1.94714
1.94928
1.95073
1.95146
1.95149
1.95084
1.94955
1.94769
1.94531
1.94249
1.93931
1.93586
1.9322
1.9284
1.92451
1.92058
1.91664
1.91277
1.90901
1.90547
1.90221
1.89931
1.89683
1.8948
1.89324
1.89214
1.89153
1.89141
1.89179
1.89269
1.89406
1.89584
1.89793
1.90016
1.9024
1.90445
1.90617
1.90741
1.90805
1.908
1.90718
1.9056
1.90327
1.90029
1.8968
1.893
1.88916
1.88557
1.88251
1.88019
1.87874
1.87814
1.87828
1.87896
1.87997
1.88112
1.88223
1.88321
1.88398
1.88452
1.88485
1.88501
1.88509
1.88517
1.88534
1.88567
1.88617
1.88683
1.8876
1.8884
1.88917
1.88985
1.89039
1.89078
1.891
1.89108
1.89101
1.89081
1.89049
1.89006
1.8895
1.88881
1.88797
1.88695
1.88574
1.88431
1.88263
1.88068
1.8784
1.87564
1.87218
1.86754
1.86101
1.85173
1.83907
1.82373
1.809
1.80067
1.80379
1.81839
1.83921
1.86002
1.87708
1.88941
1.89756
1.90252
1.9052
1.90628
1.90623
1.90533
1.90379
1.90173
1.89925
1.89643
1.89336
1.89011
1.88672
1.88324
1.87966
1.87595
1.87206
1.86798
1.86379
1.85971
1.85608
1.8533
1.85164
1.85109
1.85126
1.85151
1.85109
1.84933
1.84585
1.84064
1.83415
1.82734
1.82155
1.81824
1.81853
1.82275
1.83037
1.84016
1.85072
1.86087
1.86977
1.87704
1.88254
1.88637
1.88869
1.88971
1.88962
1.88862
1.88689
1.88458
1.88186
1.87886
1.87572
1.87254
1.86939
1.8663
1.86326
1.86024
1.85719
1.85409
1.85098
1.84796
1.84516
1.84279
1.84104
1.84006
1.83992
1.8406
1.84197
1.84383
1.84591
1.84794
1.84972
1.85109
1.85199
1.85249
1.8527
1.85279
1.85284
1.85289
1.85285
1.8526
1.85205
1.85123
1.85036
1.84977
1.84984
1.85084
1.85283
1.85562
1.85887
1.86214
1.86499
1.86709
1.86817
1.86809
1.86682
1.8645
1.86151
1.85844
1.85602
1.85498
1.85572
1.85818
1.86187
1.86605
1.87003
1.87327
1.87554
1.87678
1.87711
1.87668
1.8757
1.87432
1.87264
1.87068
1.8684
1.86565
1.86224
1.85798
1.85278
1.84673
1.84018
1.83374
1.82817
1.82413
1.82204
1.82206
1.8241
1.82802
1.83351
1.84011
1.84729
1.85455
1.86155
1.86805
1.87385
1.87864
1.88198
1.88341
1.88259
1.87961
1.87526
1.87118
1.8694
1.87144
1.8774
1.88592
1.89501
1.90302
1.90903
1.9128
1.9145
1.91448
1.9131
1.91067
1.90744
1.90363
1.8994
1.89493
1.89035
1.88582
1.88148
1.87748
1.87396
1.87103
1.86879
1.86727
1.86648
1.86637
1.86686
1.8678
1.86905
1.87042
1.87171
1.8727
1.87317
1.87288
1.87156
1.86896
1.86488
1.85922
1.85214
1.84412
1.83607
1.82921
1.82484
1.8239
1.82656
1.83221
1.83964
1.84753
1.85474
1.86049
1.86431
1.866
1.86556
1.86325
1.85962
1.85562
1.85252
1.85154
1.8534
1.85797
1.8644
1.87146
1.87812
1.88366
1.88781
1.89051
1.8919
1.89214
1.89142
1.8899
1.88775
1.88512
1.88215
1.87898
1.87571
1.87244
1.86924
1.86611
1.86306
1.86001
1.85684
1.8534
1.84949
1.84502
1.84008
1.83508
1.83079
1.82816
1.82793
1.83022
1.83441
1.83936
1.84391
1.84723
1.84905
1.84965
1.84969
1.84997
1.85111
1.85336
1.85651
1.86001
1.86314
1.86525
1.86576
1.86424
1.86038
1.85407
1.84542
1.83494
1.82362
1.81291
1.80449
1.79983
1.79967
1.80378
1.8111
1.82019
1.82968
1.83853
1.84605
1.8519
1.85595
1.85823
1.85893
1.85833
1.85677
1.85471
1.85257
1.85077
1.84956
1.84903
1.84908
1.84942
1.84966
1.84944
1.84844
1.84651
1.84367
1.84011
1.83616
1.83222
1.82868
1.82582
1.82379
1.8226
1.82214
1.82228
1.82286
1.8238
1.825
1.82637
1.82781
1.82921
1.83048
1.83155
1.83236
1.83287
1.83305
1.83288
1.83235
1.83146
1.83022
1.82861
1.82664
1.82426
1.82141
1.81795
1.81376
1.80874
1.80285
1.79624
1.7893
1.78264
1.7771
1.77351
1.7725
1.77425
1.77846
1.78445
1.79138
1.79849
1.80518
1.81106
1.81592
1.81969
1.82235
1.82389
1.82433
1.82367
1.8219
1.81897
1.8148
1.80926
1.80223
1.7937
1.78398
1.77396
1.76528
1.76003
1.75993
1.76535
1.77504
1.78677
1.79844
1.8087
1.81698
1.82326
1.82779
1.83086
1.83275
1.83366
1.83374
1.83313
1.83195
1.83037
1.82859
1.82686
1.82542
1.82448
1.82415
1.82442
1.82514
1.82606
1.8269
1.8274
1.82734
1.82665
1.82532
1.82351
1.82148
1.81958
1.81817
1.81754
1.81786
1.81911
1.82112
1.82361
1.82632
1.82902
1.83155
1.83384
1.83589
1.83771
1.83935
1.84088
1.84235
1.84379
1.84524
1.84674
1.84831
1.84998
1.85174
1.85362
1.85563
1.85775
1.85998
1.8623
1.86466
1.867
1.86925
1.87131
1.87306
1.87435
1.87503
1.87491
1.87384
1.87173
1.86859
1.86465
1.86043
1.85666
1.8542
1.85371
1.85537
1.85885
1.86341
1.86822
1.87265
1.87632
1.87917
1.88133
1.88303
1.88454
1.88607
1.88771
1.88946
1.89118
1.89269
1.8938
1.89434
1.89416
1.89316
1.89127
1.88842
1.88451
1.87948
1.87329
1.86602
1.85788
1.84931
1.84092
1.83354
1.82804
1.82529
1.82595
1.83023
1.83783
1.8479
1.85925
1.87065
1.88107
1.88979
1.89641
1.90085
1.9032
1.90375
1.90289
1.90112
1.89897
1.89696
1.89546
1.89467
1.89456
1.89494
1.89553
1.89607
1.89637
1.89634
1.89595
1.89524
1.89426
1.89307
1.89171
1.8902
1.88854
1.88669
1.88466
1.88243
1.88001
1.87745
1.87483
1.87227
1.8699
1.86784
1.86621
1.86507
1.86442
1.86419
1.86425
1.86441
1.86447
1.86416
1.86321
1.8613
1.85812
1.85339
1.847
1.83917
1.83072
1.82307
1.81803
1.81706
1.82053
1.82751
1.83633
1.84531
1.85326
1.85957
1.86403
1.86662
1.86741
1.86644
1.86376
1.8594
1.85351
1.84639
1.83857
1.83081
1.82397
1.81878
1.81561
1.81446
1.81507
1.81709
1.8202
1.8241
1.82847
1.83302
1.83751
1.84176
1.84569
1.84927
1.8525
1.85536
1.85785
1.85993
1.86157
1.86275
1.86344
1.86363
1.86335
1.86265
1.86159
1.86029
1.8589
1.85756
1.85644
1.85565
1.85527
1.85532
1.85571
1.85635
1.85707
1.85775
1.85827
1.85854
1.85852
1.85821
1.85764
1.85683
1.85585
1.85473
1.85351
1.85222
1.85087
1.84948
1.84807
1.84666
1.84529
1.84403
1.84301
1.84233
1.84216
1.84261
1.84378
1.84568
1.8482
1.85118
1.85436
1.85745
1.86017
1.86229
1.86364
1.86411
1.86368
1.86239
1.86037
1.85772
1.85459
1.85104
1.84706
1.84252
1.83725
1.8311
1.82404
1.81624
1.80822
1.8008
1.79502
1.79185
1.79191
1.79517
1.80099
1.80832
1.81612
1.82353
1.83004
1.8354
1.83957
1.84265
1.8448
1.84617
1.84692
1.84719
1.84708
1.84663
1.84589
1.84485
1.84349
1.84174
1.83956
1.8369
1.83373
1.83008
1.82603
1.82175
1.81749
1.81355
1.81024
1.80781
1.8064
1.80602
1.80659
1.80797
1.81
1.81256
1.81557
1.81894
1.82258
1.82633
1.82997
1.83321
1.83568
1.83698
1.8367
1.83453
1.8304
1.82465
1.81814
1.81223
1.80833
1.80734
1.80916
1.81285
1.81711
1.82085
1.82337
1.82439
1.82389
1.82198
1.81883
1.81465
1.80975
1.80461
1.8
1.79696
1.79656
1.79944
1.80549
1.81371
1.82269
1.83109
1.83801
1.84306
1.84628
1.84797
1.84853
1.84841
1.84799
1.84755
1.84729
1.84728
1.84754
1.84807
1.84887
1.84994
1.85134
1.85308
1.85512
1.85739
1.85974
1.86202
1.8641
1.86589
1.86737
1.86855
1.86945
1.87012
1.87059
1.8709
1.87112
1.87135
1.87173
1.87241
1.87352
1.87511
1.87715
1.87951
1.88203
1.88454
1.88692
1.88909
1.89102
1.89273
1.89424
1.89557
1.89677
1.89788
1.89898
1.90016
1.9015
1.9031
1.90502
1.90727
1.90982
1.91259
1.91545
1.91827
1.92092
1.92326
1.92516
1.92646
1.92701
1.92658
1.9249
1.9216
1.91622
1.90831
1.8975
1.88384
1.86812
1.85215
1.83847
1.82951
1.8264
1.82859
1.83446
1.84222
1.85053
1.85865
1.86627
1.87338
1.88006
1.88638
1.89239
1.89804
1.90328
1.90798
1.91201
1.91526
1.91764
1.91913
1.91974
1.91954
1.91864
1.9172
1.91542
1.91352
1.91171
1.91018
1.90905
1.90838
1.90811
1.90812
1.90827
1.9084
1.9084
1.90819
1.90775
1.90707
1.90619
1.90517
1.90405
1.90289
1.90175
1.90067
1.89968
1.89882
1.89807
1.89745
1.89692
1.89646
1.89604
1.89564
1.89522
1.89479
1.89436
1.89396
1.89361
1.89335
1.89321
1.8932
1.8933
1.89346
1.89362
1.89363
1.89336
1.89264
1.89133
1.88936
1.88674
1.88367
1.88047
1.87757
1.87535
1.87399
1.87336
1.87302
1.87235
1.87073
1.86778
1.86348
1.85828
1.85312
1.84915
1.84739
1.84829
1.85157
1.85639
1.86176
1.86684
1.87113
1.8744
1.87664
1.87794
1.87845
1.87832
1.87767
1.87664
1.87532
1.8738
1.87215
1.87044
1.86872
1.86703
1.86538
1.86377
1.86218
1.86055
1.8588
1.85681
1.85445
1.85158
1.84808
1.84387
1.83896
1.8335
1.82778
1.82222
1.81731
1.81348
1.81099
1.80982
1.80973
1.81035
1.81128
1.81222
1.81298
1.81351
1.81382
1.81402
1.81424
1.8147
1.81559
1.81707
1.81921
1.82196
1.82513
1.8285
1.83183
1.83496
1.83777
1.84025
1.84237
1.84415
1.84557
1.8466
1.84719
1.84727
1.84678
1.84565
1.84386
1.8414
1.83831
1.83467
1.83066
1.82654
1.82266
1.81941
1.81709
1.81591
1.81584
1.81669
1.81817
1.81999
1.82194
1.82389
1.82582
1.82772
1.82962
1.8315
1.83338
1.83521
1.83694
1.83851
1.83986
1.84089
1.84154
1.84174
1.84143
1.84061
1.83933
1.83768
1.83585
1.83405
1.83247
1.83125
1.8304
1.82975
1.82901
1.82779
1.82573
1.82249
1.81795
1.81219
1.80559
1.79883
1.7928
1.78833
1.78597
1.78581
1.78758
1.79091
1.7955
1.80116
1.80776
1.81505
1.82266
1.83015
1.83708
1.84312
1.8481
1.85197
1.85483
1.85683
1.85815
1.85898
1.85946
1.8597
1.85977
1.85968
1.85943
1.85899
1.85831
1.85732
1.85598
1.85421
1.85196
1.84922
1.84603
1.84252
1.83893
1.8356
1.83295
1.83134
1.83101
1.832
1.8341
1.83698
1.84024
1.84356
1.84671
1.84957
1.8521
1.85433
1.8563
1.85806
1.85964
1.86107
1.86234
1.86343
1.86431
1.86493
1.86524
1.86517
1.86467
1.8637
1.86222
1.86027
1.85792
1.8553
1.85262
1.85012
1.84803
1.8466
1.84599
1.84626
1.84743
1.8494
1.85203
1.85513
1.85848
1.86188
1.86516
1.86819
1.87087
1.87315
1.875
1.87637
1.87726
1.87767
1.87758
1.87702
1.87603
1.8747
1.87315
1.87155
1.87009
1.86897
1.8684
1.86854
1.86947
1.87126
1.87387
1.87725
1.88129
1.88584
1.89072
1.89576
1.90077
1.90559
1.91008
1.91413
1.91762
1.92049
1.92265
1.92405
1.92464
1.92437
1.92323
1.92121
1.91835
1.91472
1.91045
1.90571
1.90078
1.89596
1.8916
1.88808
1.88572
1.88474
1.88522
1.88706
1.88999
1.8936
1.89741
1.9009
1.90361
1.9052
1.90546
1.9044
1.90223
1.89936
1.89636
1.89386
1.89239
1.89225
1.89351
1.89595
1.89922
1.90293
1.90667
1.91013
1.91303
1.91516
1.91636
1.91653
1.91563
1.9137
1.91086
1.90733
1.90344
1.8996
1.89629
1.89397
1.893
1.89353
1.89549
1.89854
1.90214
1.90569
1.90858
1.9103
1.91054
1.90918
1.90631
1.90228
1.89768
1.89326
1.88983
1.888
1.88808
1.88991
1.89303
1.89682
1.90071
1.90426
1.90721
1.90946
1.91099
1.91188
1.9122
1.91206
1.91155
1.91074
1.90967
1.90838
1.90686
1.90511
1.90311
1.90083
1.89826
1.89542
1.89234
1.8891
1.88582
1.88263
1.87965
1.87701
1.8748
1.87305
1.87175
1.87079
1.87006
1.86935
1.86846
1.86715
1.86525
1.86269
1.8596
1.85641
1.85386
1.85278
1.85384
1.85721
1.86246
1.86875
1.87514
1.88088
1.88554
1.88894
1.89109
1.89211
1.89214
1.89136
1.88991
1.88794
1.88555
1.88284
1.87988
1.87675
1.87354
1.87042
1.86764
1.86555
1.86447
1.8646
1.8659
1.86812
1.87084
1.87362
1.87611
1.87814
1.87966
1.88077
1.88163
1.88242
1.88332
1.88443
1.88582
1.88747
1.88933
1.89129
1.89324
1.89509
1.8968
1.89837
1.89986
1.90134
1.90292
1.90466
1.90659
1.9087
1.91093
1.91319
1.91538
1.9174
1.91914
1.92054
1.9215
1.92195
1.92179
1.92092
1.91926
1.9167
1.91319
1.90874
1.90347
1.89765
1.89169
1.88608
1.8813
1.87765
1.87519
1.87368
1.8728
1.87225
1.87191
1.87184
1.87211
1.87273
1.87349
1.87402
1.87392
1.87289
1.87086
1.868
1.86465
1.8613
1.85841
1.85636
1.85534
1.85539
1.8564
1.85818
1.86052
1.86319
1.86599
1.86873
1.87125
1.87341
1.87514
1.87638
1.87712
1.87734
1.87708
1.87635
1.87518
1.8736
1.87164
1.86934
1.86676
1.86397
1.86108
1.85819
1.85544
1.85293
1.85075
1.84894
1.8475
1.84638
1.84549
1.84473
1.84401
1.84326
1.84246
1.84165
1.84092
1.84041
1.84027
1.84062
1.84155
1.84303
1.84496
1.84717
1.84944
1.85156
1.85335
1.85468
1.85545
1.85563
1.85518
1.85412
1.85249
1.85034
1.84776
1.84487
1.84181
1.83878
1.83594
1.8335
1.83159
1.8303
1.82963
1.82953
1.82985
1.83042
1.83101
1.83143
1.83151
1.83116
1.83042
1.82949
1.82873
1.82858
1.82951
1.83178
1.83546
1.84033
1.84602
1.85213
1.8583
1.86431
1.87
1.8753
1.88009
1.88427
1.88769
1.89014
1.8914
1.8912
1.88927
1.88533
1.87917
1.87073
1.86021
1.84822
1.8358
1.82433
1.81521
1.80949
1.80764
1.80954
1.81465
1.82212
1.83099
1.84028
1.84917
1.85704
1.86349
1.8683
1.87141
1.87287
1.87281
1.87141
1.86893
1.86567
1.86194
1.85811
1.85449
1.85139
1.84902
1.84747
1.84675
1.84674
1.8473
1.84827
1.84951
1.85094
1.85252
1.85423
1.85606
1.85797
1.85992
1.86184
1.86364
1.86522
1.86651
1.86742
1.86788
1.86784
1.86722
1.86597
1.86405
1.86146
1.85827
1.85467
1.85098
1.84764
1.84513
1.84389
1.84409
1.84566
1.84827
1.85144
1.85477
1.85793
1.8608
1.86335
1.86567
1.86786
1.86999
1.87208
1.87407
1.8758
1.87707
1.87762
1.87722
1.87567
1.87289
1.8689
1.86392
1.85834
1.85268
1.84755
1.84348
1.84085
1.83979
1.84022
1.84192
1.8446
1.848
1.85186
1.8559
1.85985
1.86344
1.86649
1.86888
1.87061
1.87172
1.8723
1.87244
1.87216
1.87145
1.8703
1.86871
1.86678
1.86475
1.86297
1.86182
1.86163
1.86256
1.86451
1.86718
1.87015
1.87303
1.87551
1.87743
1.87874
1.8795
1.8798
1.87977
1.87951
1.87909
1.87856
1.87797
1.87731
1.87661
1.87588
1.87511
1.87433
1.87355
1.87277
1.87202
1.87131
1.87065
1.87004
1.8695
1.86902
1.86862
1.86828
1.86801
1.86781
1.86767
1.86758
1.86754
1.86754
1.86757
1.86762
1.86769
1.86775
1.86782
1.86788
1.86794
1.868
1.86806
1.86814
1.86824
1.86837
1.86854
1.86873
1.86893
1.86909
1.86914
1.86899
1.86848
1.86746
1.86574
1.86315
1.85958
1.8551
1.85006
1.84514
1.84129
1.83946
1.84023
1.84352
1.84858
1.85433
1.85971
1.86397
1.86666
1.86763
1.86687
1.86449
1.86066
1.8556
1.8496
1.84305
1.83643
1.83037
1.82554
1.82264
1.82216
1.8243
1.8288
1.83507
1.84231
1.84977
1.85684
1.86315
1.8685
1.87281
1.87611
1.87843
1.87982
1.88034
1.88002
1.8789
1.87702
1.87446
1.87132
1.86775
1.86395
1.86018
1.8567
1.85376
1.85154
1.85013
1.84953
1.84962
1.8502
1.851
1.85172
1.85207
1.85179
1.85072
1.84883
1.84629
1.84351
1.84113
1.83989
1.84043
1.84299
1.84729
1.85266
1.85826
1.86338
1.86754
1.87054
1.8724
1.87326
1.8733
1.87276
1.87184
1.87075
1.86967
1.86874
1.86807
1.8677
1.86765
1.86787
1.86829
1.86883
1.86939
1.8699
1.87029
1.87053
1.87061
1.87053
1.87033
1.87005
1.86975
1.86948
1.86927
1.86917
1.86919
1.8693
1.86947
1.86965
1.86976
1.86972
1.86947
1.86892
1.86803
1.8668
1.86526
1.86351
1.86171
1.86007
1.85881
1.85812
1.85813
1.85887
1.86027
1.86222
1.86461
1.86731
1.87023
1.87324
1.8762
1.87894
1.88126
1.883
1.88405
1.88434
1.88388
1.88269
1.88078
1.87807
1.87444
1.86975
1.86405
1.8577
1.85152
1.84663
1.84407
1.84435
1.84723
1.85193
1.85753
1.86329
1.86877
1.87372
1.87801
1.88155
1.88423
1.88597
1.88666
1.88626
1.88479
1.88238
1.87928
1.87593
1.8729
1.87078
1.87003
1.87089
1.87327
1.87684
1.88117
1.88577
1.89019
1.894
1.89683
1.8984
1.89853
1.89716
1.89438
1.8904
1.88555
1.88019
1.87477
1.86969
1.86535
1.86207
1.86008
1.85945
1.86008
1.86165
1.86372
1.86574
1.86719
1.86765
1.86692
1.86503
1.86232
1.8593
1.85658
1.85463
1.85363
1.85331
1.85304
1.85199
1.84939
1.84479
1.83839
1.83117
1.82479
1.82114
1.82164
1.82655
1.83495
1.84523
1.85577
1.86544
1.87372
1.88057
1.88622
1.89098
1.8951
1.8987
1.90181
1.90438
1.90633
1.9076
1.90813
1.90789
1.90689
1.90511
1.90258
1.8993
1.89529
1.89058
1.88523
1.87931
1.87293
1.86626
1.8595
1.85284
1.84652
1.84073
1.83564
1.83135
1.8279
1.8253
1.82345
1.82223
1.82149
1.82104
1.82075
1.82048
1.8202
1.81988
1.8196
1.81945
1.81957
1.82005
1.82096
1.82226
1.82383
1.82547
1.82693
1.82795
1.82835
1.82799
1.82684
1.825
1.82262
1.81996
1.8173
1.81489
1.81295
1.81156
1.8107
1.8102
1.80981
1.80922
1.80814
1.80633
1.80367
1.80018
1.79613
1.79199
1.7884
1.786
1.78523
1.78617
1.78852
1.79172
1.79515
1.79832
1.8009
1.80278
1.80393
1.80444
1.80441
1.80397
1.80323
1.80231
1.80129
1.80028
1.79933
1.79851
1.79788
1.79747
1.7973
1.79739
1.79773
1.7983
1.79907
1.79999
1.80101
1.80206
1.80306
1.80395
1.80461
1.80496
1.80486
1.8042
1.80282
1.80056
1.79728
1.79281
1.78707
1.78005
1.77191
1.76305
1.75418
1.74635
1.74072
1.73829
1.73946
1.74389
1.75062
1.75847
1.76639
1.77364
1.77979
1.78462
1.78809
1.79024
1.79115
1.79097
1.78984
1.78793
1.78543
1.78251
1.77936
1.77616
1.77307
1.77025
1.76781
1.76583
1.7643
1.76321
1.76248
1.76202
1.76175
1.7616
1.7616
1.76178
1.76227
1.76318
1.76462
1.76665
1.76925
1.77231
1.77567
1.77912
1.78247
1.78552
1.78812
1.79016
1.79153
1.79216
1.79196
1.79085
1.78876
1.78562
1.78147
1.77647
1.77101
1.76577
1.76163
1.75945
1.75976
1.76256
1.76724
1.77292
1.77871
1.78396
1.7883
1.79161
1.7939
1.79529
1.79589
1.79586
1.79529
1.79432
1.79304
1.79156
1.78995
1.78831
1.78667
1.78505
1.7834
1.78168
1.77982
1.77779
1.77563
1.77347
1.77148
1.76986
1.7687
1.76798
1.76755
1.76714
1.76648
1.76535
1.76358
1.76117
1.75818
1.75481
1.75136
1.7482
1.74574
1.74436
1.74435
1.7458
1.74862
1.75252
1.75706
1.76176
1.76618
1.77001
1.77308
1.77537
1.777
1.77816
1.77907
1.77993
1.78082
1.78179
1.78275
1.7836
1.78424
1.78456
1.78453
1.78416
1.7835
1.78262
1.78159
1.78047
1.7793
1.77812
1.77693
1.77575
1.7746
1.77351
1.77252
1.77169
1.77104
1.77061
1.77039
1.77037
1.7705
1.77071
1.77094
1.77114
1.77127
1.77131
1.77129
1.77122
1.77116
1.77114
1.77118
1.77127
1.7714
1.77152
1.77157
1.77151
1.77133
1.77105
1.77073
1.77046
1.77035
1.77051
1.77099
1.77175
1.7727
1.77365
1.77438
1.77466
1.77433
1.77333
1.77173
1.7697
1.76758
1.76573
1.76455
1.76431
1.76516
1.76703
1.76973
1.77299
1.77654
1.78012
1.78355
1.78671
1.78949
1.79183
1.79368
1.79498
1.79567
1.79572
1.7951
1.79382
1.79191
1.7895
1.78675
1.78388
1.78112
1.7787
1.77675
1.77536
1.77455
1.77428
1.77451
1.7752
1.77629
1.77768
1.77924
1.78083
1.78232
1.7836
1.78462
1.78539
1.78591
1.78619
1.78621
1.78589
1.78512
1.78378
1.78179
1.77919
1.77618
1.77317
1.77067
1.76923
1.76922
1.77069
1.77338
1.77683
1.78051
1.78404
1.78717
1.78981
1.79199
1.79377
1.79525
1.79651
1.7976
1.79856
1.79938
1.80005
1.80054
1.80082
1.80085
1.80061
1.80006
1.7992
1.79803
1.79659
1.79494
1.79318
1.79144
1.78989
1.7887
1.78803
1.78804
1.78882
1.79039
1.7927
1.79563
1.799
1.8026
1.80625
1.80975
1.81296
1.8158
1.81823
1.82023
1.82184
1.82308
1.82401
1.82465
1.82498
1.82498
1.82455
1.82355
1.82185
1.8193
1.81587
1.81165
1.80696
1.80237
1.79854
1.79612
1.79544
1.79646
1.79875
1.80169
1.80466
1.80722
1.80914
1.81036
1.81096
1.81113
1.81109
1.81105
1.81122
1.81172
1.81261
1.81387
1.81546
1.81726
1.81917
1.8211
1.82295
1.82467
1.82621
1.82754
1.82868
1.82962
1.83038
1.83099
1.83146
1.83182
1.83207
1.8322
1.83222
1.8321
1.8318
1.83128
1.83046
1.82928
1.82768
1.82558
1.82294
1.81977
1.81613
1.8122
1.80819
1.80439
1.80108
1.79846
1.79658
1.79538
1.79471
1.79439
1.79434
1.79454
1.79503
1.79585
1.797
1.79841
1.79994
1.8014
1.80263
1.80351
1.80403
1.80421
1.80418
1.80409
1.80411
1.8044
1.80507
1.80615
1.8076
1.80931
1.81113
1.81285
1.8143
1.81533
1.81584
1.8158
1.81522
1.81421
1.81294
1.81164
1.81057
1.80998
1.81002
1.81072
1.81193
1.81337
1.81473
1.8157
1.8161
1.81587
1.81514
1.81413
1.8131
1.81232
1.812
1.81229
1.81331
1.8151
1.81764
1.82079
1.82435
1.82801
1.83147
1.83445
1.83677
1.8383
1.839
1.83887
1.83795
1.83629
1.83394
1.83098
1.82748
1.82353
1.81929
1.81491
1.81064
1.80673
1.80347
1.80112
1.79989
1.79987
1.80104
1.80328
1.80639
1.81012
1.81424
1.8185
1.82269
1.82662
1.8301
1.83297
1.83508
1.8363
1.83652
1.83567
1.83369
1.83064
1.82664
1.82196
1.81698
1.8122
1.80815
1.80527
1.8038
1.80375
1.8049
1.80688
1.80932
1.81188
1.81434
1.81656
1.81849
1.82009
1.82138
1.82239
1.82315
1.82372
1.82415
1.8245
1.82481
1.82512
1.82547
1.82587
1.82633
1.82684
1.82739
1.82796
1.82854
1.82909
1.82958
1.82997
1.83019
1.83021
1.82997
1.82942
1.82852
1.82725
1.8256
1.82359
1.82128
1.81875
1.81613
1.81358
1.81127
1.80939
1.80808
1.80745
1.80754
1.80831
1.8097
1.81159
1.81384
1.81631
1.81886
1.82139
1.82376
1.82586
1.82759
1.82889
1.82973
1.83016
1.8303
1.83038
1.83065
1.83137
1.83269
1.8346
1.83692
1.83936
1.8416
1.84338
1.84453
1.84499
1.84479
1.84397
1.84255
1.84051
1.83781
1.83442
1.83036
1.8258
1.82112
1.81693
1.81398
1.81298
1.81438
1.81823
1.82417
1.83153
1.83947
1.84718
1.85399
1.85942
1.86322
1.86529
1.86567
1.86445
1.86178
1.85787
1.85301
1.84757
1.84203
1.83691
1.83273
1.82986
1.82848
1.82852
1.82973
1.83179
1.83444
1.83744
1.84067
1.84399
1.84727
1.85036
1.85303
1.85504
1.85603
1.85565
1.85364
1.84993
1.84485
1.83921
1.83422
1.83112
1.83073
1.83309
1.83755
1.84309
1.84875
1.85387
1.85812
1.8614
1.86376
1.86529
1.8661
1.86631
1.86601
1.86528
1.86418
1.86277
1.86109
1.85915
1.85699
1.85461
1.85201
1.84918
1.84612
1.8428
1.83922
1.83535
1.83118
1.82671
1.82195
1.81688
1.81151
1.8059
1.80012
1.79438
1.78902
1.78454
1.7815
1.78036
1.7813
1.78415
1.78837
1.79325
1.7981
1.80241
1.80599
1.80887
1.81125
1.81337
1.81537
1.81724
1.81885
1.82
1.82051
1.82027
1.81925
1.81755
1.81533
1.8128
1.8102
1.80778
1.80571
1.80414
1.8031
1.80258
1.8025
1.80277
1.80327
1.80391
1.80463
1.80538
1.80614
1.80689
1.80764
1.80838
1.80912
1.80984
1.81055
1.81121
1.81178
1.81223
1.81247
1.81242
1.81198
1.81101
1.80939
1.80696
1.80361
1.79926
1.79393
1.78775
1.781
1.77409
1.76751
1.76175
1.75722
1.7542
1.75287
1.75337
1.75577
1.76007
1.76614
1.77363
1.78199
1.79056
1.79873
1.80607
1.81232
1.81743
1.82148
1.82457
1.82682
1.82828
1.82894
1.82875
1.82761
1.82546
1.82228
1.81818
1.81343
1.80844
1.80371
1.79978
1.79708
1.79592
1.79639
1.79836
1.80144
1.80496
1.8081
1.81002
1.81006
1.80787
1.80348
1.7973
1.79004
1.78264
1.77622
1.7721
1.77168
1.77591
1.78472
1.79685
1.81036
1.82345
1.83493
1.84424
1.85132
1.85631
1.85941
1.86085
1.86082
1.85949
1.85705
1.85368
1.84962
1.84508
1.8403
1.83548
1.83079
1.8263
1.82207
1.81811
1.81443
1.81108
1.80818
1.8059
1.80442
1.8039
1.80433
1.80554
1.80715
1.8087
1.80966
1.80963
1.80832
1.8057
1.80198
1.79765
1.79344
1.79027
1.78896
1.79003
1.79341
1.7985
1.80439
1.8102
1.81529
1.8193
1.82214
1.82389
1.82468
1.82468
1.82405
1.82289
1.82132
1.81938
1.81711
1.81449
1.81148
1.80798
1.80383
1.79877
1.79253
1.7848
1.77542
1.76455
1.75299
1.74224
1.73418
1.73024
1.73052
1.73366
1.73766
1.74087
1.7426
1.74309
1.74319
1.74387
1.74583
1.74924
1.75375
1.75872
1.76356
1.7678
1.77124
1.77384
1.77565
1.7768
1.7774
1.77754
1.77731
1.77673
1.77583
1.77459
1.77302
1.7711
1.76885
1.76633
1.76367
1.76108
1.75881
1.75714
1.75631
1.75642
1.75742
1.75909
1.76108
1.76298
1.76438
1.76495
1.76448
1.76294
1.76058
1.75794
1.75584
1.75517
1.75653
1.76003
1.76515
1.77096
1.77647
1.78089
1.78365
1.78445
1.78312
1.77962
1.77405
1.76664
1.75783
1.74831
1.73902
1.73102
1.72532
1.72256
1.72279
1.72537
1.72922
1.73324
1.73661
1.73903
1.74063
1.74188
1.74337
1.74565
1.74906
1.75366
1.75929
1.76559
1.77213
1.77851
1.78437
1.78947
1.79366
1.79689
1.79922
1.80075
1.80162
1.80199
1.802
1.80177
1.80138
1.80088
1.8003
1.79961
1.7988
1.79783
1.79669
1.79534
1.79377
1.79196
1.7899
1.7876
1.78503
1.78221
1.77913
1.77582
1.77231
1.76863
1.76486
1.7611
1.7575
1.75427
1.75168
1.75005
1.74963
1.75056
1.75275
1.75586
1.75942
1.76289
1.76581
1.76782
1.76877
1.76864
1.76753
1.76565
1.76326
1.76065
1.75805
1.75562
1.75345
1.75157
1.74997
1.74866
1.74762
1.74684
1.74625
1.74578
1.74533
1.74486
1.74427
1.74345
1.74222
1.7404
1.73801
1.73541
1.73338
1.73282
1.73429
1.7376
1.74187
1.74598
1.74901
1.75055
1.75066
1.74974
1.74835
1.74704
1.74625
1.74625
1.74714
1.74886
1.75123
1.75404
1.75703
1.75998
1.7627
1.76505
1.76695
1.76834
1.76918
1.76946
1.76914
1.76822
1.76662
1.7643
1.76118
1.75721
1.75237
1.74678
1.74079
1.73499
1.7302
1.72729
1.72685
1.72895
1.73311
1.73849
1.74423
1.74971
1.75458
1.75874
1.76223
1.76517
1.76768
1.76982
1.77163
1.77309
1.77411
1.77455
1.77427
1.77306
1.77077
1.76724
1.76246
1.75657
1.74992
1.74307
1.73668
1.73135
1.72742
1.72495
1.72375
1.72354
1.72404
1.72507
1.72647
1.72813
1.73001
1.73215
1.73471
1.7379
1.74188
1.74656
1.75162
1.75654
1.76079
1.76403
1.76613
1.7672
1.76747
1.76726
1.76682
1.76636
1.76602
1.76588
1.76596
1.76623
1.76663
1.76705
1.76735
1.76731
1.76671
1.76537
1.76318
1.76026
1.75701
1.75412
1.75245
1.75279
1.7556
1.76085
1.76809
1.77656
1.78543
1.79392
1.80145
1.80766
1.81238
1.81561
1.81742
1.81791
1.81711
1.81501
1.81151
1.80645
1.79965
1.79106
1.78093
1.76999
1.7595
1.75102
1.74585
1.74453
1.74671
1.7515
1.75793
1.76523
1.77288
1.78051
1.78779
1.79443
1.80021
1.80495
1.80861
1.81122
1.81292
1.81383
1.81412
1.81391
1.81328
1.81229
1.81097
1.80934
1.8074
1.80512
1.80245
1.79928
1.79542
1.79056
1.78431
1.77628
1.76644
1.75557
1.74571
1.73993
1.74086
1.74886
1.7616
1.77559
1.78801
1.79743
1.8036
1.8069
1.80791
1.80724
1.80543
1.80295
1.8002
1.79751
1.79515
1.79335
1.79223
1.79186
1.7922
1.7932
1.7947
1.79655
1.79855
1.80049
1.80219
1.80343
1.80404
1.80385
1.80274
1.80062
1.79755
1.79374
1.78963
1.78584
1.78308
1.78194
1.78266
1.78504
1.78852
1.79241
1.79609
1.79915
1.80138
1.80272
1.80324
1.80304
1.80224
1.80097
1.79931
1.79732
1.79503
1.79242
1.78941
1.7859
1.78174
1.77677
1.77084
1.7639
1.75608
1.74773
1.73948
1.73213
1.72647
1.72303
1.72192
1.72289
1.72555
1.72954
1.73467
1.74082
1.74782
1.7554
1.76321
1.77088
1.7781
1.78462
1.79024
1.79488
1.79845
1.80095
1.80237
1.80277
1.80222
1.80084
1.79881
1.79638
1.79387
1.7916
1.78991
1.78902
1.78904
1.78989
1.7914
1.79328
1.79527
1.79712
1.79866
1.79975
1.80034
1.80038
1.7999
1.79891
1.79749
1.79574
1.7938
1.79184
1.79004
1.78859
1.78761
1.78713
1.7871
1.78738
1.78775
1.78798
1.78783
1.78712
1.78573
1.7836
1.78073
1.7772
1.77314
1.76874
1.76423
1.75984
1.75585
1.75246
1.74987
1.74816
1.74734
1.74734
1.748
1.74915
1.75061
1.75218
1.75373
1.75514
1.75631
1.75716
1.75758
1.7575
1.75682
1.75552
1.75365
1.75137
1.74901
1.74696
1.74564
1.74541
1.74641
1.74855
1.75152
1.75483
1.75796
1.76043
1.76189
1.76212
1.76109
1.75888
1.75573
1.75196
1.74797
1.7442
1.74103
1.73872
1.73739
1.73698
1.73726
1.73793
1.73861
1.73899
1.73879
1.73785
1.73614
1.73373
1.73084
1.72777
1.7249
1.72267
1.72146
1.72156
1.72306
1.72581
1.72946
1.73357
1.73768
1.74143
1.74462
1.74711
1.7489
1.75002
1.75055
1.75056
1.75014
1.74934
1.74825
1.74693
1.74547
1.74394
1.74245
1.7411
1.73997
1.73916
1.73871
1.73864
1.73891
1.73941
1.74004
1.74065
1.74109
1.74126
1.7411
1.74065
1.74001
1.73931
1.73869
1.73822
1.73784
1.73732
1.73633
1.73448
1.73154
1.7275
1.72281
1.71837
1.71541
1.71504
1.71779
1.72335
1.73079
1.73894
1.74685
1.75391
1.7599
1.76479
1.76872
1.77186
1.77437
1.77643
1.77818
1.77973
1.78118
1.78257
1.78396
1.78537
1.78679
1.78822
1.78967
1.79115
1.79265
1.79421
1.79585
1.7976
1.79949
1.80152
1.80369
1.80599
1.80836
1.81075
1.81307
1.81525
1.81723
1.81895
1.8204
1.82158
1.82256
1.82343
1.8243
1.82525
1.82633
1.82752
1.82874
1.82981
1.83056
1.83081
1.83043
1.82934
1.82754
1.8251
1.82212
1.81878
1.81525
1.81175
1.80854
1.80591
1.80418
1.80363
1.80438
1.80634
1.80917
1.8124
1.8156
1.81855
1.82127
1.82399
1.82705
1.83076
1.83526
1.84055
1.84643
1.85261
1.8588
1.86471
1.87013
1.87492
1.87899
1.88234
1.88497
1.88694
1.88831
1.88913
1.88947
1.8894
1.88897
1.88824
1.88727
1.88612
1.88484
1.88347
1.88204
1.88058
1.87908
1.87751
1.87584
1.87399
1.87191
1.86955
1.8669
1.86405
1.86115
1.85846
1.85633
1.8551
1.855
1.85608
1.85818
1.86095
1.86398
1.86685
1.86923
1.87089
1.8717
1.87159
1.87058
1.86872
1.86612
1.863
1.85961
1.85632
1.85353
1.85163
1.85095
1.8516
1.8535
1.85635
1.85969
1.86298
1.86573
1.86753
1.86809
1.86729
1.86519
1.86211
1.85858
1.85536
1.8532
1.85263
1.85371
1.85602
1.85881
1.86129
1.86285
1.8631
1.86192
1.85938
1.85569
1.85116
1.84616
1.8411
1.83637
1.83231
1.82917
1.82706
1.82595
1.82566
1.82595
1.82653
1.82716
1.82765
1.8279
1.82789
1.82767
1.82731
1.82691
1.82656
1.82629
1.82609
1.82592
1.82569
1.8253
1.82468
1.82376
1.82254
1.82107
1.81942
1.81773
1.81617
1.81487
1.81396
1.8135
1.8135
1.81389
1.81457
1.8154
1.81624
1.81699
1.81753
1.81781
1.81779
1.81747
1.81687
1.81603
1.815
1.81387
1.8127
1.81159
1.8106
1.8098
1.80925
1.80896
1.80895
1.8092
1.80967
1.8103
1.81104
1.8118
1.81252
1.81311
1.81353
1.81372
1.81363
1.81324
1.81251
1.81143
1.81
1.8082
1.80609
1.80372
1.80122
1.79878
1.7966
1.79494
1.79402
1.79396
1.79481
1.79645
1.79869
1.80126
1.80387
1.80623
1.80807
1.80915
1.80919
1.80794
1.8051
1.80046
1.79395
1.7859
1.77722
1.76952
1.76474
1.76431
1.76841
1.77586
1.78484
1.7937
1.80147
1.80779
1.81269
1.81643
1.81927
1.82146
1.82316
1.8245
1.82554
1.82628
1.82667
1.82661
1.82593
1.82445
1.82194
1.8182
1.81317
1.80703
1.80034
1.79408
1.78948
1.78756
1.78871
1.7925
1.79795
1.80401
1.80987
1.81509
1.81952
1.82316
1.82607
1.82831
1.82995
1.8311
1.83185
1.83235
1.83274
1.83312
1.83358
1.83411
1.83466
1.8351
1.83525
1.83494
1.83399
1.83231
1.82985
1.82664
1.82275
1.81824
1.81318
1.80768
1.80204
1.79688
1.7932
1.79217
1.79466
1.80064
1.80914
1.81858
1.82743
1.83467
1.83995
1.84347
1.84577
1.84751
1.84927
1.85134
1.85377
1.85631
1.85864
1.86044
1.86149
1.86169
1.86109
1.8598
1.85804
1.85608
1.85425
1.85286
1.85223
1.85254
1.85384
1.85602
1.85884
1.86201
1.86522
1.86822
1.87083
1.87297
1.87459
1.8757
1.87634
1.87656
1.87641
1.87596
1.87527
1.87443
1.87348
1.87246
1.87139
1.87025
1.86903
1.86772
1.86628
1.86465
1.86269
1.86024
1.85724
1.85401
1.85136
1.85053
1.8526
1.85783
1.86532
1.87347
1.88064
1.88567
1.88805
1.88776
1.88518
1.88099
1.87609
1.87139
1.86764
1.86507
1.86334
1.86167
1.85915
1.85518
1.84974
1.84359
1.83804
1.83448
1.83363
1.83513
1.83775
1.84012
1.84141
1.84161
1.84133
1.84145
1.84258
1.84486
1.84796
1.8514
1.85477
1.85788
1.86068
1.86315
1.86526
1.86683
1.86768
1.86761
1.8665
1.86436
1.86135
1.85777
1.85406
1.85072
1.84819
1.84677
1.84653
1.84734
1.84897
1.85111
1.85347
1.8558
1.85787
1.85948
1.86047
1.86069
1.86009
1.85869
1.85661
1.85404
1.85125
1.84844
1.84574
1.84313
1.84049
1.83775
1.83507
1.83284
1.83169
1.83217
1.83448
1.83834
1.84303
1.8477
1.85165
1.85448
1.85608
1.85662
1.8564
1.85576
1.85506
1.85463
1.85473
1.85557
1.8573
1.85993
1.86336
1.86738
1.87167
1.87592
1.87984
1.8832
1.88584
1.88767
1.88865
1.88877
1.88803
1.88648
1.8842
1.8813
1.87792
1.87427
1.87059
1.86715
1.86421
1.86202
1.86074
1.86046
1.86115
1.86269
1.86483
1.86733
1.8699
1.8723
1.87435
1.87594
1.87703
1.87764
1.87784
1.87766
1.87713
1.87619
1.87473
1.87263
1.86988
1.86673
1.86376
1.86183
1.86184
1.86429
1.86907
1.87549
1.8826
1.88952
1.89568
1.90082
1.90495
1.90819
1.91072
1.91273
1.91435
1.91571
1.91687
1.91784
1.91862
1.91919
1.91949
1.91949
1.91914
1.91842
1.91732
1.91587
1.9141
1.91209
1.90994
1.90777
1.90568
1.90381
1.90226
1.90111
1.90042
1.9002
1.90042
1.901
1.90184
1.90281
1.9038
1.90472
1.90549
1.90606
1.90639
1.90645
1.90622
1.90567
1.90481
1.90363
1.90216
1.90045
1.89859
1.8967
1.89491
1.89336
1.89211
1.89118
1.89047
1.88979
1.88883
1.88722
1.88459
1.8806
1.87512
1.8683
1.86077
1.85359
1.84815
1.84572
1.84697
1.8517
1.85889
1.86715
1.87516
1.88197
1.8871
1.89041
1.89205
1.8923
1.89155
1.89019
1.88861
1.88713
1.88592
1.88503
1.88437
1.88375
1.88296
1.88183
1.88025
1.87826
1.87601
1.87377
1.87182
1.87038
1.86956
1.8693
1.86946
1.86986
1.87034
1.87083
1.8713
1.87174
1.87215
1.87248
1.87263
1.87243
1.87165
1.87005
1.86736
1.86343
1.85827
1.85216
1.84576
1.84004
1.8361
1.83485
1.83667
1.84127
1.84781
1.85518
1.86231
1.86833
1.87265
1.87488
1.87477
1.87221
1.86722
1.86015
1.8518
1.84357
1.83721
1.83421
1.8351
1.83918
1.84497
1.85101
1.85631
1.86044
1.86334
1.86511
1.86585
1.86565
1.86461
1.86285
1.86052
1.85782
1.85492
1.85198
1.84912
1.84648
1.8443
1.84286
1.84244
1.84311
1.84471
1.84682
1.84893
1.85066
1.85184
1.85258
1.85318
1.85401
1.8554
1.8575
1.86029
1.86358
1.86711
1.87061
1.87382
1.87656
1.87874
1.88027
1.88115
1.88139
1.881
1.88004
1.87857
1.87667
1.87445
1.87204
1.86958
1.86725
1.86521
1.86363
1.86261
1.86223
1.86249
1.86334
1.86468
1.86636
1.86822
1.8701
1.87185
1.87335
1.87451
1.87527
1.87562
1.87554
1.87507
1.87425
1.87311
1.87171
1.8701
1.86833
1.86647
1.86458
1.86275
1.86106
1.85959
1.85843
1.85765
1.85728
1.85733
1.8578
1.85864
1.8598
1.86121
1.86282
1.86457
1.8664
1.86828
1.87019
1.87208
1.87391
1.87561
1.87708
1.87815
1.87861
1.87814
1.87641
1.87309
1.86805
1.86156
1.8545
1.84834
1.84471
1.84454
1.84758
1.85244
1.85747
1.86148
1.86398
1.86509
1.86519
1.86463
1.86355
1.86181
1.85914
1.85525
1.85006
1.84383
1.83727
1.83153
1.82789
1.82742
1.83046
1.83656
1.84458
1.85312
1.86094
1.86714
1.87116
1.87278
1.8719
1.86857
1.86296
1.85541
1.84654
1.83732
1.82906
1.82309
1.82032
1.82091
1.82424
1.82923
1.83484
