10000
5000
1.17495
1.1732
1.18096
1.19242
1.20517
1.22007
1.23819
1.25841
1.27714
1.29006
1.29484
1.29251
1.28625
1.27932
1.27403
1.27154
1.27175
1.27354
1.27532
1.27583
1.27464
1.27204
1.26885
1.26632
1.26547
1.26654
1.26908
1.27246
1.27597
1.27868
1.27961
1.27829
1.27507
1.27139
1.26901
1.26864
1.26951
1.2704
1.2706
1.27002
1.26907
1.26838
1.26829
1.26859
1.26895
1.26933
1.26993
1.27069
1.27136
1.27189
1.27239
1.27278
1.27276
1.27225
1.27163
1.27117
1.27069
1.26984
1.2685
1.26703
1.26596
1.26555
1.26562
1.26594
1.2664
1.26684
1.26717
1.26761
1.26851
1.27001
1.27182
1.27336
1.27412
1.27404
1.27345
1.27269
1.27195
1.27133
1.27099
1.27097
1.27118
1.27156
1.27213
1.27296
1.27405
1.27534
1.27651
1.27709
1.2768
1.27572
1.2743
1.27303
1.27204
1.27117
1.27021
1.26904
1.26767
1.26634
1.2655
1.26551
1.2663
1.26744
1.26843
1.26895
1.26905
1.26902
1.26917
1.26958
1.27007
1.27047
1.27067
1.27063
1.27046
1.27035
1.27037
1.27047
1.27056
1.2705
1.27021
1.26966
1.26894
1.2682
1.26768
1.26755
1.26786
1.2685
1.26935
1.27024
1.271
1.27162
1.27213
1.27252
1.2727
1.27273
1.27269
1.27254
1.27212
1.2714
1.27049
1.26961
1.26897
1.26868
1.26871
1.26898
1.2693
1.26956
1.26973
1.26986
1.26993
1.26991
1.26982
1.26975
1.26978
1.26989
1.27007
1.27032
1.27065
1.27102
1.27126
1.27119
1.27075
1.27
1.26915
1.26849
1.26817
1.26827
1.2688
1.2697
1.27074
1.27165
1.27224
1.27247
1.2724
1.27215
1.27183
1.27151
1.27122
1.27102
1.27084
1.27058
1.27026
1.27003
1.27005
1.27033
1.27074
1.27113
1.27142
1.27162
1.27179
1.27199
1.27215
1.27218
1.27197
1.27155
1.27108
1.27075
1.27062
1.27068
1.27086
1.27109
1.27128
1.27137
1.27129
1.27107
1.27079
1.27052
1.27035
1.27031
1.27033
1.27035
1.27034
1.27029
1.2702
1.27
1.26965
1.26922
1.26885
1.26867
1.26871
1.26893
1.26927
1.26963
1.26991
1.27002
1.27002
1.27006
1.27022
1.27053
1.27094
1.27141
1.2719
1.2723
1.27244
1.27222
1.27165
1.27092
1.27026
1.26984
1.26968
1.26971
1.26981
1.26986
1.26986
1.26984
1.26978
1.26965
1.26942
1.26909
1.26868
1.26824
1.26785
1.26762
1.26765
1.26797
1.26848
1.26908
1.26967
1.27014
1.27042
1.27054
1.27056
1.27054
1.2705
1.27045
1.27038
1.2703
1.27017
1.26998
1.26979
1.26971
1.26973
1.26981
1.26988
1.26987
1.26977
1.26961
1.26942
1.26929
1.26928
1.26942
1.26963
1.26983
1.26994
1.26996
1.26986
1.26965
1.26938
1.2692
1.26918
1.26929
1.26944
1.26963
1.26981
1.26997
1.2701
1.27022
1.27033
1.27043
1.27051
1.27065
1.27086
1.27109
1.27123
1.27121
1.27097
1.27057
1.27012
1.26978
1.26963
1.26963
1.26971
1.26979
1.26986
1.26989
1.26991
1.26991
1.26988
1.26984
1.26978
1.26971
1.26962
1.26953
1.26948
1.26954
1.26972
1.27
1.27032
1.2706
1.27075
1.27069
1.2705
1.2703
1.27014
1.27
1.26989
1.26979
1.26972
1.26967
1.26962
1.26957
1.2695
1.26939
1.26926
1.26913
1.26901
1.26891
1.26888
1.26895
1.26908
1.26921
1.26928
1.26926
1.26917
1.26908
1.26901
1.26904
1.26919
1.26946
1.26976
1.26999
1.27015
1.27024
1.27028
1.27027
1.27023
1.27022
1.27027
1.27035
1.27038
1.27029
1.27008
1.26982
1.26955
1.26933
1.26916
1.26905
1.26899
1.26898
1.26901
1.26907
1.26914
1.26916
1.26909
1.26894
1.26878
1.2687
1.26876
1.26891
1.26904
1.26914
1.26923
1.26935
1.26949
1.26961
1.26966
1.26958
1.2694
1.26918
1.26899
1.26884
1.26875
1.26874
1.26884
1.26899
1.26912
1.26917
1.2691
1.26895
1.26879
1.26873
1.26883
1.26911
1.26946
1.26974
1.26986
1.2698
1.26962
1.26943
1.2693
1.26925
1.26927
1.2693
1.26926
1.26912
1.26894
1.26876
1.26861
1.26848
1.26831
1.26808
1.26784
1.26768
1.26768
1.26784
1.26811
1.26836
1.2685
1.2685
1.26843
1.26841
1.26852
1.26875
1.26902
1.26923
1.26931
1.26924
1.26909
1.269
1.26903
1.26916
1.26927
1.2693
1.26922
1.26908
1.26894
1.26885
1.26885
1.26894
1.26908
1.26923
1.26935
1.26942
1.26943
1.26939
1.26932
1.26922
1.26907
1.26886
1.26864
1.26844
1.2683
1.26823
1.26823
1.26828
1.26838
1.26849
1.26858
1.26861
1.26856
1.26848
1.26844
1.26849
1.2686
1.26873
1.26878
1.26873
1.2686
1.2685
1.26848
1.26858
1.26878
1.26903
1.26927
1.26949
1.26965
1.26975
1.26976
1.26968
1.26955
1.26938
1.26918
1.26894
1.26869
1.26848
1.26832
1.2682
1.2681
1.26802
1.26796
1.2679
1.26784
1.26777
1.26773
1.26768
1.26764
1.26762
1.26762
1.26766
1.26772
1.26778
1.26784
1.2679
1.26798
1.26804
1.26807
1.26809
1.26812
1.26818
1.26826
1.26834
1.26841
1.26846
1.26847
1.26839
1.26821
1.26795
1.26766
1.26738
1.26718
1.2671
1.26712
1.26723
1.26734
1.2674
1.26738
1.26731
1.26727
1.26731
1.26747
1.26773
1.26801
1.26822
1.26835
1.26838
1.26838
1.26836
1.26834
1.26829
1.26823
1.26816
1.26807
1.26798
1.2679
1.26787
1.26789
1.26793
1.26795
1.26796
1.26798
1.268
1.26799
1.26794
1.26787
1.26784
1.26789
1.268
1.26813
1.26824
1.26829
1.26832
1.26837
1.26847
1.26861
1.26872
1.26876
1.26869
1.26856
1.26841
1.26827
1.26815
1.26802
1.26791
1.26783
1.26782
1.26787
1.26793
1.26796
1.26793
1.26785
1.26778
1.26781
1.26791
1.26803
1.26807
1.26799
1.26781
1.26759
1.26741
1.26732
1.26736
1.26752
1.26774
1.26797
1.26819
1.26838
1.26852
1.26859
1.26857
1.26845
1.26825
1.26804
1.26789
1.26785
1.2679
1.26801
1.2681
1.26811
1.26802
1.26788
1.26779
1.26779
1.26789
1.26802
1.26813
1.26818
1.26821
1.26822
1.26824
1.26828
1.26837
1.2685
1.26862
1.26871
1.26873
1.26869
1.26861
1.26853
1.26846
1.26844
1.26844
1.26847
1.26851
1.26855
1.26856
1.26856
1.26855
1.26858
1.26862
1.26867
1.2687
1.26867
1.26857
1.26844
1.26832
1.26826
1.26825
1.26828
1.26827
1.26821
1.26806
1.26789
1.26773
1.2676
1.26754
1.26755
1.26762
1.26774
1.26789
1.26806
1.26825
1.26844
1.26858
1.26865
1.26863
1.26855
1.26841
1.26825
1.2681
1.268
1.26793
1.26789
1.26786
1.26786
1.26791
1.26799
1.26806
1.26806
1.26799
1.26786
1.26772
1.26763
1.2676
1.26764
1.26774
1.26786
1.26798
1.26807
1.26814
1.26822
1.26833
1.26842
1.26843
1.26833
1.26818
1.26803
1.26798
1.26806
1.26824
1.26845
1.26862
1.26871
1.26871
1.26869
1.26869
1.26874
1.2688
1.26883
1.26877
1.26862
1.2684
1.26817
1.26802
1.26796
1.26797
1.268
1.26802
1.26802
1.268
1.268
1.26805
1.26816
1.2683
1.26843
1.26855
1.26863
1.26866
1.26865
1.26861
1.26854
1.26843
1.26827
1.2681
1.26796
1.26791
1.26794
1.26808
1.26827
1.26845
1.26857
1.26861
1.26856
1.26846
1.26836
1.26828
1.26827
1.26832
1.26843
1.26853
1.26857
1.26851
1.26842
1.26839
1.26841
1.26846
1.2685
1.26851
1.26851
1.2685
1.26848
1.26845
1.2684
1.26832
1.26826
1.26823
1.26826
1.26833
1.26841
1.26847
1.26851
1.26852
1.26852
1.26852
1.26854
1.26856
1.26857
1.26859
1.26861
1.26863
1.26868
1.26872
1.26875
1.26878
1.26883
1.26891
1.26901
1.2691
1.26917
1.26919
1.26916
1.2691
1.26906
1.26907
1.26912
1.26918
1.26924
1.26929
1.26933
1.26936
1.26937
1.26936
1.26931
1.26921
1.26907
1.26894
1.26887
1.26888
1.26892
1.26894
1.26887
1.26872
1.26853
1.26836
1.26825
1.26818
1.26814
1.2681
1.26806
1.26802
1.26799
1.26797
1.26796
1.26796
1.26797
1.26804
1.26818
1.26836
1.26852
1.26864
1.26872
1.26876
1.26878
1.26882
1.26887
1.26892
1.26895
1.26894
1.26888
1.26878
1.26866
1.26852
1.2684
1.26833
1.26832
1.26838
1.26849
1.2686
1.26868
1.26869
1.26864
1.26856
1.26848
1.2684
1.26834
1.2683
1.26825
1.26819
1.26813
1.2681
1.26811
1.26815
1.2682
1.26823
1.26823
1.26821
1.2682
1.26821
1.26824
1.2683
1.26837
1.26845
1.26854
1.26864
1.26875
1.26884
1.2689
1.26893
1.26894
1.26895
1.26897
1.26901
1.26905
1.26906
1.26904
1.26898
1.26886
1.26866
1.26847
1.26837
1.26838
1.26849
1.26864
1.26877
1.26883
1.26881
1.26876
1.2687
1.26866
1.26864
1.26867
1.26872
1.26877
1.2688
1.26884
1.26891
1.26897
1.269
1.26899
1.26893
1.26886
1.26878
1.2687
1.26867
1.26869
1.26875
1.26884
1.26893
1.26902
1.26912
1.26922
1.2693
1.26935
1.26935
1.26931
1.26925
1.26919
1.26913
1.26909
1.26909
1.26912
1.26916
1.2692
1.26922
1.26922
1.26924
1.26929
1.26938
1.26947
1.26951
1.26948
1.26936
1.2692
1.26903
1.26889
1.26878
1.2687
1.26864
1.26862
1.26866
1.26876
1.26888
1.26899
1.26906
1.2691
1.26911
1.26912
1.26913
1.26915
1.26918
1.26923
1.26931
1.26937
1.26939
1.26935
1.26927
1.2692
1.26915
1.26916
1.26923
1.26935
1.26945
1.26949
1.26942
1.26928
1.26912
1.26899
1.26894
1.26894
1.26896
1.26897
1.26894
1.26889
1.26883
1.2688
1.2688
1.26882
1.26884
1.26885
1.26887
1.26891
1.269
1.26915
1.26935
1.26956
1.26972
1.2698
1.26977
1.26967
1.26954
1.26941
1.26931
1.26923
1.26916
1.26909
1.269
1.26888
1.26875
1.26864
1.26857
1.26855
1.26857
1.26861
1.26866
1.26869
1.26871
1.26875
1.26881
1.26888
1.26894
1.26896
1.26892
1.26885
1.26878
1.26874
1.26875
1.2688
1.26889
1.26899
1.26908
1.26914
1.26917
1.26919
1.26922
1.26926
1.2693
1.26929
1.26925
1.26921
1.26921
1.26925
1.26929
1.26929
1.26923
1.26912
1.26899
1.26887
1.26879
1.26876
1.26878
1.26883
1.26891
1.26899
1.26904
1.26905
1.26901
1.26895
1.26887
1.26882
1.2688
1.26882
1.26886
1.26889
1.26892
1.26896
1.26903
1.26913
1.26925
1.26936
1.26944
1.26946
1.26944
1.26938
1.26932
1.26924
1.26915
1.26907
1.26897
1.26889
1.26883
1.26883
1.26888
1.26897
1.26906
1.26912
1.26916
1.26919
1.26922
1.26924
1.26923
1.26919
1.26913
1.26908
1.26905
1.26905
1.26909
1.26918
1.26928
1.26937
1.26944
1.26947
1.26944
1.26936
1.26924
1.26913
1.26903
1.26899
1.26898
1.269
1.26902
1.26905
1.26908
1.26909
1.26908
1.26907
1.26906
1.26905
1.26902
1.26898
1.26894
1.2689
1.26887
1.26882
1.26878
1.26875
1.26878
1.26886
1.26897
1.26907
1.26914
1.26919
1.26923
1.26927
1.2693
1.26929
1.26927
1.26924
1.2692
1.26914
1.26905
1.26895
1.26884
1.26874
1.26867
1.26865
1.26867
1.26873
1.26883
1.26896
1.26911
1.26924
1.26935
1.26943
1.26951
1.26959
1.26966
1.26972
1.26973
1.2697
1.26963
1.26953
1.26941
1.26928
1.26918
1.26914
1.26915
1.2692
1.26927
1.26932
1.26936
1.26937
1.26937
1.26935
1.26932
1.26929
1.26926
1.26921
1.26914
1.26905
1.26894
1.26886
1.26884
1.26887
1.26896
1.26907
1.26915
1.26917
1.26914
1.26909
1.26906
1.2691
1.26921
1.26937
1.26952
1.26963
1.26965
1.26959
1.26948
1.26937
1.26926
1.26918
1.26914
1.26913
1.26913
1.26913
1.26913
1.26914
1.26915
1.26917
1.2692
1.26923
1.26927
1.26932
1.26937
1.26941
1.26942
1.26943
1.26942
1.2694
1.26936
1.26929
1.2692
1.26913
1.26909
1.26908
1.26908
1.26909
1.26911
1.26913
1.26915
1.26917
1.26917
1.26917
1.26917
1.26918
1.26919
1.26919
1.26917
1.26915
1.26913
1.26911
1.2691
1.2691
1.26908
1.26902
1.26896
1.26893
1.26894
1.269
1.26907
1.26914
1.26921
1.26928
1.26935
1.2694
1.26942
1.2694
1.26935
1.26927
1.2692
1.26915
1.26911
1.26907
1.26903
1.26897
1.26893
1.26892
1.26896
1.26903
1.26911
1.26918
1.26924
1.26929
1.26933
1.26938
1.26943
1.26948
1.26951
1.26951
1.26947
1.2694
1.26931
1.26923
1.26917
1.26911
1.26905
1.269
1.26898
1.26899
1.26904
1.26911
1.26918
1.26924
1.2693
1.26934
1.26936
1.26937
1.26936
1.26934
1.26929
1.26924
1.26918
1.26913
1.2691
1.2691
1.26912
1.26919
1.26929
1.26943
1.26958
1.26971
1.26977
1.26975
1.26965
1.26949
1.26933
1.26921
1.26916
1.26917
1.26921
1.26927
1.26932
1.26936
1.26939
1.2694
1.26938
1.26935
1.2693
1.26926
1.26923
1.2692
1.26917
1.26914
1.26911
1.2691
1.26911
1.26914
1.26917
1.26921
1.26925
1.26931
1.26939
1.26948
1.26956
1.26962
1.26966
1.26969
1.2697
1.26968
1.26963
1.26957
1.26949
1.26941
1.26933
1.26927
1.26923
1.26923
1.26927
1.26933
1.26939
1.26943
1.26943
1.26942
1.26941
1.26942
1.26944
1.26946
1.26948
1.26949
1.2695
1.26949
1.26947
1.26945
1.26944
1.26945
1.26947
1.26951
1.26955
1.2696
1.26964
1.26966
1.26967
1.26968
1.26969
1.2697
1.26969
1.26965
1.2696
1.26955
1.26951
1.26952
1.26955
1.2696
1.26963
1.26963
1.26958
1.26951
1.26941
1.26933
1.26927
1.26924
1.26924
1.26926
1.26928
1.2693
1.26932
1.26934
1.26936
1.26939
1.26944
1.26952
1.26962
1.26972
1.26981
1.26984
1.26981
1.26975
1.26969
1.26965
1.26963
1.26965
1.26971
1.26978
1.26984
1.26989
1.26989
1.26987
1.26982
1.26977
1.26972
1.26967
1.26963
1.26959
1.26954
1.26948
1.26941
1.26934
1.2693
1.26931
1.26934
1.26938
1.26941
1.26943
1.26947
1.26952
1.26961
1.2697
1.26981
1.2699
1.26994
1.26993
1.26986
1.26975
1.26962
1.26951
1.26942
1.26935
1.26932
1.26931
1.26934
1.26937
1.2694
1.26943
1.26944
1.26945
1.26945
1.26944
1.26942
1.26939
1.26936
1.26936
1.26942
1.26951
1.26961
1.26968
1.2697
1.26968
1.26964
1.26961
1.26961
1.26963
1.26964
1.26962
1.26956
1.2695
1.26945
1.26942
1.26938
1.26936
1.26935
1.26937
1.26942
1.2695
1.26957
1.26964
1.26968
1.26969
1.26967
1.26963
1.2696
1.26958
1.26959
1.26964
1.26971
1.26978
1.26983
1.26983
1.26981
1.26978
1.26974
1.26973
1.26973
1.26975
1.26976
1.26977
1.26976
1.26973
1.2697
1.26967
1.26963
1.26959
1.26954
1.26949
1.26946
1.26947
1.26952
1.26958
1.26961
1.2696
1.26957
1.26956
1.26958
1.26963
1.26968
1.26972
1.26972
1.2697
1.26966
1.26963
1.2696
1.26958
1.26956
1.26954
1.26952
1.26951
1.26949
1.26948
1.26948
1.26949
1.26948
1.26946
1.26943
1.26941
1.26941
1.26944
1.26951
1.26961
1.2697
1.26977
1.26978
1.26976
1.26971
1.26965
1.26959
1.26953
1.26947
1.26944
1.26943
1.26945
1.26947
1.26949
1.2695
1.26949
1.26949
1.26951
1.26955
1.26959
1.26964
1.26967
1.26968
1.26967
1.26967
1.26967
1.26969
1.26973
1.26979
1.26984
1.26988
1.26987
1.2698
1.2697
1.26962
1.26957
1.26956
1.26958
1.26961
1.26962
1.26961
1.26961
1.26961
1.26964
1.26968
1.26972
1.26975
1.26977
1.26976
1.26973
1.26967
1.2696
1.26956
1.26954
1.26952
1.2695
1.26949
1.26949
1.26952
1.26956
1.26962
1.2697
1.26978
1.26984
1.26988
1.26988
1.26986
1.26984
1.26982
1.26981
1.2698
1.26979
1.26978
1.26977
1.26975
1.26972
1.26969
1.26965
1.26962
1.2696
1.26961
1.26963
1.26965
1.26966
1.26966
1.26965
1.26965
1.26966
1.26966
1.26967
1.26968
1.2697
1.26972
1.26973
1.26971
1.26967
1.26961
1.26953
1.26944
1.26935
1.26929
1.26924
1.26921
1.26919
1.26918
1.26919
1.26922
1.26927
1.26934
1.26942
1.26952
1.2696
1.26968
1.26974
1.26976
1.26976
1.26971
1.26963
1.26952
1.26939
1.26926
1.26914
1.26906
1.26904
1.26907
1.26913
1.26919
1.26925
1.2693
1.26936
1.26942
1.26947
1.2695
1.26953
1.26955
1.26955
1.26952
1.26943
1.26931
1.26918
1.26908
1.26903
1.26904
1.26908
1.26915
1.26923
1.26932
1.2694
1.26945
1.26946
1.26943
1.2694
1.26939
1.26939
1.26939
1.26937
1.26933
1.26927
1.26922
1.26918
1.26915
1.26912
1.26909
1.26909
1.26912
1.26919
1.26929
1.26938
1.26946
1.26949
1.26947
1.2694
1.26931
1.26924
1.26919
1.26917
1.26917
1.26918
1.26919
1.26919
1.26918
1.26919
1.2692
1.26921
1.26925
1.2693
1.26935
1.2694
1.26942
1.26941
1.26937
1.2693
1.26923
1.26919
1.2692
1.26924
1.26931
1.26938
1.26944
1.26948
1.2695
1.2695
1.26948
1.26942
1.26934
1.26924
1.26916
1.26911
1.26912
1.26918
1.26925
1.26932
1.26935
1.26935
1.26932
1.26927
1.26922
1.26917
1.26915
1.26914
1.26917
1.26921
1.26926
1.2693
1.26932
1.2693
1.26927
1.26923
1.2692
1.26919
1.26918
1.26918
1.26918
1.26917
1.26917
1.26918
1.2692
1.26924
1.2693
1.26937
1.26943
1.26947
1.26947
1.26943
1.26935
1.26926
1.26918
1.26914
1.26913
1.26916
1.2692
1.26925
1.26927
1.26927
1.26925
1.26921
1.26918
1.26917
1.26917
1.26919
1.2692
1.2692
1.26917
1.26912
1.26905
1.26899
1.26895
1.26895
1.26898
1.26902
1.26906
1.2691
1.26913
1.26916
1.26918
1.26922
1.26925
1.26928
1.26931
1.26932
1.26933
1.26932
1.26932
1.26934
1.26934
1.26933
1.26929
1.26925
1.26923
1.26922
1.26922
1.26923
1.26924
1.26926
1.26927
1.26927
1.26927
1.26927
1.26929
1.26931
1.26933
1.26934
1.26933
1.26928
1.26921
1.26914
1.26912
1.26913
1.26917
1.26922
1.26929
1.26937
1.26942
1.26946
1.26946
1.26944
1.26941
1.26938
1.26935
1.26932
1.26927
1.26922
1.26917
1.26913
1.26911
1.26912
1.26916
1.26922
1.26929
1.26935
1.26939
1.2694
1.26938
1.26934
1.26929
1.26925
1.26921
1.26918
1.26918
1.26918
1.2692
1.26921
1.26921
1.26921
1.2692
1.26918
1.26918
1.26921
1.26924
1.26929
1.26933
1.26937
1.2694
1.2694
1.26939
1.26938
1.26938
1.26938
1.26939
1.26941
1.26945
1.26948
1.26949
1.26949
1.26945
1.2694
1.26934
1.26929
1.26929
1.26932
1.26935
1.26938
1.2694
1.26939
1.26938
1.26937
1.26938
1.2694
1.26944
1.26947
1.26948
1.26946
1.26941
1.26937
1.26936
1.26938
1.26942
1.26945
1.26945
1.26943
1.26939
1.26936
1.26935
1.26936
1.26939
1.26941
1.26941
1.26938
1.26934
1.26931
1.2693
1.26931
1.26932
1.26933
1.26933
1.26932
1.26931
1.26932
1.26933
1.26934
1.26933
1.2693
1.26925
1.26919
1.26915
1.26913
1.26913
1.26915
1.26918
1.26921
1.26924
1.26927
1.2693
1.26932
1.26932
1.26931
1.2693
1.2693
1.26932
1.26934
1.26937
1.2694
1.26943
1.26946
1.26947
1.26947
1.26947
1.26948
1.26948
1.26949
1.26948
1.26945
1.26938
1.2693
1.26921
1.26913
1.26907
1.26904
1.26902
1.269
1.26899
1.26899
1.26899
1.26901
1.26903
1.26906
1.2691
1.26914
1.26915
1.26915
1.26913
1.26911
1.26911
1.26914
1.26919
1.26925
1.2693
1.26934
1.26937
1.26937
1.26935
1.26932
1.26928
1.26924
1.26922
1.26922
1.26924
1.26926
1.2693
1.26933
1.26936
1.26938
1.26939
1.26939
1.26939
1.26938
1.26935
1.26931
1.26925
1.26919
1.26916
1.26914
1.26914
1.26916
1.26917
1.26919
1.26919
1.26918
1.26917
1.26915
1.26913
1.26911
1.2691
1.26909
1.26907
1.26905
1.26905
1.26906
1.26909
1.26913
1.26916
1.26916
1.26914
1.2691
1.26907
1.26907
1.26911
1.26919
1.26929
1.26939
1.26947
1.2695
1.26949
1.26945
1.2694
1.26936
1.26934
1.26932
1.2693
1.26927
1.26923
1.26919
1.26914
1.2691
1.26906
1.26905
1.26905
1.26907
1.26909
1.26911
1.26913
1.26915
1.26916
1.26918
1.2692
1.2692
1.2692
1.2692
1.26919
1.2692
1.26922
1.26926
1.2693
1.26934
1.26935
1.26932
1.26926
1.2692
1.26915
1.26913
1.26913
1.26915
1.26917
1.26919
1.26918
1.26916
1.26913
1.26912
1.26913
1.26916
1.2692
1.26924
1.26929
1.26933
1.26936
1.26939
1.26941
1.26942
1.26944
1.26946
1.26947
1.26947
1.26944
1.26939
1.26933
1.26929
1.26926
1.26926
1.26927
1.26928
1.2693
1.26932
1.26933
1.26933
1.26931
1.2693
1.26929
1.26928
1.26929
1.2693
1.26933
1.26937
1.26942
1.26946
1.26949
1.2695
1.26948
1.26947
1.26946
1.26947
1.26948
1.26948
1.26947
1.26943
1.2694
1.26937
1.26936
1.26936
1.26938
1.2694
1.26942
1.26943
1.26942
1.26939
1.26936
1.26934
1.26934
1.26935
1.26939
1.26943
1.26947
1.2695
1.26952
1.26954
1.26955
1.26956
1.26957
1.26958
1.26959
1.26959
1.26959
1.26958
1.26957
1.26956
1.26956
1.26956
1.26955
1.26952
1.26947
1.26941
1.26934
1.26927
1.26923
1.26919
1.26917
1.26917
1.26918
1.2692
1.26921
1.26922
1.26924
1.26926
1.2693
1.26934
1.26937
1.2694
1.26942
1.26942
1.26942
1.26941
1.2694
1.2694
1.2694
1.2694
1.26941
1.26942
1.26942
1.26942
1.2694
1.26936
1.26932
1.26928
1.26926
1.26925
1.26925
1.26927
1.26929
1.2693
1.26929
1.26926
1.26923
1.2692
1.2692
1.26921
1.26924
1.26926
1.26929
1.26931
1.26932
1.26932
1.26932
1.26933
1.26935
1.26938
1.26941
1.26943
1.26945
1.26946
1.26948
1.26949
1.26951
1.26953
1.26954
1.26954
1.26953
1.26951
1.26948
1.26944
1.26941
1.26938
1.26935
1.26932
1.26929
1.26928
1.26926
1.26923
1.26919
1.26916
1.26914
1.26916
1.26919
1.26923
1.26928
1.26933
1.26937
1.2694
1.26942
1.26944
1.26946
1.26947
1.26946
1.26943
1.26937
1.26931
1.26925
1.26921
1.26919
1.26918
1.26917
1.26918
1.26921
1.26925
1.26929
1.26934
1.26937
1.26939
1.2694
1.26942
1.26943
1.26945
1.26947
1.26948
1.26947
1.26945
1.26941
1.26938
1.26935
1.26933
1.26932
1.26932
1.26933
1.26935
1.26938
1.26942
1.26946
1.2695
1.26953
1.26955
1.26956
1.26955
1.26951
1.26946
1.2694
1.26934
1.2693
1.26926
1.26925
1.26925
1.26925
1.26927
1.2693
1.26934
1.2694
1.26947
1.26955
1.26963
1.26969
1.26971
1.26968
1.2696
1.26951
1.26942
1.26935
1.26931
1.26929
1.26928
1.26928
1.26928
1.26927
1.26927
1.26927
1.2693
1.26934
1.26941
1.26949
1.26956
1.26961
1.26962
1.2696
1.26957
1.26955
1.26955
1.26954
1.26954
1.26953
1.26953
1.26954
1.26955
1.26956
1.26958
1.2696
1.2696
1.26958
1.26954
1.26949
1.26943
1.26937
1.26932
1.26927
1.26923
1.26921
1.2692
1.26922
1.26925
1.26929
1.26933
1.26938
1.26941
1.26944
1.26946
1.26948
1.2695
1.2695
1.2695
1.26948
1.26946
1.26943
1.26941
1.2694
1.26941
1.26943
1.26946
1.26949
1.2695
1.26948
1.26946
1.26943
1.26941
1.2694
1.26941
1.26941
1.26941
1.26942
1.26942
1.26944
1.26945
1.26945
1.26943
1.26939
1.26936
1.26934
1.26934
1.26935
1.26936
1.26936
1.26934
1.26931
1.2693
1.26929
1.26929
1.26929
1.2693
1.26931
1.26932
1.26933
1.26934
1.26935
1.26935
1.26935
1.26934
1.26931
1.26928
1.26926
1.26926
1.26926
1.26925
1.26924
1.26923
1.26921
1.26921
1.26921
1.26922
1.26924
1.26927
1.26931
1.26936
1.26941
1.26946
1.26948
1.26948
1.26946
1.26943
1.26942
1.26942
1.26944
1.26946
1.26948
1.26949
1.26949
1.26947
1.26943
1.26939
1.26935
1.26934
1.26933
1.26934
1.26934
1.26934
1.26934
1.26933
1.26932
1.2693
1.26927
1.26923
1.2692
1.26919
1.2692
1.26922
1.26925
1.26928
1.26929
1.2693
1.2693
1.2693
1.26929
1.2693
1.26932
1.26934
1.26935
1.26936
1.26936
1.26935
1.26933
1.26931
1.26927
1.26924
1.2692
1.26916
1.26913
1.26911
1.2691
1.26911
1.26913
1.26916
1.2692
1.26923
1.26926
1.26929
1.2693
1.26931
1.26931
1.26931
1.26931
1.26931
1.26931
1.26931
1.2693
1.26929
1.26926
1.26924
1.26921
1.26919
1.26917
1.26916
1.26915
1.26914
1.26913
1.26912
1.26912
1.26912
1.26914
1.26916
1.26917
1.26917
1.26916
1.26916
1.26919
1.26923
1.26926
1.26927
1.26926
1.26924
1.26922
1.26921
1.2692
1.26919
1.26918
1.26917
1.26915
1.26915
1.26914
1.26914
1.26912
1.26911
1.26909
1.26908
1.26908
1.2691
1.26912
1.26914
1.26917
1.26919
1.2692
1.26921
1.26921
1.26922
1.26925
1.26928
1.26932
1.26935
1.26936
1.26935
1.26933
1.2693
1.26928
1.26928
1.26928
1.26928
1.26928
1.26925
1.26921
1.26916
1.26911
1.26908
1.26905
1.26905
1.26906
1.26908
1.26911
1.26915
1.26919
1.26924
1.26927
1.26928
1.26929
1.26928
1.26926
1.26923
1.26919
1.26916
1.26913
1.26912
1.26913
1.26917
1.26921
1.26924
1.26925
1.26923
1.2692
1.26918
1.26917
1.26918
1.26922
1.26927
1.26933
1.26936
1.26936
1.26934
1.26929
1.26925
1.26923
1.26924
1.26926
1.26929
1.26931
1.26932
1.26931
1.26929
1.26928
1.26929
1.26931
1.26934
1.26937
1.2694
1.26941
1.26941
1.2694
1.26939
1.26937
1.26935
1.26932
1.26928
1.26923
1.2692
1.26921
1.26925
1.2693
1.26936
1.26941
1.26944
1.26944
1.26943
1.2694
1.26937
1.26933
1.26931
1.2693
1.26929
1.26929
1.26929
1.2693
1.26933
1.26935
1.26936
1.26936
1.26934
1.26931
1.2693
1.26931
1.26934
1.26939
1.26943
1.26946
1.26946
1.26944
1.2694
1.26934
1.26929
1.26925
1.26922
1.2692
1.2692
1.26921
1.26922
1.26924
1.26927
1.26929
1.2693
1.26929
1.26925
1.26921
1.26917
1.26914
1.26913
1.26913
1.26914
1.26914
1.26915
1.26918
1.26923
1.26931
1.26939
1.26947
1.26952
1.26953
1.26952
1.26949
1.26945
1.26942
1.26938
1.26936
1.26933
1.2693
1.26928
1.26927
1.26926
1.26927
1.26927
1.26927
1.26927
1.26926
1.26924
1.26922
1.26921
1.2692
1.2692
1.26921
1.26922
1.26924
1.26926
1.26929
1.26933
1.26936
1.26938
1.26937
1.26935
1.26932
1.2693
1.26929
1.26928
1.26928
1.2693
1.26932
1.26935
1.26937
1.26939
1.26938
1.26936
1.26933
1.2693
1.26928
1.26926
1.26923
1.26919
1.26915
1.26912
1.26909
1.26909
1.26912
1.26918
1.26925
1.26934
1.2694
1.26943
1.26944
1.26943
1.26941
1.26939
1.26937
1.26935
1.26932
1.26928
1.26923
1.26916
1.26911
1.26908
1.26909
1.26912
1.26916
1.2692
1.26924
1.26927
1.26929
1.2693
1.26932
1.26935
1.26937
1.26938
1.26935
1.2693
1.26925
1.26921
1.26918
1.26917
1.26916
1.26915
1.26916
1.26919
1.26923
1.26927
1.2693
1.26931
1.26931
1.26931
1.26932
1.26933
1.26935
1.26935
1.26933
1.26929
1.26924
1.26918
1.26915
1.26913
1.26913
1.26915
1.26917
1.26921
1.26924
1.26927
1.26928
1.26928
1.26927
1.26925
1.26923
1.26922
1.2692
1.26918
1.26916
1.26915
1.26915
1.26916
1.26917
1.26918
1.26918
1.26917
1.26916
1.26915
1.26915
1.26917
1.26919
1.26921
1.26923
1.26925
1.26926
1.26928
1.2693
1.26932
1.26933
1.26933
1.26933
1.26932
1.26931
1.26931
1.26929
1.26927
1.26923
1.26918
1.26915
1.26912
1.26911
1.2691
1.2691
1.26908
1.26907
1.26906
1.26906
1.26907
1.26909
1.2691
1.2691
1.26909
1.26909
1.26909
1.26911
1.26916
1.26921
1.26927
1.26931
1.26933
1.26934
1.26934
1.26933
1.26931
1.26929
1.26927
1.26926
1.26925
1.26924
1.26923
1.26922
1.2692
1.26917
1.26914
1.26911
1.26908
1.26904
1.26901
1.269
1.26901
1.26903
1.26906
1.26909
1.26912
1.26915
1.26917
1.26919
1.2692
1.26922
1.26924
1.26926
1.26927
1.26928
1.26927
1.26923
1.26918
1.26913
1.26909
1.26907
1.26906
1.26907
1.26909
1.26911
1.26912
1.26912
1.26914
1.26918
1.26922
1.26926
1.26928
1.26929
1.26929
1.26927
1.26925
1.26922
1.2692
1.26918
1.26916
1.26916
1.26917
1.26918
1.26919
1.26918
1.26917
1.26915
1.26914
1.26915
1.26918
1.26921
1.26924
1.26927
1.26929
1.2693
1.2693
1.2693
1.26929
1.26929
1.26929
1.2693
1.26933
1.26935
1.26934
1.26931
1.26925
1.26918
1.26911
1.26906
1.26903
1.26902
1.26901
1.26901
1.26901
1.26901
1.26902
1.26903
1.26904
1.26907
1.2691
1.26915
1.2692
1.26924
1.26926
1.26926
1.26925
1.26923
1.26922
1.26922
1.26921
1.2692
1.26919
1.26918
1.26917
1.26917
1.26918
1.26918
1.26918
1.26919
1.26921
1.26923
1.26925
1.26926
1.26926
1.26925
1.26924
1.26921
1.26918
1.26914
1.2691
1.26908
1.26906
1.26905
1.26905
1.26906
1.26909
1.26911
1.26914
1.26917
1.2692
1.26923
1.26925
1.26925
1.26924
1.26924
1.26924
1.26925
1.26925
1.26923
1.26919
1.26913
1.26908
1.26903
1.269
1.26899
1.26898
1.26899
1.269
1.26901
1.26903
1.26906
1.2691
1.26914
1.26917
1.2692
1.2692
1.2692
1.26919
1.26919
1.2692
1.2692
1.26919
1.26917
1.26916
1.26915
1.26916
1.26918
1.2692
1.26922
1.26924
1.26927
1.26929
1.26929
1.26927
1.26923
1.26918
1.26914
1.26912
1.26912
1.26911
1.26911
1.2691
1.26911
1.26913
1.26915
1.26918
1.26921
1.26923
1.26924
1.26924
1.26923
1.26921
1.2692
1.26921
1.26922
1.26923
1.26924
1.26923
1.26921
1.2692
1.26919
1.26918
1.26917
1.26916
1.26915
1.26915
1.26916
1.26917
1.26919
1.26921
1.26923
1.26924
1.26924
1.26923
1.26921
1.26919
1.26917
1.26915
1.26914
1.26913
1.26912
1.26911
1.2691
1.26909
1.26908
1.26908
1.26908
1.26907
1.26906
1.26904
1.26902
1.269
1.26898
1.26897
1.26897
1.26898
1.269
1.26903
1.26906
1.26908
1.26909
1.26909
1.26908
1.26906
1.26905
1.26904
1.26904
1.26904
1.26904
1.26905
1.26905
1.26906
1.26905
1.26904
1.26903
1.26903
1.26905
1.26909
1.26912
1.26916
1.26918
1.26919
1.26917
1.26913
1.26909
1.26906
1.26905
1.26906
1.2691
1.26913
1.26916
1.26918
1.26918
1.26917
1.26914
1.26911
1.26908
1.26907
1.26908
1.26911
1.26915
1.26918
1.26919
1.26918
1.26917
1.26916
1.26915
1.26914
1.26914
1.26915
1.26916
1.26918
1.26919
1.26919
1.26918
1.26917
1.26917
1.26918
1.2692
1.26921
1.26921
1.2692
1.26918
1.26915
1.26912
1.26909
1.26908
1.26908
1.26909
1.26909
1.2691
1.2691
1.26911
1.26913
1.26916
1.26918
1.2692
1.26921
1.2692
1.2692
1.26919
1.26918
1.26918
1.26916
1.26915
1.26914
1.26913
1.26913
1.26913
1.26913
1.26914
1.26915
1.26917
1.26918
1.26919
1.26918
1.26916
1.26914
1.26911
1.26908
1.26906
1.26905
1.26905
1.26905
1.26905
1.26905
1.26904
1.26904
1.26904
1.26906
1.26907
1.26909
1.2691
1.26909
1.26908
1.26906
1.26904
1.26902
1.26902
1.26902
1.26903
1.26906
1.2691
1.26913
1.26917
1.26918
1.26918
1.26918
1.26917
1.26916
1.26916
1.26916
1.26916
1.26916
1.26915
1.26914
1.26912
1.2691
1.26911
1.26912
1.26914
1.26916
1.26918
1.26918
1.26918
1.26918
1.26918
1.26919
1.2692
1.2692
1.26919
1.26918
1.26916
1.26913
1.2691
1.26908
1.26906
1.26907
1.26909
1.26912
1.26916
1.26919
1.26921
1.26921
1.26921
1.2692
1.26918
1.26917
1.26917
1.26917
1.26918
1.26919
1.26919
1.2692
1.2692
1.26919
1.26917
1.26915
1.26912
1.2691
1.26909
1.2691
1.26912
1.26914
1.26915
1.26915
1.26913
1.2691
1.26907
1.26906
1.26906
1.26909
1.26913
1.26918
1.26922
1.26923
1.26921
1.26918
1.26915
1.26914
1.26913
1.26913
1.26914
1.26914
1.26915
1.26915
1.26913
1.26912
1.26911
1.26912
1.26914
1.26917
1.26918
1.2692
1.2692
1.2692
1.26919
1.26918
1.26918
1.26918
1.2692
1.26922
1.26924
1.26925
1.26925
1.26923
1.2692
1.26917
1.26915
1.26914
1.26913
1.26912
1.26911
1.2691
1.26909
1.26908
1.26909
1.2691
1.26911
1.26913
1.26916
1.26917
1.26918
1.26919
1.26919
1.2692
1.2692
1.26921
1.26921
1.26921
1.26919
1.26918
1.26915
1.26913
1.26911
1.2691
1.2691
1.2691
1.26911
1.26911
1.26911
1.26913
1.26916
1.26919
1.26922
1.26925
1.26925
1.26924
1.26921
1.26918
1.26915
1.26915
1.26915
1.26917
1.26918
1.26918
1.26917
1.26916
1.26916
1.26917
1.26918
1.26918
1.26916
1.26913
1.26911
1.26909
1.26908
1.26908
1.26908
1.26907
1.26906
1.26905
1.26905
1.26905
1.26905
1.26906
1.26906
1.26906
1.26906
1.26906
1.26907
1.26909
1.26911
1.26912
1.26912
1.26912
1.26911
1.2691
1.26909
1.26906
1.26902
1.26898
1.26896
1.26896
1.26897
1.269
1.26904
1.26908
1.26911
1.26913
1.26913
1.26912
1.26912
1.26913
1.26916
1.26918
1.2692
1.2692
1.26919
1.26916
1.26913
1.2691
1.26907
1.26904
1.26901
1.26898
1.26894
1.26892
1.26892
1.26893
1.26895
1.26896
1.26897
1.26896
1.26896
1.26895
1.26896
1.26898
1.26899
1.26899
1.26898
1.26895
1.26892
1.2689
1.2689
1.2689
1.26891
1.26893
1.26895
1.26897
1.269
1.26902
1.26904
1.26905
1.26906
1.26906
1.26906
1.26905
1.26904
1.26903
1.26901
1.26897
1.26893
1.26888
1.26884
1.26881
1.26881
1.26882
1.26884
1.26885
1.26887
1.26888
1.26889
1.26891
1.26894
1.26897
1.269
1.26903
1.26905
1.26906
1.26906
1.26905
1.26902
1.26899
1.26897
1.26895
1.26895
1.26896
1.26897
1.26898
1.26898
1.26899
1.269
1.269
1.26899
1.26897
1.26896
1.26894
1.26893
1.26892
1.26891
1.2689
1.26889
1.26889
1.26888
1.26888
1.26888
1.2689
1.26893
1.26896
1.26898
1.26899
1.26898
1.26897
1.26894
1.26892
1.26891
1.26892
1.26894
1.26896
1.26897
1.26898
1.26896
1.26895
1.26893
1.26892
1.26892
1.26893
1.26893
1.26893
1.26893
1.26894
1.26895
1.26896
1.26897
1.26897
1.26897
1.26898
1.26899
1.269
1.269
1.269
1.26898
1.26895
1.26893
1.26891
1.2689
1.2689
1.2689
1.26891
1.26892
1.26894
1.26894
1.26893
1.26892
1.2689
1.26889
1.26889
1.26892
1.26895
1.26899
1.269
1.269
1.26896
1.26891
1.26885
1.2688
1.26879
1.2688
1.26883
1.26887
1.2689
1.26891
1.26891
1.26891
1.2689
1.26889
1.2689
1.26892
1.26895
1.26898
1.26899
1.26898
1.26896
1.26894
1.26892
1.26889
1.26887
1.26885
1.26883
1.26881
1.2688
1.26881
1.26883
1.26884
1.26885
1.26885
1.26884
1.26883
1.26883
1.26884
1.26884
1.26885
1.26885
1.26884
1.26883
1.26883
1.26882
1.26882
1.26882
1.26884
1.26886
1.26888
1.2689
1.26891
1.26892
1.26891
1.2689
1.26888
1.26887
1.26885
1.26882
1.26879
1.26876
1.26874
1.26874
1.26875
1.26877
1.26879
1.2688
1.2688
1.2688
1.26879
1.26879
1.26879
1.2688
1.2688
1.26878
1.26877
1.26875
1.26875
1.26876
1.26879
1.26884
1.26889
1.26893
1.26895
1.26895
1.26893
1.26891
1.26889
1.26886
1.26884
1.26881
1.2688
1.2688
1.26879
1.26879
1.26878
1.26876
1.26874
1.26873
1.26874
1.26876
1.26878
1.26881
1.26883
1.26883
1.26882
1.26881
1.2688
1.26878
1.26876
1.26874
1.26873
1.26873
1.26872
1.26871
1.2687
1.26869
1.26868
1.26868
1.26867
1.26867
1.26868
1.26869
1.2687
1.26871
1.26872
1.26874
1.26876
1.26878
1.2688
1.2688
1.26881
1.26881
1.26881
1.2688
1.26878
1.26876
1.26875
1.26875
1.26877
1.26881
1.26886
1.26889
1.26891
1.26891
1.26889
1.26886
1.26883
1.26879
1.26874
1.26869
1.26864
1.2686
1.26858
1.26859
1.2686
1.26863
1.26865
1.26867
1.2687
1.26872
1.26876
1.26879
1.2688
1.2688
1.26878
1.26875
1.26874
1.26873
1.26872
1.26871
1.26869
1.26867
1.26867
1.26867
1.26868
1.2687
1.26871
1.26873
1.26874
1.26874
1.26873
1.26872
1.26869
1.26867
1.26865
1.26864
1.26866
1.26868
1.26872
1.26876
1.2688
1.26884
1.26886
1.26888
1.26889
1.2689
1.2689
1.26889
1.26887
1.26883
1.26879
1.26874
1.26871
1.26869
1.26869
1.26869
1.26869
1.26869
1.26868
1.26867
1.26865
1.26863
1.26862
1.26863
1.26864
1.26866
1.26869
1.2687
1.26871
1.26871
1.2687
1.2687
1.2687
1.2687
1.26871
1.26873
1.26874
1.26875
1.26876
1.26876
1.26876
1.26877
1.26877
1.26877
1.26877
1.26877
1.26877
1.26876
1.26875
1.26873
1.26871
1.26868
1.26866
1.26864
1.26863
1.26863
1.26864
1.26865
1.26866
1.26867
1.26867
1.26868
1.26868
1.26869
1.2687
1.26872
1.26875
1.26877
1.2688
1.26881
1.26881
1.26881
1.2688
1.26878
1.26877
1.26875
1.26872
1.26869
1.26866
1.26864
1.26864
1.26864
1.26865
1.26865
1.26866
1.26866
1.26867
1.26868
1.26869
1.26869
1.26869
1.26869
1.26869
1.2687
1.26871
1.26874
1.26876
1.26878
1.26879
1.2688
1.2688
1.26881
1.26881
1.26881
1.26881
1.26881
1.26881
1.26879
1.26877
1.26874
1.26872
1.26869
1.26866
1.26863
1.2686
1.26858
1.26857
1.26857
1.26857
1.26857
1.26857
1.26856
1.26857
1.26858
1.26861
1.26864
1.26867
1.2687
1.26872
1.26874
1.26873
1.26872
1.26872
1.26871
1.26872
1.26874
1.26875
1.26876
1.26875
1.26873
1.26871
1.26868
1.26866
1.26865
1.26864
1.26862
1.2686
1.26858
1.26857
1.26856
1.26856
1.26856
1.26856
1.26855
1.26854
1.26853
1.26852
1.26852
1.26854
1.26856
1.2686
1.26864
1.26867
1.2687
1.26872
1.26874
1.26874
1.26875
1.26874
1.26873
1.26871
1.26868
1.26865
1.26862
1.26859
1.26858
1.26858
1.26858
1.26859
1.26859
1.26861
1.26862
1.26864
1.26867
1.2687
1.26872
1.26874
1.26875
1.26874
1.26873
1.2687
1.26868
1.26865
1.26862
1.26859
1.26858
1.26858
1.26858
1.26859
1.26859
1.26859
1.2686
1.26861
1.26862
1.26862
1.26861
1.26861
1.2686
1.2686
1.26859
1.2686
1.2686
1.2686
1.2686
1.26859
1.26857
1.26855
1.26855
1.26856
1.26859
1.26864
1.26869
1.26874
1.26877
1.2688
1.2688
1.2688
1.2688
1.26878
1.26877
1.26875
1.26873
1.26872
1.26869
1.26866
1.26862
1.2686
1.26858
1.26858
1.2686
1.26862
1.26864
1.26866
1.26868
1.26869
1.26869
1.26868
1.26867
1.26866
1.26866
1.26866
1.26868
1.26871
1.26873
1.26874
1.26875
1.26875
1.26875
1.26874
1.26874
1.26874
1.26874
1.26873
1.26872
1.26869
1.26867
1.26866
1.26867
1.2687
1.26873
1.26876
1.26878
1.26877
1.26875
1.26873
1.26871
1.26871
1.2687
1.2687
1.26871
1.26872
1.26874
1.26877
1.26879
1.2688
1.26879
1.26878
1.26875
1.26873
1.26872
1.26872
1.26873
1.26876
1.26879
1.2688
1.2688
1.26879
1.26877
1.26875
1.26875
1.26876
1.26878
1.26879
1.26879
1.26877
1.26875
1.26872
1.26869
1.26867
1.26865
1.26863
1.26863
1.26863
1.26866
1.26869
1.26873
1.26876
1.26879
1.2688
1.26879
1.26877
1.26875
1.26873
1.26872
1.26872
1.26873
1.26874
1.26876
1.26876
1.26877
1.26876
1.26875
1.26874
1.26873
1.26872
1.26871
1.2687
1.26869
1.26869
1.26868
1.26868
1.26868
1.2687
1.26871
1.26871
1.2687
1.26868
1.26867
1.26866
1.26867
1.26868
1.2687
1.26872
1.26874
1.26876
1.26878
1.2688
1.2688
1.26879
1.26878
1.26877
1.26878
1.2688
1.26881
1.26883
1.26883
1.26882
1.2688
1.26878
1.26877
1.26877
1.26878
1.26881
1.26884
1.26886
1.26887
1.26886
1.26883
1.26881
1.26881
1.26884
1.26888
1.26894
1.26899
1.269
1.26899
1.26895
1.26891
1.26888
1.26886
1.26885
1.26884
1.26884
1.26885
1.26886
1.26887
1.26888
1.26889
1.2689
1.26889
1.26888
1.26887
1.26887
1.26888
1.26888
1.26888
1.26887
1.26886
1.26885
1.26884
1.26883
1.26884
1.26885
1.26886
1.26889
1.26891
1.26891
1.26891
1.26891
1.26891
1.26892
1.26892
1.26892
1.26892
1.26891
1.26889
1.26887
1.26885
1.26883
1.26883
1.26885
1.26887
1.26888
1.26887
1.26886
1.26884
1.26883
1.26882
1.26881
1.26881
1.26882
1.26883
1.26885
1.26886
1.26887
1.26887
1.26886
1.26885
1.26885
1.26885
1.26885
1.26886
1.26887
1.26889
1.26891
1.26895
1.26899
1.26901
1.26901
1.26899
1.26896
1.26892
1.2689
1.26888
1.26888
1.26888
1.26889
1.2689
1.26889
1.26888
1.26887
1.26886
1.26886
1.26887
1.2689
1.26893
1.26896
1.26897
1.26897
1.26896
1.26895
1.26895
1.26894
1.26894
1.26893
1.26891
1.2689
1.26888
1.26887
1.26885
1.26884
1.26883
1.26882
1.26882
1.26883
1.26885
1.26887
1.2689
1.26892
1.26893
1.26893
1.26893
1.26891
1.26889
1.26886
1.26884
1.26884
1.26884
1.26886
1.26889
1.26891
1.26893
1.26893
1.26894
1.26894
1.26894
1.26894
1.26894
1.26893
1.26892
1.26891
1.26891
1.2689
1.2689
1.2689
1.2689
1.2689
1.26889
1.26887
1.26886
1.26884
1.26883
1.26882
1.26881
1.2688
1.2688
1.26882
1.26884
1.26888
1.26892
1.26896
1.26899
1.269
1.26901
1.269
1.269
1.26899
1.26899
1.26899
1.26899
1.26899
1.26896
1.26892
1.26888
1.26884
1.26882
1.26882
1.26883
1.26886
1.2689
1.26893
1.26896
1.26896
1.26896
1.26895
1.26893
1.26892
1.26892
1.26891
1.26892
1.26892
1.26893
1.26894
1.26895
1.26896
1.26896
1.26897
1.26897
1.26897
1.26897
1.26897
1.26896
1.26895
1.26895
1.26894
1.26894
1.26892
1.26891
1.26889
1.26888
1.26887
1.26888
1.2689
1.26892
1.26894
1.26894
1.26894
1.26892
1.26891
1.26889
1.26887
1.26886
1.26886
1.26886
1.26886
1.26884
1.26883
1.26881
1.26879
1.2688
1.26883
1.26888
1.26894
1.269
1.26904
1.26905
1.26904
1.26902
1.26899
1.26895
1.26892
1.26891
1.2689
1.26889
1.26889
1.26889
1.26889
1.26889
1.2689
1.26891
1.26892
1.26891
1.26889
1.26886
1.26883
1.26882
1.26882
1.26881
1.26881
1.26882
1.26883
1.26885
1.26889
1.26893
1.26896
1.26897
1.26897
1.26896
1.26895
1.26894
1.26894
1.26894
1.26894
1.26895
1.26895
1.26894
1.26893
1.26892
1.2689
1.2689
1.2689
1.2689
1.26891
1.26891
1.26892
1.26892
1.26892
1.26894
1.26896
1.26898
1.26899
1.269
1.26901
1.26902
1.26902
1.26902
1.26901
1.269
1.26898
1.26896
1.26893
1.26891
1.2689
1.26891
1.26892
1.26894
1.26895
1.26895
1.26895
1.26895
1.26895
1.26895
1.26895
1.26895
1.26895
1.26895
1.26895
1.26896
1.26897
1.26897
1.26897
1.26896
1.26895
1.26893
1.26893
1.26893
1.26895
1.26898
1.269
1.26901
1.26901
1.269
1.26898
1.26896
1.26894
1.26894
1.26893
1.26894
1.26895
1.26897
1.26899
1.26899
1.26899
1.26898
1.26897
1.26898
1.269
1.26902
1.26904
1.26905
1.26905
1.26905
1.26904
1.26903
1.26902
1.269
1.26899
1.26896
1.26895
1.26894
1.26894
1.26895
1.26896
1.26896
1.26896
1.26895
1.26894
1.26893
1.26893
1.26894
1.26896
1.26899
1.26901
1.26901
1.26901
1.269
1.26898
1.26896
1.26895
1.26893
1.26892
1.26891
1.26891
1.26891
1.26892
1.26894
1.26895
1.26896
1.26897
1.26898
1.269
1.26902
1.26902
1.26901
1.269
1.26898
1.26897
1.26895
1.26892
1.2689
1.26888
1.26888
1.26888
1.26888
1.26889
1.2689
1.26892
1.26896
1.26901
1.26905
1.26907
1.26908
1.26907
1.26904
1.26901
1.26897
1.26893
1.2689
1.26887
1.26885
1.26884
1.26884
1.26885
1.26886
1.26888
1.26889
1.26891
1.26893
1.26895
1.26897
1.26899
1.269
1.269
1.26899
1.26898
1.26896
1.26895
1.26894
1.26894
1.26894
1.26894
1.26894
1.26895
1.26896
1.26897
1.26898
1.26899
1.26899
1.26898
1.26899
1.269
1.26901
1.26903
1.26903
1.26901
1.26899
1.26896
1.26895
1.26894
1.26894
1.26894
1.26894
1.26894
1.26893
1.26892
1.26891
1.26891
1.26892
1.26894
1.26896
1.26896
1.26896
1.26896
1.26895
1.26895
1.26897
1.26899
1.26901
1.26904
1.26907
1.2691
1.26912
1.26913
1.26913
1.26912
1.26909
1.26907
1.26906
1.26905
1.26903
1.26902
1.26899
1.26897
1.26894
1.26892
1.26891
1.26892
1.26893
1.26894
1.26894
1.26894
1.26894
1.26895
1.26896
1.26898
1.26899
1.269
1.26901
1.269
1.26899
1.26898
1.26896
1.26894
1.26892
1.26891
1.26892
1.26893
1.26894
1.26894
1.26896
1.26897
1.26897
1.26898
1.26898
1.26897
1.26896
1.26894
1.26893
1.26891
1.26889
1.26888
1.26886
1.26886
1.26886
1.26887
1.26889
1.26891
1.26892
1.26894
1.26896
1.26898
1.26899
1.26899
1.26898
1.26899
1.26899
1.269
1.26899
1.26897
1.26895
1.26893
1.26891
1.2689
1.2689
1.2689
1.2689
1.26891
1.26891
1.2689
1.2689
1.2689
1.26891
1.26892
1.26894
1.26896
1.26898
1.26898
1.26898
1.26896
1.26894
1.2689
1.26887
1.26884
1.26884
1.26885
1.26887
1.2689
1.26893
1.26894
1.26894
1.26895
1.26895
1.26896
1.26898
1.269
1.26903
1.26905
1.26906
1.26906
1.26904
1.26902
1.26899
1.26897
1.26895
1.26895
1.26896
1.26898
1.26899
1.269
1.269
1.269
1.269
1.26899
1.26899
1.26898
1.26897
1.26896
1.26896
1.26895
1.26895
1.26896
1.26897
1.26899
1.26901
1.26904
1.26906
1.26907
1.26908
1.26907
1.26905
1.26903
1.26902
1.26903
1.26904
1.26905
1.26906
1.26906
1.26906
1.26904
1.26902
1.269
1.26899
1.26899
1.269
1.269
1.269
1.26899
1.26897
1.26894
1.26891
1.26888
1.26887
1.26889
1.26891
1.26895
1.26898
1.26901
1.26902
1.26902
1.26903
1.26903
1.26904
1.26905
1.26905
1.26906
1.26904
1.26902
1.26898
1.26896
1.26894
1.26893
1.26893
1.26893
1.26894
1.26895
1.26895
1.26896
1.26896
1.26895
1.26895
1.26895
1.26896
1.26897
1.26899
1.269
1.26901
1.269
1.26899
1.26896
1.26894
1.26892
1.26892
1.26894
1.26897
1.269
1.26903
1.26905
1.26906
1.26905
1.26903
1.26903
1.26903
1.26904
1.26906
1.26908
1.26909
1.26908
1.26907
1.26905
1.26904
1.26904
1.26904
1.26904
1.26903
1.269
1.26898
1.26896
1.26896
1.26898
1.26902
1.26906
1.26911
1.26914
1.26916
1.26916
1.26916
1.26915
1.26913
1.26911
1.26908
1.26906
1.26903
1.26901
1.26898
1.26895
1.26893
1.26892
1.26892
1.26893
1.26896
1.269
1.26904
1.26908
1.26911
1.26914
1.26915
1.26915
1.26914
1.26912
1.2691
1.26906
1.26903
1.269
1.26899
1.26899
1.26901
1.26904
1.26906
1.26907
1.26907
1.26906
1.26906
1.26907
1.26908
1.2691
1.26911
1.2691
1.26908
1.26904
1.26901
1.269
1.269
1.26902
1.26904
1.26906
1.26907
1.26907
1.26907
1.26907
1.26907
1.26908
1.26908
1.26909
1.26909
1.26908
1.26907
1.26905
1.26902
1.269
1.26898
1.26897
1.26896
1.26896
0
0.001755
0.00782422
0.0127305
0.016113
0.0198824
0.0247129
0.0294418
0.0320152
0.0314135
0.0288137
0.0264058
0.0250844
0.0242359
0.0231733
0.0218199
0.0204973
0.0194075
0.0184438
0.0175049
0.0166932
0.0161269
0.0157356
0.015278
0.0146784
0.0141427
0.0138434
0.0137622
0.0137364
0.0135433
0.0131325
0.0127844
0.0128004
0.0129536
0.0128017
0.0124465
0.0121367
0.0118464
0.0115403
0.0112631
0.0110259
0.0107818
0.0105284
0.0102907
0.0100656
0.00985204
0.00965874
0.00948539
0.00931384
0.00914104
0.00897414
0.00880865
0.00864088
0.00849458
0.00836214
0.00822419
0.00809257
0.00799777
0.00797426
0.00797739
0.00791724
0.00779951
0.00767504
0.00756105
0.00745781
0.00735708
0.0072539
0.00716001
0.00711329
0.0071685
0.00729586
0.00735675
0.00729451
0.00719566
0.00712365
0.00707017
0.00701713
0.00695382
0.00687365
0.00678722
0.00670602
0.00663468
0.00657956
0.00655245
0.0065676
0.00661754
0.00664373
0.00659388
0.00652587
0.00654356
0.00662517
0.00667474
0.00667613
0.00666195
0.00666049
0.00669377
0.00676527
0.00682713
0.00680943
0.006741
0.00672017
0.00675095
0.0067579
0.00671332
0.0066498
0.00658684
0.00652677
0.00647856
0.00643794
0.00639186
0.00633709
0.00628039
0.00622677
0.00617289
0.00611899
0.00606689
0.00601549
0.0059646
0.00592156
0.005897
0.00589244
0.00589041
0.0058662
0.0058201
0.00578156
0.00577174
0.00578849
0.00581105
0.00581645
0.00580423
0.00578291
0.00575167
0.00571121
0.00566852
0.00562651
0.0055872
0.0055616
0.00556788
0.00560221
0.00563139
0.00562758
0.00559552
0.00555636
0.00552388
0.00549537
0.00546354
0.00542897
0.00539373
0.00535793
0.00532214
0.00528762
0.00525318
0.0052188
0.00518614
0.00515566
0.00512842
0.00510664
0.00508769
0.00506128
0.00503002
0.00501849
0.0050434
0.00508299
0.0050961
0.00507504
0.00504536
0.00504371
0.00509361
0.00516906
0.00521819
0.0052212
0.00519576
0.00516613
0.00514244
0.00512284
0.00510402
0.00508304
0.0050586
0.00503348
0.0050119
0.00499451
0.00497245
0.00494523
0.00492622
0.00491682
0.00490609
0.00488835
0.00486623
0.00484354
0.00482195
0.00479956
0.00477456
0.00475441
0.00474827
0.00474679
0.00473435
0.00471191
0.00468843
0.00466823
0.00465034
0.00463125
0.00460901
0.00458691
0.00456953
0.00455606
0.00454158
0.00452269
0.00450115
0.00447961
0.00445827
0.0044371
0.00441634
0.00439662
0.00438061
0.00437376
0.00437516
0.00437069
0.00435422
0.00433446
0.00432023
0.00431412
0.00431036
0.00429973
0.00428195
0.00426287
0.00424409
0.00422856
0.00422119
0.00422266
0.00423077
0.00424067
0.00424091
0.00422522
0.00421298
0.00423375
0.00427864
0.00431037
0.0043132
0.00429812
0.0042803
0.00426356
0.00424628
0.00422877
0.0042115
0.00419469
0.00417957
0.00416893
0.00416535
0.00416855
0.00417479
0.0041764
0.00416616
0.00414978
0.00414515
0.00416083
0.00418824
0.0042129
0.00422245
0.00421552
0.0042009
0.00418485
0.00416888
0.00415321
0.00413783
0.00412264
0.00410789
0.00409473
0.00408401
0.00407282
0.00405866
0.00404372
0.00402969
0.00401547
0.00400079
0.00398743
0.00397642
0.00396644
0.00395436
0.00394017
0.00392842
0.00392039
0.00391139
0.00389915
0.00388543
0.00387294
0.00386547
0.00386107
0.00385175
0.00383846
0.00382657
0.00381668
0.00380793
0.00379951
0.00379002
0.00377926
0.00376823
0.00375733
0.00374592
0.00373427
0.00372429
0.00371825
0.0037129
0.00370327
0.00369115
0.0036864
0.00369688
0.00371205
0.00371544
0.00370653
0.00369455
0.00368348
0.00367265
0.00366144
0.00364992
0.00363836
0.00362683
0.00361546
0.0036044
0.00359354
0.00358294
0.00357286
0.00356303
0.00355232
0.00354181
0.0035358
0.00353609
0.00353918
0.00353942
0.00353185
0.00352152
0.00351619
0.00351146
0.00350461
0.00349667
0.00348817
0.00347905
0.00346943
0.00345956
0.00344962
0.0034398
0.0034305
0.00342212
0.00341456
0.00340722
0.00339958
0.00339105
0.00338139
0.00337223
0.00336517
0.00335828
0.00334939
0.00333995
0.00333157
0.00332355
0.00331478
0.00330554
0.00329984
0.00330143
0.00330557
0.00330502
0.00329949
0.00329162
0.00328277
0.00327375
0.00326496
0.00325605
0.00324756
0.00323967
0.00323097
0.00322349
0.00322131
0.00322363
0.00322563
0.00322462
0.0032205
0.00321386
0.00320582
0.00319734
0.00318903
0.00318122
0.00317353
0.00316526
0.00315777
0.0031531
0.00314894
0.00314163
0.00313408
0.00312929
0.00312426
0.00311777
0.00311107
0.0031053
0.00310066
0.00309526
0.00308771
0.00308089
0.00307847
0.00307839
0.00307653
0.00307238
0.0030662
0.00305856
0.00305252
0.00304874
0.00304402
0.00303684
0.00303014
0.00302656
0.00302326
0.00301651
0.00301109
0.00301628
0.00302913
0.00303537
0.0030304
0.00302377
0.00302166
0.00302041
0.00301617
0.00300937
0.00300231
0.00299531
0.00298856
0.00298455
0.00298319
0.0029815
0.00297806
0.00297413
0.00297216
0.00297421
0.00297712
0.00297446
0.00296758
0.00296534
0.00297045
0.00297447
0.00297093
0.00296414
0.00295825
0.00295158
0.00294694
0.00294913
0.00295495
0.0029562
0.00295063
0.00294491
0.00294203
0.00293692
0.00293057
0.00292666
0.00292248
0.00291613
0.00291083
0.00290786
0.0029047
0.00289961
0.00289326
0.00288826
0.0028855
0.00288307
0.00287922
0.0028738
0.00286761
0.00286172
0.00285645
0.00285194
0.00284973
0.00285113
0.00285407
0.00285505
0.00285234
0.00284708
0.00284105
0.00283556
0.00283125
0.00282758
0.00282306
0.00281726
0.00281178
0.0028071
0.00280156
0.00279615
0.00279288
0.00278987
0.00278462
0.00277945
0.00277643
0.00277268
0.00276706
0.00276328
0.0027649
0.00277017
0.00277528
0.00277789
0.00277714
0.00277318
0.00276761
0.00276308
0.00276075
0.00276027
0.00276217
0.00276708
0.00277278
0.00277557
0.00277465
0.00277163
0.00276786
0.00276361
0.00275892
0.00275413
0.00274946
0.00274476
0.00273984
0.00273481
0.00272979
0.00272465
0.00271938
0.00271444
0.00270993
0.00270535
0.0027007
0.00269642
0.00269244
0.00268797
0.00268298
0.00267792
0.00267304
0.00266863
0.00266471
0.00266092
0.00265694
0.00265246
0.00264748
0.00264367
0.00264466
0.00265244
0.00266393
0.00267309
0.00267565
0.00267216
0.00266736
0.00266447
0.00266208
0.00265789
0.00265309
0.00264912
0.00264466
0.00264019
0.0026403
0.00264782
0.00265741
0.00266157
0.00265958
0.00265502
0.00265024
0.00264551
0.00264088
0.00263651
0.0026325
0.00262888
0.00262564
0.00262259
0.00261905
0.00261459
0.00261002
0.00260567
0.00260118
0.00259663
0.00259212
0.00258764
0.00258312
0.00257914
0.00257552
0.00257118
0.0025671
0.00256507
0.00256427
0.00256205
0.00255815
0.00255386
0.00254998
0.0025477
0.00254697
0.00254513
0.00254098
0.0025375
0.00253659
0.00253659
0.00253593
0.00253478
0.00253361
0.00253196
0.00252882
0.00252458
0.00252077
0.0025174
0.00251338
0.00250942
0.00250659
0.00250321
0.00249915
0.00249736
0.00249606
0.00249221
0.00248949
0.00249195
0.00249727
0.00249973
0.00249707
0.0024933
0.00249393
0.00249956
0.00250654
0.00251186
0.0025147
0.00251466
0.00251167
0.00250768
0.00250658
0.00251031
0.00251524
0.00251572
0.00251203
0.00250865
0.00250687
0.00250441
0.00250043
0.00249802
0.00249787
0.00249575
0.0024918
0.00248985
0.00248947
0.00248773
0.00248441
0.00248063
0.00247677
0.00247292
0.00246937
0.00246715
0.00246672
0.00246616
0.00246372
0.00245997
0.00245646
0.00245382
0.00245145
0.00244848
0.00244485
0.00244109
0.00243751
0.00243409
0.00243062
0.00242694
0.00242324
0.00241954
0.00241595
0.00241268
0.00240956
0.00240605
0.00240264
0.00240104
0.00240095
0.00239997
0.00239717
0.00239358
0.00239008
0.0023865
0.00238393
0.00238455
0.00238742
0.00238948
0.00238914
0.00238643
0.00238291
0.00238053
0.00238
0.0023811
0.0023838
0.00238784
0.00239148
0.00239222
0.0023897
0.00238624
0.00238432
0.00238483
0.00238666
0.00238755
0.0023864
0.00238384
0.00238076
0.00237749
0.00237406
0.00237111
0.0023691
0.00236661
0.00236322
0.00236098
0.00236107
0.00236156
0.00236006
0.00235686
0.00235385
0.00235237
0.00235215
0.0023518
0.0023503
0.00234808
0.00234624
0.00234526
0.00234357
0.0023403
0.00233878
0.00234074
0.0023419
0.00233918
0.00233724
0.00234093
0.0023472
0.00235001
0.00234825
0.002345
0.00234185
0.00233862
0.00233585
0.00233348
0.00233042
0.00232794
0.00232994
0.0023373
0.00234475
0.00234677
0.00234432
0.00234116
0.00233826
0.00233516
0.002332
0.0023289
0.00232574
0.00232316
0.00232242
0.00232335
0.00232423
0.0023239
0.00232206
0.00231918
0.00231609
0.00231331
0.00231126
0.00231096
0.00231332
0.0023166
0.00231743
0.0023151
0.00231236
0.0023131
0.00231768
0.00232187
0.00232207
0.00231927
0.00231672
0.00231575
0.00231505
0.00231311
0.00231013
0.00230767
0.00230709
0.00230666
0.0023039
0.00230169
0.00230026
0.00229756
0.0022947
0.00229222
0.00228957
0.00228667
0.00228373
0.00228083
0.00227795
0.00227521
0.00227297
0.0022713
0.00226933
0.00226656
0.00226389
0.00226204
0.00226043
0.00225843
0.00225588
0.00225305
0.0022502
0.00224736
0.00224457
0.00224183
0.00223907
0.0022363
0.00223357
0.00223097
0.00222859
0.00222622
0.00222365
0.00222105
0.00221885
0.00221765
0.00221716
0.0022163
0.00221446
0.00221182
0.0022093
0.00220739
0.00220503
0.00220233
0.0022002
0.00219847
0.00219657
0.0021944
0.00219207
0.0021896
0.00218697
0.00218434
0.00218233
0.002182
0.00218354
0.00218467
0.00218314
0.00218051
0.0021783
0.0021757
0.00217418
0.0021767
0.00218204
0.00218585
0.00218624
0.00218459
0.00218238
0.00218016
0.00217799
0.00217572
0.00217329
0.00217078
0.00216823
0.00216566
0.00216314
0.00216177
0.00216374
0.00216815
0.00217154
0.00217243
0.00217135
0.0021692
0.00216677
0.00216449
0.00216261
0.00216071
0.00215833
0.00215585
0.00215409
0.00215378
0.00215492
0.00215656
0.00215735
0.00215622
0.00215374
0.00215215
0.00215244
0.00215298
0.00215184
0.0021494
0.00214743
0.00214646
0.00214574
0.0021446
0.00214295
0.00214104
0.00213911
0.00213739
0.00213576
0.00213364
0.00213123
0.00212929
0.00212744
0.00212522
0.00212281
0.00212049
0.00211813
0.00211576
0.0021137
0.00211212
0.00211089
0.00210992
0.00210943
0.00210967
0.00211006
0.00210954
0.00210796
0.00210584
0.00210355
0.00210123
0.002099
0.00209702
0.00209499
0.00209269
0.00209045
0.00208896
0.00209056
0.00209714
0.00210343
0.00210378
0.0021015
0.00210216
0.00210547
0.00210699
0.00210542
0.00210317
0.00210154
0.00210003
0.00209821
0.00209599
0.00209389
0.0020923
0.00209054
0.00208854
0.0020867
0.00208536
0.00208406
0.00208206
0.00207987
0.0020783
0.00207732
0.00207678
0.00207593
0.00207398
0.00207187
0.00207062
0.00207019
0.00207008
0.00206992
0.00206984
0.00207001
0.00206963
0.00206796
0.00206577
0.00206398
0.00206256
0.00206121
0.00205978
0.00205799
0.00205584
0.00205387
0.00205226
0.00205051
0.00204844
0.00204629
0.00204419
0.00204279
0.00204272
0.0020425
0.00204075
0.00203896
0.00204008
0.00204452
0.0020494
0.00205219
0.00205283
0.00205228
0.00205096
0.00204892
0.00204721
0.00204737
0.00204888
0.00204968
0.00204884
0.00204705
0.002045
0.00204292
0.00204085
0.00203881
0.00203697
0.00203569
0.00203494
0.00203377
0.00203177
0.00203006
0.00202931
0.00202869
0.00202722
0.00202518
0.00202457
0.00202594
0.0020265
0.0020247
0.00202368
0.0020265
0.00203092
0.00203273
0.00203151
0.00202947
0.00202755
0.00202553
0.0020237
0.00202233
0.00202098
0.00201921
0.0020172
0.00201528
0.00201338
0.00201142
0.00200947
0.00200787
0.00200787
0.00201151
0.00201944
0.00202846
0.00203327
0.00203266
0.00203082
0.00203131
0.00203374
0.00203581
0.00203645
0.00203602
0.00203514
0.00203436
0.00203433
0.00203568
0.00203776
0.00203873
0.00203794
0.00203612
0.00203421
0.00203271
0.00203124
0.00202951
0.0020277
0.00202608
0.00202501
0.0020244
0.00202333
0.00202144
0.00201987
0.00201916
0.00201835
0.00201673
0.00201482
0.00201354
0.00201337
0.00201396
0.00201406
0.00201301
0.00201131
0.0020095
0.00200784
0.00200637
0.00200473
0.00200283
0.00200133
0.00199991
0.00199802
0.00199653
0.00199503
0.00199315
0.00199213
0.00199314
0.00199563
0.0019975
0.0019973
0.00199563
0.00199386
0.00199281
0.00199246
0.00199208
0.00199088
0.00198904
0.00198749
0.00198674
0.00198634
0.00198531
0.00198354
0.00198181
0.00198031
0.00197875
0.00197714
0.00197578
0.00197524
0.001976
0.00197767
0.00197888
0.00197849
0.00197682
0.00197515
0.00197406
0.00197343
0.00197313
0.00197308
0.00197327
0.0019736
0.00197372
0.0019728
0.00197101
0.00197006
0.00197034
0.00197041
0.00196956
0.00196817
0.00196665
0.0019651
0.00196339
0.00196165
0.00196031
0.00195936
0.00195824
0.00195671
0.00195495
0.00195369
0.00195362
0.0019544
0.00195495
0.00195442
0.00195285
0.0019513
0.00195117
0.00195279
0.0019547
0.00195514
0.00195398
0.00195226
0.00195059
0.00194906
0.00194756
0.00194598
0.00194428
0.00194257
0.00194089
0.00193922
0.00193754
0.00193596
0.00193467
0.0019335
0.00193218
0.00193081
0.0019296
0.00192847
0.00192692
0.0019254
0.00192533
0.00192672
0.00192784
0.0019276
0.00192648
0.00192519
0.00192394
0.00192247
0.0019208
0.0019193
0.00191788
0.00191657
0.00191583
0.00191625
0.00191753
0.0019189
0.00191973
0.00191934
0.00191784
0.00191633
0.00191564
0.00191633
0.00191902
0.00192312
0.00192647
0.0019278
0.00192788
0.00192775
0.00192779
0.00192763
0.00192669
0.00192509
0.0019237
0.00192327
0.00192418
0.00192651
0.00192911
0.00192999
0.00192883
0.00192725
0.00192632
0.00192577
0.00192494
0.0019236
0.00192201
0.0019204
0.00191885
0.00191741
0.00191608
0.00191483
0.00191377
0.00191334
0.00191405
0.00191528
0.00191535
0.00191396
0.0019127
0.00191317
0.00191459
0.00191473
0.00191329
0.00191197
0.0019112
0.00190983
0.00190867
0.00191047
0.00191533
0.00191988
0.00192108
0.00191964
0.00191891
0.00192031
0.00192241
0.00192371
0.00192365
0.00192251
0.00192099
0.00191942
0.00191785
0.00191628
0.00191472
0.0019132
0.00191176
0.00191041
0.00190915
0.00190802
0.00190706
0.0019061
0.0019049
0.00190346
0.00190192
0.00190039
0.00189896
0.00189792
0.00189771
0.00189803
0.00189783
0.0018967
0.0018952
0.00189368
0.00189217
0.0018907
0.00188931
0.00188793
0.00188648
0.00188498
0.00188347
0.00188197
0.0018805
0.00187902
0.00187753
0.00187609
0.00187472
0.00187336
0.00187196
0.0018705
0.00186902
0.00186767
0.00186691
0.00186652
0.00186535
0.00186397
0.0018634
0.00186332
0.00186313
0.00186282
0.00186263
0.00186252
0.00186188
0.00186053
0.00185919
0.00185855
0.0018586
0.00185862
0.00185797
0.00185688
0.00185576
0.00185492
0.00185435
0.00185343
0.001852
0.00185096
0.00185089
0.00185117
0.00185112
0.00185064
0.00184988
0.001849
0.00184814
0.00184739
0.00184658
0.00184541
0.00184399
0.00184301
0.00184299
0.00184354
0.00184373
0.00184337
0.0018429
0.00184253
0.00184184
0.00184056
0.00183921
0.00183844
0.00183829
0.00183829
0.00183806
0.00183744
0.00183645
0.0018352
0.00183383
0.00183245
0.00183124
0.00183042
0.00182992
0.00182944
0.00182869
0.00182756
0.00182618
0.00182499
0.00182474
0.00182646
0.00183043
0.0018351
0.00183796
0.00183778
0.00183648
0.00183806
0.00184359
0.00184924
0.00185156
0.00185095
0.00184958
0.00184878
0.00184834
0.00184768
0.0018467
0.0018455
0.00184416
0.00184283
0.00184182
0.00184109
0.00184025
0.00183912
0.0018379
0.00183677
0.00183574
0.00183461
0.0018333
0.00183196
0.00183083
0.00182985
0.00182885
0.00182793
0.00182754
0.00182817
0.0018292
0.00182954
0.00182904
0.00182814
0.00182703
0.00182572
0.00182449
0.00182374
0.00182349
0.0018237
0.00182421
0.00182462
0.00182445
0.00182351
0.00182218
0.00182128
0.00182106
0.00182077
0.00181978
0.00181847
0.00181718
0.00181589
0.00181458
0.00181338
0.00181223
0.00181101
0.00180974
0.00180844
0.00180715
0.00180593
0.00180471
0.00180344
0.00180215
0.00180099
0.00180007
0.00179935
0.00179868
0.00179779
0.00179664
0.00179538
0.00179411
0.00179288
0.00179163
0.00179038
0.00178949
0.00178904
0.00178852
0.00178753
0.00178626
0.00178531
0.00178473
0.00178383
0.00178257
0.00178193
0.00178238
0.00178347
0.00178429
0.00178406
0.00178299
0.00178174
0.00178056
0.00177943
0.00177829
0.00177713
0.00177595
0.00177482
0.00177385
0.00177336
0.0017738
0.00177541
0.00177743
0.00177814
0.00177716
0.0017761
0.00177581
0.00177562
0.00177493
0.00177377
0.00177264
0.00177219
0.00177238
0.00177243
0.00177173
0.00177051
0.00176949
0.00176885
0.00176842
0.00176801
0.0017674
0.00176661
0.00176581
0.00176528
0.00176518
0.00176543
0.00176544
0.00176462
0.00176341
0.00176251
0.00176173
0.00176075
0.00175969
0.00175884
0.00175862
0.00175931
0.00176087
0.00176277
0.00176381
0.00176323
0.00176208
0.00176234
0.00176464
0.00176774
0.00177021
0.00177148
0.00177153
0.00177068
0.00176948
0.00176844
0.00176759
0.00176669
0.00176563
0.00176447
0.0017633
0.00176211
0.00176093
0.00175987
0.00175899
0.00175804
0.00175686
0.00175647
0.00175771
0.00175938
0.00175964
0.00175858
0.00175758
0.00175686
0.00175586
0.00175469
0.00175362
0.00175246
0.00175147
0.0017511
0.00175095
0.00175046
0.00174968
0.00174884
0.00174791
0.00174677
0.00174576
0.00174543
0.0017458
0.00174634
0.00174645
0.00174582
0.0017447
0.00174367
0.00174297
0.00174224
0.00174119
0.00174009
0.00173955
0.00173979
0.0017401
0.00173959
0.00173848
0.00173749
0.00173674
0.00173592
0.00173486
0.00173373
0.00173268
0.00173164
0.00173053
0.00172944
0.00172853
0.00172774
0.00172695
0.00172622
0.0017256
0.00172512
0.00172466
0.00172379
0.00172271
0.00172229
0.00172211
0.00172124
0.00172015
0.00171925
0.00171819
0.0017172
0.00171674
0.00171649
0.00171579
0.00171469
0.00171374
0.00171304
0.00171232
0.00171145
0.00171046
0.00170945
0.00170846
0.00170748
0.00170649
0.00170546
0.0017044
0.00170331
0.00170223
0.00170115
0.00170019
0.00169942
0.00169854
0.00169746
0.00169675
0.00169724
0.00169889
0.00170035
0.00170044
0.00169947
0.00169855
0.00169819
0.00169816
0.00169827
0.00169837
0.00169813
0.00169735
0.0016963
0.00169527
0.00169439
0.00169348
0.00169243
0.00169138
0.00169032
0.00168934
0.00168871
0.00168838
0.00168793
0.00168712
0.00168609
0.00168504
0.001684
0.00168295
0.00168201
0.00168144
0.00168139
0.00168135
0.00168065
0.00167965
0.00167993
0.00168168
0.00168287
0.0016825
0.00168146
0.00168053
0.00167967
0.00167868
0.00167764
0.00167662
0.0016756
0.00167481
0.00167427
0.00167373
0.00167301
0.00167206
0.00167105
0.00167045
0.00167054
0.00167069
0.00167024
0.00166939
0.00166846
0.00166753
0.00166654
0.00166553
0.00166467
0.00166419
0.00166431
0.00166503
0.00166586
0.00166607
0.00166543
0.00166442
0.00166351
0.00166265
0.00166171
0.00166073
0.00165974
0.00165876
0.00165779
0.00165685
0.00165598
0.00165522
0.00165456
0.00165394
0.00165323
0.0016523
0.00165131
0.00165041
0.00164953
0.00164858
0.00164759
0.0016466
0.00164561
0.00164463
0.00164365
0.00164268
0.00164173
0.00164084
0.00163995
0.00163899
0.00163806
0.00163752
0.00163781
0.00163901
0.00164055
0.00164162
0.00164193
0.00164166
0.00164102
0.00164016
0.0016392
0.00163825
0.00163753
0.00163733
0.00163788
0.00163916
0.00164077
0.00164216
0.00164293
0.00164291
0.00164218
0.00164122
0.00164091
0.00164195
0.00164457
0.00164864
0.00165331
0.00165667
0.00165742
0.00165655
0.00165587
0.0016559
0.00165606
0.00165598
0.0016559
0.00165606
0.00165623
0.00165595
0.00165529
0.00165451
0.00165367
0.0016527
0.0016521
0.00165334
0.00165703
0.00166106
0.00166297
0.0016627
0.00166174
0.00166132
0.00166178
0.00166299
0.00166449
0.00166538
0.00166508
0.00166413
0.00166331
0.0016626
0.00166172
0.00166076
0.0016598
0.00165892
0.00165847
0.00165843
0.0016583
0.00165785
0.00165724
0.00165657
0.00165579
0.00165484
0.0016542
0.00165471
0.00165642
0.00165829
0.00165905
0.00165842
0.00165761
0.00165802
0.00165932
0.00166014
0.00165988
0.00165902
0.00165807
0.00165714
0.0016562
0.00165526
0.00165432
0.00165338
0.00165247
0.00165163
0.00165103
0.00165085
0.00165085
0.00165051
0.00164973
0.0016488
0.00164835
0.00164891
0.00164963
0.0016492
0.00164829
0.00164798
0.00164835
0.0016489
0.00164909
0.00164872
0.00164795
0.00164702
0.00164632
0.0016464
0.00164756
0.00164933
0.0016505
0.00165022
0.00164932
0.00164936
0.00165022
0.00165055
0.00164996
0.00164904
0.0016484
0.00164814
0.00164806
0.00164779
0.00164713
0.00164621
0.00164548
0.0016452
0.00164507
0.00164462
0.00164376
0.00164292
0.00164238
0.00164187
0.00164116
0.00164033
0.00163944
0.00163854
0.00163763
0.00163673
0.00163582
0.00163493
0.00163418
0.00163384
0.00163401
0.00163446
0.00163473
0.00163434
0.00163344
0.00163309
0.001634
0.00163561
0.00163667
0.0016365
0.00163562
0.00163497
0.00163476
0.00163449
0.00163379
0.0016329
0.00163219
0.00163167
0.00163107
0.00163025
0.00162936
0.00162855
0.00162774
0.00162685
0.00162622
0.00162618
0.00162665
0.00162699
0.00162656
0.00162567
0.00162501
0.00162467
0.00162437
0.00162394
0.00162333
0.00162265
0.00162201
0.00162147
0.001621
0.00162045
0.00161976
0.00161894
0.00161807
0.00161721
0.00161634
0.00161553
0.00161468
0.00161393
0.00161351
0.00161302
0.0016123
0.00161147
0.00161061
0.00160976
0.00160897
0.00160818
0.00160735
0.00160649
0.00160563
0.00160478
0.001604
0.00160328
0.00160258
0.00160178
0.00160099
0.00160091
0.00160166
0.00160204
0.00160143
0.00160062
0.00160026
0.00160044
0.00160111
0.00160188
0.00160211
0.00160159
0.00160074
0.00160002
0.00159941
0.00159881
0.00159824
0.00159779
0.00159759
0.00159759
0.00159756
0.00159722
0.00159648
0.00159567
0.00159529
0.00159552
0.00159604
0.00159632
0.00159599
0.00159521
0.00159446
0.00159413
0.00159411
0.00159398
0.00159358
0.00159294
0.00159212
0.00159132
0.00159055
0.00158975
0.00158893
0.0015881
0.00158732
0.00158655
0.00158572
0.00158504
0.00158468
0.00158448
0.00158428
0.00158393
0.00158331
0.0015825
0.0015817
0.0015809
0.00158009
0.00157928
0.00157849
0.00157786
0.00157742
0.00157692
0.00157618
0.00157539
0.00157492
0.00157511
0.00157554
0.00157526
0.00157445
0.00157387
0.00157347
0.00157293
0.00157217
0.00157137
0.00157061
0.00156983
0.00156904
0.00156843
0.00156803
0.00156756
0.00156679
0.00156615
0.00156599
0.00156569
0.00156493
0.00156426
0.00156385
0.0015633
0.00156251
0.00156186
0.00156147
0.00156096
0.00156021
0.00155946
0.00155887
0.00155821
0.00155742
0.0015569
0.0015566
0.00155607
0.00155531
0.00155454
0.00155381
0.00155306
0.00155227
0.00155152
0.00155074
0.00154997
0.00154925
0.00154849
0.00154773
0.00154723
0.00154727
0.00154762
0.00154753
0.00154687
0.0015461
0.00154545
0.0015449
0.00154441
0.00154394
0.00154352
0.00154307
0.00154242
0.00154165
0.00154094
0.0015402
0.00153944
0.00153876
0.00153817
0.00153766
0.0015372
0.00153675
0.00153617
0.00153545
0.00153469
0.00153393
0.00153317
0.00153243
0.00153167
0.00153094
0.00153054
0.00153107
0.00153272
0.00153475
0.00153607
0.00153628
0.00153585
0.00153523
0.00153456
0.00153385
0.0015331
0.00153236
0.00153168
0.0015311
0.00153067
0.00153038
0.00153
0.00152934
0.0015286
0.00152798
0.00152735
0.0015266
0.00152611
0.00152624
0.00152672
0.00152697
0.00152677
0.0015262
0.00152545
0.00152482
0.00152448
0.00152428
0.00152392
0.0015233
0.00152256
0.00152189
0.00152141
0.00152104
0.00152065
0.00152014
0.00151953
0.00151882
0.00151808
0.00151735
0.00151664
0.0015161
0.00151604
0.00151646
0.00151672
0.00151641
0.00151575
0.00151501
0.00151432
0.00151369
0.00151304
0.00151231
0.00151161
0.00151098
0.00151038
0.00150976
0.0015091
0.00150842
0.00150776
0.00150715
0.00150651
0.00150579
0.00150514
0.00150473
0.00150443
0.00150392
0.0015032
0.00150265
0.0015024
0.001502
0.00150128
0.00150122
0.00150264
0.00150512
0.00150756
0.00150884
0.00150859
0.0015079
0.0015078
0.00150788
0.00150763
0.0015071
0.00150651
0.00150597
0.00150555
0.00150528
0.00150514
0.00150517
0.00150519
0.00150488
0.00150423
0.00150353
0.00150289
0.00150231
0.00150175
0.00150117
0.00150057
0.00149998
0.00149939
0.00149876
0.00149806
0.00149736
0.00149666
0.00149596
0.00149526
0.00149471
0.00149449
0.00149446
0.00149419
0.00149352
0.00149307
0.00149351
0.00149426
0.00149431
0.00149373
0.00149303
0.00149243
0.00149187
0.00149124
0.00149054
0.00149
0.00148957
0.00148896
0.00148828
0.00148788
0.00148777
0.0014878
0.0014878
0.00148767
0.00148732
0.00148683
0.00148627
0.0014857
0.00148512
0.00148453
0.00148389
0.00148321
0.00148276
0.00148299
0.00148354
0.00148359
0.00148305
0.00148237
0.00148171
0.00148107
0.00148048
0.00147991
0.00147926
0.00147858
0.00147795
0.00147734
0.00147671
0.00147603
0.00147536
0.00147476
0.00147437
0.00147426
0.00147433
0.00147432
0.00147395
0.00147329
0.00147268
0.00147211
0.00147145
0.0014708
0.00147016
0.00146949
0.00146889
0.00146855
0.00146838
0.00146799
0.00146735
0.00146669
0.00146609
0.00146556
0.00146505
0.00146441
0.00146378
0.00146334
0.00146299
0.0014625
0.00146184
0.00146128
0.00146099
0.00146088
0.0014608
0.00146053
0.00146003
0.00145943
0.00145881
0.00145819
0.00145757
0.00145694
0.0014563
0.00145565
0.00145499
0.00145435
0.00145372
0.00145309
0.00145245
0.00145179
0.00145116
0.00145072
0.00145088
0.00145179
0.00145287
0.00145348
0.00145358
0.00145332
0.00145281
0.00145216
0.00145155
0.00145099
0.00145042
0.00144982
0.00144925
0.00144881
0.00144855
0.00144842
0.00144828
0.00144795
0.00144739
0.00144674
0.00144611
0.00144548
0.00144485
0.00144421
0.00144357
0.00144293
0.0014423
0.0014417
0.00144107
0.00144044
0.00143996
0.00143978
0.00143975
0.00143957
0.00143913
0.00143853
0.0014379
0.00143734
0.00143683
0.00143623
0.00143561
0.00143522
0.00143497
0.00143453
0.00143391
0.00143333
0.00143287
0.0014325
0.00143215
0.0014317
0.0014311
0.00143048
0.00142985
0.00142926
0.00142883
0.00142852
0.00142817
0.00142771
0.00142718
0.00142663
0.00142607
0.00142554
0.00142504
0.00142453
0.00142395
0.00142333
0.00142276
0.00142233
0.00142204
0.00142181
0.00142158
0.00142131
0.00142103
0.00142073
0.0014203
0.00141977
0.00141927
0.00141896
0.00141889
0.00141867
0.00141811
0.00141755
0.00141731
0.00141741
0.00141768
0.00141785
0.00141776
0.00141742
0.00141696
0.00141649
0.00141603
0.00141546
0.00141488
0.00141467
0.00141512
0.00141601
0.00141664
0.00141658
0.00141611
0.00141554
0.00141494
0.00141436
0.00141395
0.00141384
0.00141397
0.00141405
0.00141384
0.00141339
0.00141286
0.00141231
0.0014118
0.00141136
0.00141089
0.00141031
0.00140974
0.00140939
0.00140922
0.00140903
0.00140869
0.00140822
0.00140766
0.00140706
0.00140649
0.00140605
0.00140579
0.00140568
0.00140568
0.00140565
0.00140543
0.001405
0.00140441
0.00140387
0.00140362
0.00140389
0.00140461
0.00140531
0.00140552
0.00140527
0.00140477
0.00140418
0.0014036
0.0014031
0.00140281
0.00140292
0.00140357
0.00140485
0.00140654
0.00140801
0.00140856
0.00140811
0.0014078
0.0014091
0.00141167
0.00141395
0.00141508
0.00141512
0.00141466
0.00141408
0.00141349
0.0014129
0.00141231
0.00141173
0.00141114
0.00141075
0.00141092
0.00141191
0.00141349
0.00141481
0.00141502
0.00141446
0.00141404
0.00141371
0.00141322
0.00141264
0.00141206
0.00141147
0.00141089
0.00141031
0.00140973
0.00140918
0.0014087
0.00140826
0.00140776
0.00140718
0.00140675
0.00140679
0.0014072
0.00140777
0.00140837
0.00140886
0.00140913
0.00140907
0.00140868
0.0014081
0.00140759
0.00140733
0.00140733
0.00140747
0.00140756
0.00140749
0.00140721
0.00140681
0.00140636
0.00140586
0.00140529
0.00140473
0.00140425
0.00140384
0.00140345
0.00140301
0.00140248
0.00140191
0.00140147
0.00140125
0.00140097
0.00140044
0.00139993
0.00139966
0.00139938
0.00139893
0.00139836
0.00139779
0.00139723
0.00139666
0.00139609
0.00139554
0.00139505
0.00139455
0.00139398
0.00139357
0.00139353
0.00139349
0.00139307
0.0013925
0.00139202
0.0013915
0.00139094
0.00139051
0.00139018
0.00138974
0.0013892
0.00138863
0.00138807
0.00138751
0.00138699
0.0013865
0.00138599
0.00138545
0.00138491
0.00138436
0.0013838
0.00138334
0.00138309
0.00138284
0.00138237
0.00138181
0.00138125
0.00138071
0.00138021
0.00137974
0.00137924
0.0013787
0.00137814
0.00137762
0.00137719
0.00137692
0.00137691
0.00137724
0.00137778
0.00137806
0.00137775
0.0013772
0.00137683
0.00137654
0.00137608
0.00137553
0.00137511
0.00137479
0.00137439
0.00137388
0.00137334
0.00137295
0.0013729
0.00137305
0.00137295
0.00137251
0.00137196
0.00137143
0.00137089
0.00137034
0.00136981
0.00136928
0.00136878
0.00136836
0.00136818
0.00136822
0.00136804
0.00136754
0.00136704
0.00136675
0.00136652
0.0013662
0.00136574
0.00136523
0.00136469
0.00136415
0.00136362
0.0013631
0.00136265
0.00136224
0.00136179
0.00136128
0.00136074
0.00136025
0.00135983
0.00135951
0.00135932
0.00135928
0.00135936
0.00135936
0.00135917
0.00135877
0.00135826
0.00135774
0.00135736
0.00135719
0.00135717
0.00135711
0.00135691
0.00135656
0.00135613
0.00135563
0.0013551
0.00135457
0.00135404
0.00135351
0.00135298
0.00135246
0.00135194
0.00135148
0.00135113
0.00135087
0.00135059
0.00135023
0.00134982
0.00134937
0.00134888
0.00134837
0.00134788
0.0013474
0.00134689
0.00134637
0.00134595
0.0013456
0.00134515
0.00134463
0.00134413
0.00134361
0.00134332
0.00134341
0.00134331
0.00134283
0.00134236
0.00134199
0.00134158
0.00134112
0.00134064
0.00134016
0.0013397
0.00133925
0.00133878
0.00133829
0.00133778
0.00133728
0.00133681
0.0013364
0.001336
0.00133552
0.00133501
0.00133457
0.00133422
0.00133391
0.00133361
0.00133328
0.00133285
0.00133235
0.00133184
0.00133137
0.00133111
0.00133107
0.00133105
0.00133084
0.0013304
0.0013299
0.00132956
0.00132936
0.00132901
0.00132852
0.00132802
0.00132752
0.00132704
0.00132678
0.0013269
0.00132728
0.00132761
0.00132767
0.00132737
0.00132688
0.00132641
0.00132608
0.00132593
0.001326
0.00132625
0.00132645
0.00132634
0.00132595
0.00132545
0.00132497
0.00132459
0.00132441
0.00132444
0.00132448
0.00132428
0.00132382
0.00132339
0.00132335
0.00132351
0.00132335
0.00132287
0.00132247
0.00132224
0.00132194
0.00132148
0.00132105
0.00132107
0.00132162
0.00132214
0.00132209
0.0013216
0.00132136
0.00132168
0.00132194
0.00132161
0.00132115
0.00132095
0.00132081
0.00132047
0.00131998
0.00131953
0.00131912
0.00131864
0.00131817
0.00131784
0.00131767
0.00131756
0.00131733
0.00131691
0.00131642
0.00131597
0.00131557
0.0013152
0.00131488
0.00131471
0.00131489
0.00131524
0.00131507
0.00131459
0.00131466
0.00131548
0.00131637
0.00131673
0.00131652
0.00131604
0.00131563
0.00131541
0.00131537
0.00131533
0.00131507
0.00131464
0.00131415
0.00131367
0.00131318
0.00131274
0.00131243
0.00131215
0.00131173
0.00131126
0.00131095
0.00131071
0.00131029
0.00130985
0.00130983
0.00131019
0.00131043
0.00131023
0.00130975
0.00130945
0.00130968
0.00131039
0.00131106
0.00131127
0.00131107
0.00131066
0.00131018
0.00130972
0.00130932
0.00130903
0.0013088
0.00130852
0.00130808
0.00130767
0.00130768
0.00130797
0.0013081
0.00130787
0.00130743
0.00130695
0.00130648
0.00130601
0.0013056
0.00130543
0.00130601
0.00130769
0.00130993
0.00131155
0.00131197
0.00131161
0.00131118
0.00131107
0.00131119
0.00131123
0.00131112
0.00131092
0.00131072
0.00131051
0.00131023
0.00130982
0.00130935
0.00130888
0.00130841
0.00130794
0.00130747
0.00130704
0.00130667
0.0013063
0.0013059
0.00130545
0.00130498
0.00130453
0.00130413
0.00130376
0.00130346
0.00130334
0.00130343
0.00130341
0.00130304
0.00130259
0.00130233
0.00130216
0.0013019
0.0013015
0.00130104
0.00130058
0.00130018
0.00129991
0.00129976
0.00129953
0.00129911
0.00129867
0.00129841
0.00129828
0.00129809
0.00129779
0.00129747
0.0012973
0.00129735
0.0012975
0.00129755
0.00129733
0.00129687
0.00129668
0.00129756
0.00129953
0.00130156
0.00130262
0.00130262
0.00130217
0.00130177
0.00130148
0.00130116
0.0013008
0.00130048
0.0013003
0.0013005
0.00130127
0.00130233
0.00130292
0.00130274
0.00130228
0.00130214
0.00130241
0.00130271
0.00130276
0.00130257
0.00130225
0.00130189
0.00130161
0.00130144
0.00130118
0.00130072
0.00130057
0.00130104
0.00130161
0.00130173
0.00130148
0.0013011
0.0013007
0.00130026
0.00129982
0.00129966
0.00129985
0.00130003
0.0012999
0.0012995
0.00129905
0.00129859
0.00129816
0.00129781
0.00129744
0.00129698
0.00129667
0.00129691
0.00129763
0.00129822
0.0012983
0.00129797
0.00129752
0.00129717
0.001297
0.00129699
0.00129698
0.00129683
0.00129646
0.00129601
0.00129563
0.00129529
0.00129494
0.00129458
0.00129426
0.001294
0.00129372
0.00129333
0.00129288
0.00129248
0.0012921
0.00129168
0.00129123
0.00129082
0.00129042
0.00128999
0.00128955
0.00128919
0.00128894
0.0012887
0.00128838
0.00128801
0.00128764
0.00128732
0.00128706
0.00128679
0.0012864
0.00128595
0.00128553
0.0012851
0.00128467
0.00128424
0.00128387
0.00128373
0.00128389
0.00128415
0.00128423
0.00128405
0.00128368
0.00128325
0.00128283
0.00128244
0.00128209
0.00128169
0.00128125
0.00128088
0.00128052
0.00128011
0.00127967
0.00127924
0.00127881
0.00127838
0.00127816
0.00127846
0.00127927
0.00128001
0.00128023
0.00127999
0.00127957
0.00127914
0.00127875
0.00127841
0.00127812
0.00127781
0.00127746
0.00127707
0.00127665
0.00127624
0.00127587
0.00127562
0.00127548
0.00127538
0.00127531
0.00127535
0.00127546
0.00127537
0.00127498
0.00127459
0.00127441
0.00127432
0.00127424
0.00127411
0.00127394
0.00127368
0.00127337
0.00127302
0.00127269
0.0012724
0.00127213
0.00127183
0.00127143
0.00127107
0.0012712
0.00127183
0.00127242
0.00127256
0.00127231
0.00127189
0.00127149
0.00127119
0.00127085
0.00127045
0.00127004
0.00126975
0.0012698
0.00127009
0.00127026
0.00127011
0.00126972
0.0012693
0.00126899
0.00126879
0.0012686
0.00126841
0.00126817
0.00126783
0.00126741
0.00126701
0.00126663
0.00126622
0.00126581
0.00126546
0.00126515
0.00126475
0.00126436
0.00126416
0.00126414
0.00126416
0.00126409
0.00126385
0.00126347
0.00126305
0.00126263
0.00126222
0.00126181
0.00126139
0.00126104
0.00126085
0.00126057
0.00126015
0.00126016
0.00126117
0.00126284
0.00126417
0.00126468
0.00126457
0.00126423
0.00126383
0.00126341
0.001263
0.00126258
0.00126218
0.00126179
0.00126145
0.00126126
0.00126141
0.00126192
0.00126244
0.00126259
0.00126234
0.00126192
0.00126157
0.00126125
0.00126088
0.00126048
0.00126007
0.00125968
0.00125933
0.00125897
0.00125858
0.00125816
0.00125776
0.00125735
0.00125694
0.00125656
0.00125629
0.00125607
0.0012558
0.00125542
0.00125501
0.00125462
0.0012543
0.00125413
0.00125421
0.00125441
0.00125449
0.00125437
0.00125409
0.00125372
0.00125331
0.00125296
0.00125274
0.0012526
0.0012525
0.00125248
0.00125253
0.00125247
0.00125218
0.00125177
0.0012514
0.00125101
0.0012506
0.00125022
0.00124982
0.00124955
0.00124978
0.00125052
0.00125137
0.00125189
0.0012519
0.00125156
0.00125116
0.00125076
0.00125038
0.00125002
0.00124977
0.00124971
0.00124988
0.00125017
0.00125033
0.00125013
0.00124974
0.00124935
0.00124895
0.00124855
0.00124815
0.00124774
0.00124737
0.00124705
0.00124673
0.00124634
0.00124596
0.00124568
0.00124544
0.00124521
0.00124504
0.0012449
0.00124466
0.00124426
0.00124408
0.00124443
0.0012449
0.001245
0.00124474
0.00124437
0.00124398
0.00124359
0.00124319
0.00124281
0.00124251
0.00124234
0.00124226
0.00124218
0.001242
0.00124167
0.00124128
0.00124095
0.00124067
0.0012403
0.00123992
0.0012396
0.00123925
0.00123886
0.0012385
0.00123817
0.00123784
0.00123749
0.00123714
0.0012368
0.00123646
0.00123608
0.00123569
0.00123533
0.00123499
0.00123468
0.00123443
0.00123418
0.00123384
0.00123345
0.00123308
0.00123281
0.00123261
0.00123242
0.00123215
0.00123181
0.00123144
0.00123108
0.00123073
0.0012304
0.00123006
0.00122969
0.00122931
0.00122892
0.00122856
0.00122826
0.00122803
0.00122781
0.00122756
0.00122725
0.00122691
0.00122653
0.00122616
0.00122593
0.00122593
0.001226
0.00122587
0.00122551
0.00122514
0.00122481
0.00122451
0.00122419
0.00122383
0.00122344
0.00122306
0.00122267
0.0012223
0.00122193
0.00122156
0.00122118
0.00122084
0.0012205
0.00122012
0.00121988
0.00121994
0.00122018
0.00122033
0.00122018
0.0012198
0.00121958
0.00121977
0.0012201
0.00122009
0.00121974
0.00121944
0.00121948
0.0012197
0.00121971
0.00121944
0.00121906
0.00121878
0.00121871
0.00121875
0.00121863
0.00121831
0.00121796
0.00121791
0.00121808
0.00121806
0.00121774
0.00121737
0.00121703
0.0012167
0.00121636
0.00121601
0.00121563
0.00121527
0.00121497
0.0012147
0.00121437
0.00121399
0.00121364
0.00121328
0.00121291
0.00121258
0.00121229
0.00121195
0.00121157
0.00121124
0.00121101
0.00121095
0.00121097
0.00121085
0.00121054
0.00121017
0.00120981
0.00120945
0.00120908
0.00120872
0.0012084
0.0012082
0.00120812
0.00120801
0.00120775
0.00120739
0.00120703
0.00120668
0.00120632
0.00120596
0.00120562
0.00120532
0.00120504
0.00120471
0.00120435
0.00120398
0.00120361
0.00120325
0.0012029
0.0012026
0.00120234
0.00120206
0.00120171
0.00120136
0.00120115
0.00120111
0.00120112
0.00120101
0.00120078
0.00120046
0.0012001
0.00119973
0.00119936
0.001199
0.00119865
0.00119829
0.00119794
0.00119765
0.00119741
0.00119713
0.00119678
0.00119642
0.00119614
0.00119595
0.00119576
0.00119549
0.00119514
0.00119478
0.00119452
0.00119445
0.00119462
0.00119486
0.00119489
0.00119464
0.00119428
0.00119393
0.00119359
0.00119325
0.0011929
0.00119254
0.00119218
0.00119182
0.00119148
0.00119122
0.00119102
0.00119071
0.00119035
0.00119009
0.0011899
0.00118971
0.00118943
0.00118908
0.00118873
0.00118837
0.00118802
0.00118769
0.00118734
0.00118699
0.00118665
0.00118636
0.00118616
0.00118609
0.00118611
0.00118603
0.00118574
0.0011854
0.00118526
0.00118533
0.00118543
0.00118542
0.00118522
0.0011849
0.00118455
0.00118428
0.00118404
0.00118372
0.00118337
0.00118302
0.00118268
0.00118236
0.00118204
0.0011817
0.00118134
0.00118102
0.00118078
0.00118069
0.00118071
0.00118059
0.00118026
0.00117995
0.00117975
0.00117957
0.00117928
0.00117893
0.00117872
0.0011787
0.00117867
0.00117843
0.00117809
0.00117806
0.00117853
0.00117914
0.00117934
0.00117906
0.0011788
0.00117886
0.00117887
0.00117865
0.00117832
0.00117797
0.00117763
0.0011773
0.00117697
0.00117662
0.00117634
0.00117609
0.00117575
0.00117544
0.00117526
0.00117511
0.0011749
0.00117461
0.00117427
0.00117393
0.0011736
0.00117327
0.00117293
0.00117259
0.00117232
0.00117217
0.00117202
0.00117174
0.0011714
0.00117119
0.00117119
0.00117124
0.00117113
0.00117087
0.00117054
0.00117022
0.00116992
0.00116963
0.00116933
0.00116901
0.00116867
0.00116838
0.00116815
0.00116799
0.00116784
0.00116762
0.00116732
0.00116698
0.00116665
0.00116632
0.001166
0.00116567
0.00116534
0.001165
0.00116473
0.00116456
0.00116444
0.0011643
0.0011641
0.0011638
0.00116346
0.00116313
0.0011628
0.00116246
0.00116213
0.00116188
0.00116184
0.00116203
0.00116216
0.00116203
0.00116171
0.00116144
0.00116145
0.00116156
0.00116144
0.00116112
0.0011608
0.00116052
0.00116022
0.00115989
0.00115958
0.00115928
0.00115894
0.00115865
0.00115836
0.00115803
0.00115782
0.00115786
0.00115787
0.00115766
0.00115733
0.001157
0.00115667
0.00115637
0.00115608
0.00115578
0.00115546
0.00115513
0.0011548
0.00115449
0.00115417
0.00115384
0.00115351
0.00115318
0.00115289
0.00115275
0.00115262
0.00115234
0.00115201
0.00115169
0.00115137
0.00115107
0.00115085
0.00115085
0.00115114
0.00115141
0.00115131
0.00115099
0.00115077
0.00115081
0.00115103
0.00115131
0.00115146
0.00115132
0.00115099
0.00115069
0.00115037
0.0011501
0.00115001
0.00114994
0.00114972
0.0011494
0.00114914
0.00114907
0.00114919
0.0011493
0.00114931
0.00114931
0.00114942
0.00114965
0.0011498
0.00114967
0.00114936
0.00114908
0.00114891
0.00114869
0.00114838
0.00114806
0.00114775
0.00114742
0.00114712
0.00114688
0.00114663
0.00114631
0.00114607
0.00114607
0.00114612
0.00114597
0.00114567
0.00114535
0.00114507
0.00114486
0.00114473
0.00114469
0.00114466
0.00114458
0.00114441
0.00114417
0.00114387
0.00114355
0.00114323
0.00114294
0.00114268
0.00114245
0.00114231
0.0011424
0.00114284
0.00114355
0.00114407
0.00114409
0.00114379
0.00114352
0.00114337
0.0011432
0.00114295
0.00114266
0.00114239
0.00114223
0.00114229
0.0011425
0.00114269
0.00114271
0.00114254
0.00114227
0.00114194
0.0011417
0.00114163
0.00114169
0.00114165
0.00114141
0.00114109
0.00114079
0.00114051
0.00114021
0.00113991
0.00113961
0.00113931
0.00113899
0.0011387
0.0011385
0.00113832
0.00113811
0.00113785
0.00113758
0.0011373
0.00113702
0.00113673
0.00113644
0.00113613
0.00113582
0.00113551
0.00113531
0.00113529
0.00113536
0.00113528
0.00113501
0.00113471
0.00113454
0.0011345
0.0011344
0.00113411
0.00113382
0.00113366
0.00113356
0.00113336
0.00113305
0.00113279
0.00113262
0.0011324
0.00113211
0.00113179
0.00113148
0.00113117
0.00113086
0.00113055
0.00113025
0.00112996
0.0011297
0.00112943
0.00112912
0.00112881
0.00112852
0.00112827
0.00112802
0.00112771
0.00112743
0.0011273
0.00112729
0.00112724
0.00112705
0.00112676
0.00112645
0.00112615
0.00112586
0.0011256
0.00112536
0.00112507
0.00112478
0.00112459
0.00112442
0.00112415
0.00112386
0.00112379
0.00112402
0.00112421
0.00112404
0.00112376
0.001124
0.00112506
0.0011263
0.00112684
0.00112666
0.00112641
0.00112654
0.00112685
0.00112694
0.00112675
0.00112644
0.00112617
0.0011259
0.0011256
0.00112533
0.00112527
0.00112536
0.00112533
0.00112507
0.00112478
0.00112461
0.00112454
0.0011245
0.00112442
0.00112431
0.00112422
0.00112415
0.001124
0.00112371
0.00112343
0.00112324
0.00112307
0.00112279
0.00112249
0.00112223
0.00112195
0.00112164
0.00112135
0.00112106
0.00112077
0.00112046
0.00112017
0.00111989
0.00111961
0.00111933
0.00111903
0.00111874
0.00111854
0.00111844
0.00111837
0.00111824
0.00111799
0.00111769
0.00111741
0.00111717
0.00111695
0.00111675
0.00111664
0.00111665
0.00111681
0.00111696
0.00111684
0.00111654
0.00111632
0.00111623
0.00111612
0.00111589
0.00111559
0.00111531
0.00111504
0.00111474
0.00111446
0.00111417
0.00111387
0.00111363
0.00111344
0.00111322
0.00111293
0.0011127
0.00111286
0.00111361
0.00111451
0.00111493
0.00111478
0.00111448
0.00111431
0.0011142
0.00111412
0.00111412
0.00111413
0.00111405
0.00111384
0.00111355
0.00111326
0.00111297
0.00111273
0.00111256
0.00111241
0.00111215
0.00111186
0.00111173
0.00111178
0.0011118
0.00111163
0.00111134
0.00111107
0.00111084
0.00111065
0.00111049
0.00111036
0.00111021
0.00110998
0.0011097
0.00110941
0.00110914
0.0011089
0.00110865
0.00110838
0.00110811
0.00110782
0.00110752
0.00110724
0.00110698
0.00110674
0.0011065
0.00110629
0.00110615
0.00110607
0.00110596
0.00110576
0.00110549
0.0011052
0.00110491
0.00110462
0.00110435
0.00110418
0.0011041
0.0011039
0.00110361
0.00110359
0.00110402
0.0011046
0.00110488
0.00110474
0.00110445
0.00110432
0.00110443
0.00110472
0.00110517
0.00110584
0.00110673
0.00110751
0.00110784
0.00110769
0.0011074
0.00110723
0.00110718
0.00110714
0.00110709
0.00110706
0.00110713
0.0011073
0.00110741
0.00110725
0.00110697
0.00110688
0.00110685
0.00110667
0.00110642
0.00110617
0.00110597
0.0011058
0.00110561
0.00110534
0.00110505
0.00110482
0.00110464
0.00110449
0.0011043
0.00110404
0.00110375
0.00110348
0.00110329
0.00110329
0.00110337
0.00110326
0.00110297
0.00110278
0.00110282
0.00110309
0.00110352
0.00110398
0.0011043
0.00110437
0.00110424
0.001104
0.00110373
0.00110344
0.00110318
0.00110309
0.00110339
0.00110406
0.00110471
0.00110494
0.0011048
0.00110453
0.00110424
0.00110396
0.00110367
0.0011034
0.00110321
0.0011031
0.00110294
0.00110268
0.0011024
0.00110221
0.00110214
0.00110207
0.0011019
0.00110164
0.00110136
0.00110109
0.00110082
0.00110054
0.00110026
0.00110003
0.00109986
0.00109969
0.00109946
0.0010992
0.00109892
0.00109864
0.00109835
0.00109807
0.00109779
0.00109751
0.00109722
0.00109694
0.00109668
0.00109646
0.00109635
0.00109634
0.00109638
0.00109632
0.00109615
0.0010959
0.00109562
0.00109535
0.0010951
0.00109488
0.00109463
0.00109437
0.00109409
0.00109382
0.00109356
0.00109337
0.00109331
0.00109334
0.00109336
0.00109328
0.00109308
0.0010928
0.00109254
0.0010923
0.00109208
0.00109191
0.00109186
0.00109197
0.00109216
0.00109224
0.0010921
0.00109183
0.00109156
0.00109132
0.00109106
0.00109078
0.00109051
0.00109025
0.00109002
0.0010898
0.00108953
0.00108925
0.00108898
0.0010887
0.00108846
0.00108829
0.00108821
0.00108817
0.00108807
0.00108788
0.00108764
0.00108737
0.0010871
0.00108682
0.00108655
0.00108628
0.001086
0.00108575
0.00108559
0.00108553
0.00108553
0.00108559
0.00108568
0.0010858
0.00108592
0.00108601
0.00108596
0.00108574
0.00108547
0.0010852
0.00108493
0.00108466
0.00108439
0.00108412
0.00108393
0.00108391
0.00108406
0.00108429
0.00108447
0.00108447
0.00108427
0.00108399
0.00108377
0.00108354
0.00108326
0.00108302
0.00108284
0.00108264
0.00108239
0.00108212
0.00108198
0.001082
0.00108204
0.00108196
0.00108178
0.00108157
0.00108139
0.00108126
0.00108118
0.00108106
0.00108083
0.00108056
0.00108029
0.00108002
0.0010798
0.00107958
0.00107934
0.00107908
0.00107881
0.00107862
0.00107866
0.001079
0.00107943
0.00107973
0.00107984
0.00107978
0.00107961
0.00107936
0.00107909
0.00107883
0.00107861
0.0010785
0.00107863
0.00107893
0.00107914
0.0010791
0.0010789
0.00107863
0.00107837
0.00107811
0.00107788
0.00107768
0.00107754
0.00107748
0.0010775
0.00107759
0.00107761
0.00107748
0.00107723
0.00107698
0.00107681
0.00107676
0.00107685
0.00107701
0.00107711
0.00107708
0.00107691
0.00107665
0.00107639
0.00107614
0.00107588
0.00107562
0.00107537
0.00107515
0.00107491
0.00107465
0.0010744
0.00107414
0.00107389
0.00107363
0.00107337
0.00107311
0.00107285
0.00107259
0.00107233
0.00107213
0.001072
0.00107184
0.00107159
0.00107138
0.00107153
0.00107226
0.00107334
0.00107421
0.00107456
0.0010745
0.00107428
0.00107401
0.00107378
0.00107361
0.00107347
0.00107332
0.00107317
0.00107308
0.00107312
0.00107333
0.00107357
0.00107365
0.00107349
0.00107322
0.00107306
0.00107302
0.00107299
0.00107292
0.00107279
0.00107258
0.00107232
0.00107209
0.0010719
0.00107169
0.00107143
0.00107119
0.00107107
0.00107107
0.00107104
0.00107088
0.00107063
0.00107037
0.00107011
0.00106985
0.00106959
0.00106933
0.00106907
0.00106882
0.00106868
0.00106868
0.00106865
0.00106842
0.00106821
0.00106827
0.00106851
0.00106863
0.00106845
0.0010682
0.0010681
0.00106805
0.00106791
0.00106769
0.00106744
0.00106718
0.00106693
0.00106675
0.0010667
0.00106675
0.00106671
0.00106651
0.00106626
0.00106614
0.00106616
0.00106614
0.00106596
0.0010657
0.00106556
0.00106562
0.00106569
0.00106556
0.00106531
0.00106515
0.00106514
0.00106502
0.00106477
0.00106458
0.00106448
0.00106431
0.00106405
0.00106392
0.00106398
0.0010641
0.00106414
0.00106413
0.00106407
0.00106393
0.0010637
0.00106347
0.00106346
0.00106376
0.0010642
0.00106452
0.00106453
0.00106431
0.00106408
0.001064
0.001064
0.00106389
0.00106365
0.0010634
0.00106317
0.00106298
0.00106281
0.00106259
0.00106233
0.0010621
0.00106188
0.00106167
0.00106146
0.00106126
0.00106106
0.00106085
0.00106063
0.00106039
0.00106015
0.0010599
0.00105966
0.00105953
0.00105938
0.00105913
0.00105896
0.00105891
0.00105875
0.0010585
0.00105827
0.0010581
0.00105799
0.00105792
0.00105785
0.00105783
0.00105783
0.00105769
0.00105744
0.00105724
0.00105706
0.00105682
0.00105659
0.00105646
0.0010564
0.00105626
0.00105601
0.00105581
0.00105574
0.00105568
0.00105549
0.00105524
0.00105508
0.0010551
0.00105525
0.00105527
0.00105504
0.00105487
0.00105491
0.00105486
0.00105461
0.00105468
0.00105555
0.00105684
0.00105754
0.00105742
0.00105727
0.0010576
0.00105809
0.00105835
0.00105833
0.00105815
0.00105791
0.00105766
0.00105742
0.0010572
0.00105702
0.00105687
0.00105668
0.00105643
0.0010562
0.001056
0.00105578
0.00105553
0.0010553
0.00105506
0.00105481
0.00105459
0.00105441
0.00105425
0.00105406
0.00105382
0.00105357
0.00105338
0.00105329
0.00105328
0.00105321
0.001053
0.00105275
0.00105251
0.00105226
0.00105203
0.0010518
0.00105155
0.00105131
0.00105111
0.001051
0.001051
0.00105099
0.00105082
0.00105058
0.00105043
0.00105032
0.00105012
0.00104988
0.00104972
0.00104963
0.00104951
0.00104931
0.00104907
0.00104883
0.0010486
0.00104842
0.00104831
0.00104818
0.00104797
0.00104773
0.00104755
0.00104733
0.00104709
0.00104685
0.00104661
0.00104637
0.00104617
0.00104611
0.00104628
0.00104667
0.00104703
0.00104705
0.0010468
0.00104675
0.00104703
0.00104736
0.00104749
0.00104736
0.00104713
0.00104689
0.00104668
0.00104645
0.00104621
0.00104601
0.00104585
0.00104566
0.00104541
0.00104525
0.00104533
0.00104555
0.00104563
0.00104547
0.00104522
0.00104501
0.00104479
0.00104457
0.00104434
0.00104411
0.00104391
0.00104378
0.00104369
0.00104358
0.00104344
0.00104328
0.00104312
0.00104295
0.00104275
0.00104251
0.00104231
0.00104227
0.00104236
0.00104243
0.00104237
0.00104219
0.00104195
0.00104173
0.00104162
0.00104165
0.00104169
0.00104162
0.0010414
0.00104119
0.00104116
0.00104125
0.00104126
0.00104111
0.00104089
0.00104065
0.00104042
0.00104018
0.00103994
0.00103971
0.00103949
0.0010393
0.00103911
0.0010389
0.00103867
0.00103843
0.00103819
0.00103796
0.00103773
0.00103753
0.00103739
0.00103727
0.00103714
0.00103697
0.0010368
0.00103662
0.0010364
0.00103617
0.00103603
0.00103615
0.0010366
0.00103718
0.0010376
0.00103771
0.00103758
0.00103735
0.00103712
0.00103689
0.00103667
0.00103644
0.00103621
0.00103597
0.00103576
0.00103582
0.00103633
0.00103703
0.00103745
0.00103744
0.0010372
0.00103708
0.00103725
0.00103763
0.00103795
0.001038
0.00103781
0.00103758
0.00103742
0.00103728
0.0010371
0.00103688
0.00103665
0.00103642
0.00103621
0.00103603
0.00103585
0.00103565
0.00103543
0.0010352
0.00103497
0.00103474
0.00103451
0.00103428
0.00103405
0.00103383
0.00103361
0.00103339
0.00103317
0.00103296
0.00103281
0.00103272
0.00103265
0.00103249
0.00103225
0.00103207
0.001032
0.00103196
0.00103184
0.00103162
0.0010314
0.00103125
0.00103119
0.00103115
0.00103103
0.00103082
0.00103059
0.00103036
0.00103014
0.00102997
0.00102987
0.00102983
0.00102969
0.00102948
0.00102975
0.00103085
0.00103236
0.00103357
0.00103405
0.00103393
0.00103373
0.00103381
0.00103412
0.00103443
0.00103458
0.00103452
0.00103434
0.00103411
0.00103388
0.00103365
0.00103342
0.00103319
0.00103299
0.00103282
0.0010326
0.00103241
0.00103245
0.00103261
0.00103262
0.00103248
0.00103226
0.00103203
0.0010318
0.00103158
0.00103141
0.00103147
0.00103186
0.00103234
0.00103254
0.00103239
0.00103217
0.00103198
0.00103179
0.00103158
0.00103135
0.00103112
0.00103089
0.00103067
0.00103044
0.00103023
0.00103007
0.00102993
0.00102976
0.00102955
0.00102932
0.0010291
0.00102889
0.00102867
0.00102845
0.00102823
0.00102802
0.00102787
0.00102782
0.00102779
0.00102767
0.00102749
0.0010273
0.00102709
0.00102687
0.00102664
0.00102643
0.00102627
0.00102622
0.00102631
0.00102647
0.00102646
0.00102626
0.00102607
0.00102598
0.00102588
0.0010257
0.00102548
0.00102525
0.00102503
0.0010248
0.00102458
0.00102435
0.00102413
0.00102391
0.00102368
0.00102346
0.00102327
0.00102308
0.00102287
0.00102265
0.00102245
0.00102234
0.00102225
0.00102205
0.00102186
0.00102183
0.00102186
0.00102181
0.00102164
0.00102141
0.00102124
0.00102118
0.00102113
0.00102101
0.00102083
0.00102061
0.0010204
0.00102027
0.0010202
0.00102009
0.00101989
0.00101968
0.0010195
0.00101928
0.00101908
0.001019
0.00101899
0.00101893
0.00101877
0.00101855
0.00101834
0.00101816
0.001018
0.00101783
0.0010177
0.00101764
0.00101765
0.0010176
0.00101742
0.0010172
0.00101702
0.00101685
0.00101665
0.00101643
0.00101624
0.00101612
0.00101596
0.00101574
0.00101559
0.00101561
0.00101566
0.00101562
0.00101544
0.00101522
0.00101507
0.001015
0.00101495
0.00101487
0.00101477
0.00101464
0.00101447
0.00101425
0.00101404
0.00101387
0.00101373
0.00101357
0.00101339
0.00101323
0.00101314
0.00101309
0.00101298
0.00101276
0.00101257
0.00101244
0.00101234
0.00101226
0.00101223
0.00101228
0.00101233
0.00101226
0.00101207
0.00101185
0.00101165
0.00101147
0.00101132
0.00101135
0.00101177
0.00101253
0.00101317
0.00101331
0.00101311
0.00101297
0.00101307
0.00101339
0.00101387
0.00101437
0.00101474
0.00101491
0.00101488
0.00101471
0.00101449
0.0010143
0.00101417
0.00101405
0.00101394
0.00101385
0.0010138
0.0010138
0.00101379
0.00101371
0.00101353
0.00101332
0.00101311
0.00101296
0.00101286
0.00101275
0.00101259
0.00101238
0.00101216
0.00101195
0.00101173
0.00101154
0.00101138
0.00101123
0.00101107
0.00101086
0.00101064
0.00101043
0.00101022
0.00101007
0.00100998
0.00100984
0.00100963
0.00100953
0.00100963
0.00100969
0.00100959
0.0010094
0.00100918
0.00100897
0.00100875
0.00100854
0.00100835
0.00100817
0.00100798
0.00100777
0.00100761
0.00100754
0.00100744
0.00100724
0.00100703
0.00100683
0.00100662
0.00100641
0.00100626
0.00100623
0.00100635
0.00100659
0.00100686
0.00100705
0.00100708
0.00100693
0.00100672
0.00100664
0.00100667
0.00100667
0.00100658
0.00100643
0.00100627
0.00100619
0.00100625
0.00100645
0.00100662
0.0010066
0.00100641
0.00100621
0.00100605
0.00100586
0.00100565
0.00100544
0.00100524
0.00100505
0.00100489
0.00100477
0.00100467
0.00100452
0.00100432
0.00100411
0.00100395
0.00100386
0.00100383
0.00100383
0.00100377
0.00100358
0.00100338
0.00100321
0.00100303
0.00100287
0.00100271
0.00100255
0.00100237
0.00100218
0.00100197
0.00100179
0.00100169
0.00100163
0.00100156
0.00100148
0.0010014
0.00100132
0.0010012
0.00100101
0.00100081
0.00100067
0.00100061
0.00100055
0.00100048
0.00100045
0.00100045
0.00100038
0.0010002
0.00099999
0.000999782
0.000999577
0.000999389
0.000999186
0.000998995
0.00099893
0.000998986
0.000999029
0.000998971
0.000998819
0.000998618
0.00099841
0.000998211
0.000998007
0.000997798
0.000997591
0.000997384
0.000997176
0.000996989
0.00099687
0.000996832
0.000996805
0.000996704
0.000996519
0.000996318
0.000996235
0.000996377
0.000996723
0.000997097
0.000997217
0.00099704
0.000996903
0.000997013
0.000997227
0.000997318
0.000997213
0.000997016
0.00099681
0.00099662
0.000996481
0.000996412
0.000996443
0.00099654
0.000996563
0.000996431
0.000996225
0.000996146
0.000996303
0.000996514
0.000996565
0.000996427
0.00099622
0.000996068
0.000995958
0.000995815
0.000995627
0.000995423
0.000995216
0.00099501
0.000994809
0.000994631
0.00099448
0.000994318
0.000994127
0.000993929
0.000993735
0.000993531
0.000993343
0.000993236
0.000993217
0.00099326
0.000993328
0.000993359
0.00099328
0.000993087
0.000992923
0.000992905
0.000992864
0.000992682
0.000992486
0.000992321
0.000992166
0.000992002
0.000991809
0.000991612
0.000991509
0.00099151
0.000991477
0.000991323
0.000991119
0.00099093
0.000990737
0.000990536
0.000990414
0.000990454
0.000990668
0.000990958
0.000991075
0.000990912
0.000990782
0.000991013
0.000991478
0.000991833
0.000991919
0.0009918
0.000991604
0.0009914
0.0009912
0.000991025
0.000990875
0.000990712
0.00099051
0.000990381
0.000990535
0.00099089
0.000991123
0.00099111
0.00099095
0.000990747
0.000990554
0.000990378
0.00099021
0.00099004
0.000989853
0.00098965
0.000989465
0.000989277
0.000989076
0.000988922
0.00098882
0.000988726
0.000988594
0.00098841
0.000988214
0.000988129
0.00098824
0.000988376
0.000988286
0.000988087
0.000988033
0.000988215
0.000988571
0.00098885
0.000988857
0.00098867
0.000988506
0.000988414
0.000988255
0.000988061
0.000987966
0.000987941
0.00098787
0.000987699
0.000987505
0.000987393
0.000987309
0.000987157
0.000986963
0.000986762
0.000986565
0.000986427
0.000986457
0.000986584
0.000986569
0.000986373
0.000986357
0.000986917
0.000987888
0.000988705
0.000989038
0.000988989
0.000988799
0.000988607
0.000988461
0.000988398
0.000988442
0.000988577
0.000988738
0.000988867
0.000988979
0.000989138
0.000989325
0.000989401
0.000989289
0.000989089
0.000989013
0.000989216
0.000989697
0.000990334
0.000990954
0.000991362
0.000991465
0.00099135
0.000991152
0.000990992
0.000990987
0.000991176
0.000991492
0.000991829
0.000992026
0.000991941
0.000991747
0.00099174
0.000991864
0.000991877
0.000991729
0.000991529
0.000991346
0.000991151
0.000990972
0.000990893
0.000990847
0.000990691
0.000990517
0.000990612
0.000990958
0.000991175
0.000991084
0.000990887
0.000990811
0.000990845
0.000990824
0.000990678
0.000990481
0.000990284
0.000990085
0.000989895
0.000989714
0.00098953
0.00098934
0.000989142
0.000988976
0.000988894
0.000988883
0.000988929
0.000989002
0.000989006
0.000988888
0.000988701
0.000988503
