10000
5000
-6.50643
-6.5041
-6.51097
-6.52276
-6.53531
-6.54992
-6.56798
-6.58826
-6.60719
-6.62009
-6.62477
-6.62233
-6.61608
-6.60911
-6.6037
-6.60126
-6.60154
-6.60331
-6.60507
-6.6056
-6.60437
-6.60176
-6.5986
-6.59612
-6.59528
-6.59628
-6.59876
-6.60218
-6.60573
-6.60847
-6.60934
-6.60793
-6.60466
-6.60092
-6.59853
-6.59814
-6.59904
-6.59993
-6.60009
-6.59947
-6.59851
-6.59792
-6.59789
-6.5982
-6.59852
-6.59888
-6.59945
-6.60024
-6.60092
-6.60148
-6.60195
-6.60228
-6.60223
-6.6017
-6.60103
-6.60052
-6.6
-6.59911
-6.59773
-6.59619
-6.59508
-6.59462
-6.59469
-6.595
-6.59547
-6.5959
-6.59621
-6.59663
-6.59747
-6.59892
-6.60072
-6.60224
-6.60299
-6.6029
-6.6023
-6.60152
-6.60078
-6.60019
-6.59986
-6.59986
-6.60006
-6.60041
-6.60094
-6.60177
-6.60289
-6.6042
-6.60539
-6.60599
-6.60572
-6.60465
-6.60324
-6.60198
-6.601
-6.60015
-6.59918
-6.59798
-6.59658
-6.59523
-6.59436
-6.59433
-6.59509
-6.59622
-6.59721
-6.59777
-6.59791
-6.59793
-6.59812
-6.59853
-6.59903
-6.59944
-6.59964
-6.59962
-6.59951
-6.59944
-6.59948
-6.5996
-6.59972
-6.59966
-6.59937
-6.59882
-6.59808
-6.59732
-6.59678
-6.59666
-6.59699
-6.59765
-6.59851
-6.5994
-6.60019
-6.60082
-6.60135
-6.60173
-6.60191
-6.60196
-6.60193
-6.60177
-6.60138
-6.60069
-6.5998
-6.59894
-6.59833
-6.59805
-6.59809
-6.59836
-6.59869
-6.59895
-6.59915
-6.59929
-6.59938
-6.59939
-6.5993
-6.59922
-6.59924
-6.59935
-6.59953
-6.59979
-6.60013
-6.60052
-6.60077
-6.60071
-6.60026
-6.59949
-6.59861
-6.59792
-6.5976
-6.59768
-6.59819
-6.59907
-6.6001
-6.601
-6.60157
-6.60178
-6.6017
-6.60146
-6.60115
-6.60082
-6.60052
-6.60031
-6.60012
-6.59985
-6.59953
-6.5993
-6.59932
-6.59961
-6.60006
-6.60047
-6.60078
-6.60097
-6.60115
-6.60135
-6.60151
-6.60152
-6.60131
-6.60088
-6.60043
-6.60012
-6.60002
-6.60011
-6.60032
-6.60057
-6.60077
-6.60085
-6.60078
-6.60055
-6.60025
-6.59998
-6.59981
-6.59976
-6.59978
-6.59979
-6.59979
-6.59974
-6.59965
-6.59945
-6.59912
-6.5987
-6.59835
-6.59819
-6.59825
-6.59847
-6.59881
-6.59917
-6.59944
-6.59956
-6.59957
-6.59962
-6.5998
-6.60011
-6.60053
-6.60102
-6.60151
-6.60189
-6.60202
-6.60178
-6.60118
-6.60042
-6.59975
-6.59932
-6.59915
-6.59918
-6.59928
-6.59934
-6.59934
-6.59931
-6.59924
-6.59912
-6.59889
-6.59856
-6.59815
-6.59771
-6.59732
-6.5971
-6.59714
-6.59746
-6.59799
-6.5986
-6.59919
-6.59966
-6.59994
-6.60007
-6.6001
-6.60008
-6.60003
-6.59998
-6.59992
-6.59984
-6.59971
-6.59952
-6.59935
-6.59926
-6.59928
-6.59936
-6.59941
-6.59938
-6.59926
-6.59908
-6.59888
-6.59875
-6.59874
-6.59888
-6.5991
-6.5993
-6.59942
-6.59944
-6.59934
-6.59913
-6.59887
-6.5987
-6.59868
-6.59878
-6.59894
-6.59913
-6.59931
-6.59948
-6.59961
-6.59972
-6.59984
-6.59993
-6.60001
-6.60015
-6.60037
-6.60059
-6.60073
-6.6007
-6.60046
-6.60005
-6.59959
-6.59925
-6.5991
-6.5991
-6.59917
-6.59926
-6.59932
-6.59935
-6.59936
-6.59937
-6.59935
-6.5993
-6.59924
-6.59917
-6.59908
-6.59899
-6.59895
-6.59902
-6.59922
-6.59952
-6.59985
-6.60013
-6.60029
-6.60024
-6.60006
-6.59986
-6.59969
-6.59954
-6.59942
-6.59932
-6.59926
-6.5992
-6.59916
-6.59911
-6.59904
-6.59893
-6.5988
-6.59867
-6.59854
-6.59843
-6.59839
-6.59843
-6.59856
-6.59869
-6.59874
-6.59871
-6.59863
-6.59854
-6.59849
-6.59852
-6.59868
-6.59895
-6.59925
-6.5995
-6.59967
-6.59977
-6.59982
-6.59982
-6.59979
-6.59978
-6.59982
-6.59989
-6.59991
-6.59981
-6.59961
-6.59935
-6.59909
-6.59887
-6.59871
-6.59859
-6.59853
-6.59852
-6.59856
-6.59864
-6.59872
-6.59875
-6.59869
-6.59855
-6.5984
-6.59833
-6.59839
-6.59854
-6.59867
-6.59877
-6.59887
-6.59899
-6.59913
-6.59926
-6.5993
-6.59922
-6.59904
-6.59883
-6.59864
-6.5985
-6.5984
-6.5984
-6.5985
-6.59865
-6.59878
-6.59882
-6.59875
-6.59859
-6.59843
-6.59836
-6.59846
-6.59873
-6.59908
-6.59937
-6.59948
-6.59943
-6.59925
-6.59907
-6.59894
-6.59889
-6.59892
-6.59894
-6.5989
-6.59876
-6.59858
-6.59839
-6.59823
-6.59809
-6.59791
-6.59767
-6.59742
-6.59726
-6.59726
-6.59742
-6.59769
-6.59794
-6.59808
-6.59807
-6.598
-6.59798
-6.59809
-6.59832
-6.59859
-6.59882
-6.59891
-6.59884
-6.5987
-6.59861
-6.59865
-6.59877
-6.59889
-6.59891
-6.59883
-6.59869
-6.59855
-6.59845
-6.59845
-6.59854
-6.59868
-6.59884
-6.59896
-6.59904
-6.59906
-6.59903
-6.59896
-6.59887
-6.59872
-6.59851
-6.59829
-6.59809
-6.59795
-6.59789
-6.59789
-6.59795
-6.59805
-6.59816
-6.59825
-6.59827
-6.59822
-6.59814
-6.59809
-6.59814
-6.59827
-6.59839
-6.59845
-6.59839
-6.59826
-6.59815
-6.59813
-6.59824
-6.59843
-6.59868
-6.59892
-6.59913
-6.59929
-6.59939
-6.5994
-6.59932
-6.59918
-6.59901
-6.59881
-6.59857
-6.59831
-6.59809
-6.59792
-6.59781
-6.59771
-6.59763
-6.59756
-6.5975
-6.59744
-6.59737
-6.59732
-6.59728
-6.59724
-6.59722
-6.59723
-6.59727
-6.59734
-6.5974
-6.59746
-6.59753
-6.59761
-6.59767
-6.59769
-6.59771
-6.59774
-6.5978
-6.59789
-6.59798
-6.59806
-6.59812
-6.59812
-6.59804
-6.59785
-6.59759
-6.59729
-6.59701
-6.59681
-6.59672
-6.59674
-6.59685
-6.59697
-6.59702
-6.597
-6.59693
-6.59689
-6.59693
-6.5971
-6.59735
-6.59764
-6.59785
-6.59798
-6.59802
-6.59801
-6.598
-6.59798
-6.59794
-6.59788
-6.5978
-6.59772
-6.59763
-6.59755
-6.59751
-6.59753
-6.59757
-6.59759
-6.59761
-6.59764
-6.59766
-6.59766
-6.5976
-6.59752
-6.59748
-6.59752
-6.59762
-6.59775
-6.59785
-6.5979
-6.59793
-6.59799
-6.5981
-6.59824
-6.59836
-6.59839
-6.59832
-6.59819
-6.59804
-6.5979
-6.59778
-6.59766
-6.59755
-6.59748
-6.59747
-6.59752
-6.59758
-6.59762
-6.59759
-6.59751
-6.59745
-6.59747
-6.59758
-6.5977
-6.59774
-6.59766
-6.59747
-6.59725
-6.59707
-6.59698
-6.59702
-6.59717
-6.59739
-6.59762
-6.59785
-6.59804
-6.59819
-6.59826
-6.59824
-6.59813
-6.59793
-6.59772
-6.59757
-6.59752
-6.59758
-6.59769
-6.59777
-6.59778
-6.5977
-6.59756
-6.59747
-6.59748
-6.59758
-6.59771
-6.59781
-6.59787
-6.5979
-6.59792
-6.59794
-6.59798
-6.59808
-6.59821
-6.59834
-6.59843
-6.59845
-6.59841
-6.59834
-6.59825
-6.59819
-6.59816
-6.59817
-6.59821
-6.59825
-6.59828
-6.5983
-6.59829
-6.59829
-6.59831
-6.59835
-6.5984
-6.59843
-6.5984
-6.5983
-6.59817
-6.59806
-6.598
-6.59799
-6.59801
-6.59801
-6.59794
-6.59779
-6.59761
-6.59745
-6.59733
-6.59726
-6.59727
-6.59735
-6.59747
-6.59762
-6.5978
-6.598
-6.59819
-6.59833
-6.5984
-6.59838
-6.59829
-6.59816
-6.598
-6.59785
-6.59774
-6.59767
-6.59762
-6.59759
-6.59759
-6.59764
-6.59772
-6.59779
-6.59779
-6.59772
-6.59759
-6.59745
-6.59736
-6.59733
-6.59737
-6.59746
-6.59758
-6.5977
-6.59779
-6.59787
-6.59796
-6.59806
-6.59815
-6.59816
-6.59808
-6.59793
-6.59779
-6.59775
-6.59782
-6.59801
-6.59822
-6.59839
-6.59847
-6.59848
-6.59846
-6.59846
-6.59851
-6.59857
-6.5986
-6.59853
-6.59837
-6.59815
-6.59792
-6.59775
-6.59769
-6.5977
-6.59773
-6.59775
-6.59774
-6.59773
-6.59773
-6.59778
-6.59789
-6.59803
-6.59816
-6.59828
-6.59836
-6.5984
-6.59839
-6.59835
-6.59828
-6.59816
-6.59801
-6.59784
-6.5977
-6.59764
-6.59768
-6.59782
-6.59801
-6.5982
-6.59833
-6.59836
-6.59831
-6.5982
-6.5981
-6.59803
-6.59802
-6.59808
-6.59819
-6.5983
-6.59834
-6.59828
-6.5982
-6.59817
-6.59819
-6.59824
-6.59828
-6.59829
-6.59829
-6.59828
-6.59826
-6.59824
-6.59818
-6.59811
-6.59805
-6.59803
-6.59806
-6.59813
-6.59821
-6.59828
-6.59831
-6.59832
-6.59831
-6.59831
-6.59833
-6.59835
-6.59837
-6.59838
-6.5984
-6.59843
-6.59847
-6.59851
-6.59854
-6.59856
-6.59861
-6.5987
-6.5988
-6.5989
-6.59896
-6.59898
-6.59895
-6.5989
-6.59886
-6.59887
-6.59892
-6.59898
-6.59904
-6.59909
-6.59913
-6.59916
-6.59918
-6.59916
-6.59911
-6.599
-6.59887
-6.59874
-6.59868
-6.59869
-6.59873
-6.59874
-6.59867
-6.59851
-6.59832
-6.59816
-6.59804
-6.59797
-6.59792
-6.59788
-6.59783
-6.59779
-6.59776
-6.59774
-6.59773
-6.59772
-6.59774
-6.59782
-6.59797
-6.59815
-6.59832
-6.59845
-6.59853
-6.59858
-6.5986
-6.59863
-6.59868
-6.59873
-6.59875
-6.59873
-6.59867
-6.59856
-6.59843
-6.59829
-6.59817
-6.59809
-6.59808
-6.59814
-6.59825
-6.59836
-6.59843
-6.59845
-6.5984
-6.59832
-6.59823
-6.59816
-6.5981
-6.59805
-6.59801
-6.59795
-6.59788
-6.59784
-6.59785
-6.59789
-6.59794
-6.59797
-6.59798
-6.59796
-6.59796
-6.59797
-6.598
-6.59806
-6.59813
-6.5982
-6.59829
-6.5984
-6.59851
-6.59859
-6.59865
-6.59869
-6.5987
-6.59872
-6.59874
-6.59878
-6.59881
-6.59883
-6.59881
-6.59875
-6.59861
-6.59842
-6.59823
-6.59812
-6.59813
-6.59824
-6.59839
-6.59852
-6.59857
-6.59856
-6.5985
-6.59844
-6.59839
-6.59837
-6.59839
-6.59845
-6.5985
-6.59854
-6.59858
-6.59864
-6.59871
-6.59874
-6.59873
-6.59867
-6.59861
-6.59852
-6.59844
-6.5984
-6.59842
-6.59849
-6.59858
-6.59867
-6.59877
-6.59887
-6.59897
-6.59906
-6.5991
-6.5991
-6.59906
-6.599
-6.59894
-6.59888
-6.59884
-6.59884
-6.59887
-6.59892
-6.59897
-6.59899
-6.599
-6.59901
-6.59906
-6.59915
-6.59924
-6.59928
-6.59925
-6.59913
-6.59897
-6.5988
-6.59865
-6.59854
-6.59846
-6.5984
-6.59838
-6.59842
-6.59852
-6.59865
-6.59876
-6.59883
-6.59887
-6.59889
-6.5989
-6.59891
-6.59892
-6.59895
-6.59901
-6.59908
-6.59914
-6.59916
-6.59912
-6.59905
-6.59897
-6.59892
-6.59893
-6.59901
-6.59913
-6.59924
-6.59927
-6.5992
-6.59906
-6.5989
-6.59878
-6.59872
-6.59872
-6.59874
-6.59874
-6.5987
-6.59865
-6.59859
-6.59855
-6.59855
-6.59857
-6.59859
-6.5986
-6.59862
-6.59866
-6.59875
-6.59891
-6.59911
-6.59932
-6.59949
-6.59957
-6.59955
-6.59945
-6.59932
-6.59919
-6.59908
-6.599
-6.59892
-6.59885
-6.59876
-6.59864
-6.59851
-6.5984
-6.59833
-6.59831
-6.59833
-6.59837
-6.59841
-6.59844
-6.59846
-6.5985
-6.59856
-6.59864
-6.5987
-6.59872
-6.59868
-6.59861
-6.59855
-6.59851
-6.59852
-6.59858
-6.59866
-6.59877
-6.59886
-6.59893
-6.59896
-6.59898
-6.59901
-6.59905
-6.59909
-6.59909
-6.59905
-6.59901
-6.59901
-6.59905
-6.59909
-6.59909
-6.59903
-6.59893
-6.59879
-6.59867
-6.59859
-6.59856
-6.59858
-6.59863
-6.59871
-6.59879
-6.59884
-6.59885
-6.59882
-6.59875
-6.59868
-6.59862
-6.5986
-6.59862
-6.59866
-6.59869
-6.59872
-6.59877
-6.59884
-6.59894
-6.59905
-6.59917
-6.59924
-6.59927
-6.59925
-6.5992
-6.59912
-6.59905
-6.59896
-6.59887
-6.59878
-6.59869
-6.59864
-6.59863
-6.59869
-6.59879
-6.59888
-6.59894
-6.59898
-6.59901
-6.59904
-6.59906
-6.59905
-6.59901
-6.59895
-6.5989
-6.59887
-6.59888
-6.59892
-6.599
-6.5991
-6.5992
-6.59927
-6.59929
-6.59926
-6.59918
-6.59907
-6.59895
-6.59886
-6.59881
-6.5988
-6.59882
-6.59884
-6.59887
-6.59889
-6.5989
-6.5989
-6.59889
-6.59887
-6.59886
-6.59884
-6.5988
-6.59875
-6.59871
-6.59867
-6.59862
-6.59857
-6.59854
-6.59856
-6.59864
-6.59875
-6.59886
-6.59893
-6.59898
-6.59903
-6.59907
-6.5991
-6.5991
-6.59907
-6.59904
-6.59901
-6.59895
-6.59886
-6.59875
-6.59865
-6.59855
-6.59849
-6.59846
-6.59849
-6.59856
-6.59865
-6.59879
-6.59894
-6.59908
-6.59919
-6.59928
-6.59936
-6.59944
-6.59952
-6.59958
-6.5996
-6.59956
-6.5995
-6.5994
-6.59927
-6.59914
-6.59905
-6.599
-6.59902
-6.59908
-6.59914
-6.5992
-6.59923
-6.59924
-6.59923
-6.59922
-6.59919
-6.59916
-6.59911
-6.59906
-6.59899
-6.5989
-6.59879
-6.59871
-6.59868
-6.59872
-6.59881
-6.59892
-6.59901
-6.59904
-6.59901
-6.59895
-6.59892
-6.59896
-6.59908
-6.59923
-6.59939
-6.59949
-6.59951
-6.59946
-6.59935
-6.59923
-6.59913
-6.59905
-6.59901
-6.59899
-6.59899
-6.59899
-6.599
-6.599
-6.59901
-6.59903
-6.59906
-6.59909
-6.59913
-6.59918
-6.59922
-6.59926
-6.59928
-6.59928
-6.59927
-6.59925
-6.59921
-6.59914
-6.59906
-6.59899
-6.59895
-6.59894
-6.59894
-6.59895
-6.59896
-6.59898
-6.599
-6.59901
-6.59902
-6.59902
-6.59903
-6.59904
-6.59905
-6.59904
-6.59903
-6.59901
-6.59899
-6.59897
-6.59896
-6.59896
-6.59894
-6.59889
-6.59883
-6.5988
-6.59881
-6.59887
-6.59894
-6.59902
-6.59908
-6.59915
-6.59923
-6.59929
-6.59931
-6.59929
-6.59923
-6.59915
-6.59908
-6.59902
-6.59898
-6.59895
-6.5989
-6.59885
-6.59881
-6.5988
-6.59884
-6.59892
-6.59901
-6.59908
-6.59915
-6.5992
-6.59925
-6.5993
-6.59935
-6.59939
-6.59943
-6.59942
-6.59938
-6.59931
-6.59922
-6.59915
-6.59908
-6.59902
-6.59896
-6.59891
-6.59889
-6.59891
-6.59896
-6.59903
-6.5991
-6.59917
-6.59923
-6.59927
-6.59929
-6.5993
-6.59929
-6.59926
-6.59922
-6.59916
-6.59909
-6.59904
-6.59901
-6.599
-6.59903
-6.59909
-6.5992
-6.59934
-6.59949
-6.59961
-6.59968
-6.59966
-6.59956
-6.5994
-6.59924
-6.59912
-6.59907
-6.59907
-6.59912
-6.59918
-6.59923
-6.59927
-6.59929
-6.5993
-6.59929
-6.59925
-6.5992
-6.59916
-6.59913
-6.5991
-6.59907
-6.59904
-6.59901
-6.59899
-6.599
-6.59903
-6.59907
-6.5991
-6.59914
-6.5992
-6.59929
-6.59939
-6.59947
-6.59952
-6.59957
-6.5996
-6.59961
-6.59959
-6.59955
-6.59948
-6.59941
-6.59933
-6.59925
-6.59918
-6.59915
-6.59915
-6.59919
-6.59926
-6.59932
-6.59935
-6.59936
-6.59935
-6.59934
-6.59934
-6.59936
-6.59939
-6.59941
-6.59942
-6.59942
-6.59941
-6.59939
-6.59938
-6.59937
-6.59937
-6.5994
-6.59943
-6.59948
-6.59953
-6.59957
-6.59959
-6.59961
-6.59962
-6.59964
-6.59965
-6.59964
-6.5996
-6.59955
-6.5995
-6.59947
-6.59947
-6.59951
-6.59956
-6.59959
-6.59959
-6.59954
-6.59946
-6.59937
-6.59928
-6.59922
-6.5992
-6.5992
-6.59922
-6.59924
-6.59926
-6.59927
-6.59929
-6.59931
-6.59934
-6.59939
-6.59947
-6.59957
-6.59968
-6.59976
-6.5998
-6.59977
-6.59972
-6.59966
-6.59962
-6.5996
-6.59962
-6.59967
-6.59974
-6.59981
-6.59985
-6.59985
-6.59982
-6.59977
-6.59972
-6.59966
-6.59962
-6.59957
-6.59953
-6.59949
-6.59943
-6.59936
-6.59929
-6.59926
-6.59926
-6.5993
-6.59934
-6.59937
-6.59939
-6.59943
-6.59949
-6.59958
-6.59968
-6.59978
-6.59987
-6.59992
-6.59991
-6.59983
-6.59972
-6.5996
-6.59948
-6.59939
-6.59932
-6.59929
-6.59929
-6.59931
-6.59935
-6.59938
-6.59941
-6.59942
-6.59943
-6.59943
-6.59943
-6.59941
-6.59937
-6.59934
-6.59934
-6.5994
-6.59949
-6.59959
-6.59966
-6.59968
-6.59966
-6.59962
-6.59959
-6.5996
-6.59962
-6.59962
-6.5996
-6.59954
-6.59948
-6.59943
-6.59939
-6.59936
-6.59933
-6.59932
-6.59934
-6.59939
-6.59946
-6.59954
-6.5996
-6.59965
-6.59966
-6.59964
-6.59961
-6.59957
-6.59955
-6.59957
-6.59962
-6.59969
-6.59976
-6.59981
-6.59982
-6.5998
-6.59976
-6.59973
-6.59971
-6.59971
-6.59973
-6.59975
-6.59975
-6.59974
-6.59972
-6.59968
-6.59965
-6.59961
-6.59957
-6.59952
-6.59947
-6.59944
-6.59945
-6.5995
-6.59956
-6.59959
-6.59958
-6.59955
-6.59954
-6.59956
-6.59961
-6.59966
-6.5997
-6.59971
-6.59968
-6.59965
-6.59961
-6.59959
-6.59957
-6.59955
-6.59953
-6.59952
-6.5995
-6.59949
-6.59948
-6.59947
-6.59948
-6.59948
-6.59946
-6.59942
-6.5994
-6.5994
-6.59944
-6.59951
-6.59961
-6.59971
-6.59977
-6.59979
-6.59977
-6.59972
-6.59966
-6.5996
-6.59954
-6.59948
-6.59945
-6.59945
-6.59946
-6.59949
-6.59951
-6.59952
-6.59952
-6.59952
-6.59954
-6.59958
-6.59963
-6.59968
-6.59971
-6.59972
-6.59972
-6.59971
-6.59971
-6.59973
-6.59977
-6.59983
-6.59989
-6.59992
-6.59991
-6.59984
-6.59974
-6.59966
-6.59961
-6.5996
-6.59962
-6.59964
-6.59965
-6.59965
-6.59964
-6.59965
-6.59968
-6.59972
-6.59977
-6.5998
-6.59982
-6.59981
-6.59977
-6.59971
-6.59964
-6.5996
-6.59958
-6.59956
-6.59954
-6.59953
-6.59953
-6.59955
-6.59959
-6.59966
-6.59974
-6.59982
-6.59988
-6.59992
-6.59993
-6.59991
-6.59989
-6.59987
-6.59986
-6.59985
-6.59984
-6.59983
-6.59982
-6.59979
-6.59976
-6.59973
-6.5997
-6.59967
-6.59965
-6.59966
-6.59967
-6.59969
-6.59971
-6.59971
-6.5997
-6.5997
-6.59971
-6.59972
-6.59973
-6.59974
-6.59976
-6.59978
-6.59978
-6.59977
-6.59974
-6.59968
-6.59959
-6.5995
-6.59942
-6.59936
-6.59931
-6.59928
-6.59925
-6.59925
-6.59926
-6.59928
-6.59933
-6.59941
-6.59949
-6.59959
-6.59968
-6.59976
-6.59982
-6.59985
-6.59984
-6.59979
-6.59971
-6.5996
-6.59947
-6.59933
-6.59921
-6.59914
-6.59911
-6.59914
-6.5992
-6.59926
-6.59932
-6.59937
-6.59943
-6.5995
-6.59955
-6.59958
-6.59961
-6.59963
-6.59963
-6.5996
-6.59951
-6.59939
-6.59926
-6.59916
-6.59911
-6.59911
-6.59915
-6.59923
-6.59931
-6.5994
-6.59948
-6.59953
-6.59953
-6.59951
-6.59948
-6.59946
-6.59945
-6.59945
-6.59944
-6.59939
-6.59934
-6.59928
-6.59924
-6.59921
-6.59918
-6.59915
-6.59915
-6.59918
-6.59926
-6.59935
-6.59945
-6.59953
-6.59956
-6.59954
-6.59947
-6.59939
-6.59931
-6.59926
-6.59925
-6.59925
-6.59926
-6.59926
-6.59926
-6.59926
-6.59926
-6.59927
-6.59929
-6.59933
-6.59938
-6.59943
-6.59948
-6.5995
-6.5995
-6.59946
-6.59939
-6.59931
-6.59927
-6.59928
-6.59932
-6.59939
-6.59946
-6.59952
-6.59956
-6.59959
-6.59959
-6.59956
-6.5995
-6.59942
-6.59932
-6.59924
-6.59919
-6.5992
-6.59926
-6.59934
-6.5994
-6.59944
-6.59944
-6.59941
-6.59937
-6.59931
-6.59926
-6.59923
-6.59923
-6.59926
-6.5993
-6.59936
-6.5994
-6.59941
-6.5994
-6.59936
-6.59932
-6.5993
-6.59928
-6.59927
-6.59927
-6.59927
-6.59927
-6.59926
-6.59927
-6.59929
-6.59934
-6.5994
-6.59946
-6.59952
-6.59957
-6.59957
-6.59953
-6.59945
-6.59936
-6.59928
-6.59923
-6.59922
-6.59925
-6.5993
-6.59934
-6.59937
-6.59937
-6.59934
-6.59931
-6.59928
-6.59927
-6.59927
-6.59929
-6.5993
-6.5993
-6.59927
-6.59922
-6.59915
-6.59909
-6.59905
-6.59905
-6.59908
-6.59912
-6.59916
-6.5992
-6.59923
-6.59926
-6.59929
-6.59932
-6.59936
-6.59939
-6.59942
-6.59943
-6.59943
-6.59943
-6.59943
-6.59945
-6.59946
-6.59944
-6.59941
-6.59937
-6.59935
-6.59935
-6.59935
-6.59935
-6.59937
-6.59938
-6.59939
-6.59939
-6.59939
-6.59939
-6.59941
-6.59943
-6.59945
-6.59946
-6.59945
-6.5994
-6.59933
-6.59927
-6.59924
-6.59925
-6.59929
-6.59935
-6.59942
-6.59949
-6.59955
-6.59959
-6.59959
-6.59957
-6.59954
-6.59952
-6.59949
-6.59945
-6.59941
-6.59936
-6.5993
-6.59926
-6.59924
-6.59926
-6.5993
-6.59936
-6.59943
-6.59949
-6.59953
-6.59954
-6.59953
-6.59949
-6.59944
-6.59939
-6.59935
-6.59933
-6.59932
-6.59933
-6.59935
-6.59936
-6.59937
-6.59936
-6.59936
-6.59934
-6.59934
-6.59936
-6.5994
-6.59945
-6.59949
-6.59953
-6.59955
-6.59956
-6.59955
-6.59954
-6.59954
-6.59953
-6.59954
-6.59957
-6.5996
-6.59964
-6.59965
-6.59965
-6.59961
-6.59956
-6.59949
-6.59945
-6.59945
-6.59947
-6.59951
-6.59953
-6.59955
-6.59954
-6.59953
-6.59952
-6.59953
-6.59955
-6.59959
-6.59962
-6.59963
-6.59961
-6.59956
-6.59952
-6.59951
-6.59953
-6.59957
-6.59959
-6.5996
-6.59958
-6.59954
-6.59951
-6.5995
-6.59951
-6.59954
-6.59956
-6.59956
-6.59953
-6.59949
-6.59946
-6.59945
-6.59946
-6.59947
-6.59948
-6.59947
-6.59946
-6.59946
-6.59947
-6.59948
-6.59949
-6.59948
-6.59945
-6.5994
-6.59934
-6.59929
-6.59927
-6.59927
-6.59929
-6.59932
-6.59935
-6.59938
-6.59942
-6.59945
-6.59947
-6.59947
-6.59945
-6.59944
-6.59945
-6.59946
-6.59949
-6.59951
-6.59954
-6.59957
-6.5996
-6.59961
-6.59961
-6.59962
-6.59962
-6.59963
-6.59963
-6.59962
-6.59959
-6.59953
-6.59944
-6.59934
-6.59926
-6.5992
-6.59917
-6.59915
-6.59914
-6.59912
-6.59912
-6.59913
-6.59914
-6.59917
-6.5992
-6.59924
-6.59927
-6.59929
-6.59928
-6.59926
-6.59924
-6.59924
-6.59927
-6.59932
-6.59939
-6.59944
-6.59949
-6.59951
-6.59952
-6.5995
-6.59946
-6.59942
-6.59938
-6.59937
-6.59937
-6.59938
-6.59941
-6.59945
-6.59948
-6.59951
-6.59953
-6.59954
-6.59954
-6.59954
-6.59953
-6.59951
-6.59947
-6.59941
-6.59935
-6.59932
-6.5993
-6.5993
-6.59931
-6.59933
-6.59934
-6.59934
-6.59934
-6.59932
-6.5993
-6.59928
-6.59927
-6.59926
-6.59924
-6.59922
-6.59921
-6.59921
-6.59922
-6.59926
-6.59929
-6.59932
-6.59932
-6.5993
-6.59926
-6.59924
-6.59924
-6.59929
-6.59937
-6.59947
-6.59957
-6.59965
-6.59969
-6.59968
-6.59963
-6.59958
-6.59954
-6.59951
-6.59949
-6.59947
-6.59944
-6.5994
-6.59936
-6.59931
-6.59926
-6.59923
-6.59921
-6.59922
-6.59924
-6.59926
-6.59928
-6.5993
-6.59932
-6.59934
-6.59936
-6.59937
-6.59938
-6.59937
-6.59937
-6.59937
-6.59937
-6.59939
-6.59943
-6.59948
-6.59952
-6.59953
-6.5995
-6.59945
-6.59938
-6.59934
-6.59932
-6.59933
-6.59934
-6.59936
-6.59938
-6.59938
-6.59936
-6.59933
-6.59932
-6.59932
-6.59935
-6.5994
-6.59944
-6.59949
-6.59953
-6.59956
-6.59958
-6.5996
-6.59962
-6.59964
-6.59966
-6.59967
-6.59967
-6.59964
-6.59959
-6.59953
-6.59948
-6.59946
-6.59946
-6.59947
-6.59948
-6.5995
-6.59952
-6.59953
-6.59953
-6.59952
-6.5995
-6.59949
-6.59948
-6.59948
-6.5995
-6.59952
-6.59956
-6.59961
-6.59965
-6.59968
-6.59969
-6.59968
-6.59966
-6.59965
-6.59966
-6.59967
-6.59967
-6.59965
-6.59962
-6.59958
-6.59955
-6.59954
-6.59955
-6.59956
-6.59958
-6.5996
-6.59961
-6.5996
-6.59957
-6.59954
-6.59952
-6.59952
-6.59953
-6.59956
-6.5996
-6.59965
-6.59968
-6.5997
-6.59972
-6.59973
-6.59974
-6.59975
-6.59976
-6.59976
-6.59976
-6.59976
-6.59975
-6.59974
-6.59973
-6.59973
-6.59972
-6.59971
-6.59969
-6.59964
-6.59957
-6.5995
-6.59943
-6.59938
-6.59935
-6.59932
-6.59932
-6.59933
-6.59935
-6.59936
-6.59937
-6.59939
-6.59941
-6.59944
-6.59948
-6.59952
-6.59955
-6.59956
-6.59956
-6.59955
-6.59954
-6.59954
-6.59954
-6.59953
-6.59953
-6.59954
-6.59955
-6.59955
-6.59955
-6.59953
-6.59949
-6.59945
-6.59941
-6.59939
-6.59938
-6.59938
-6.59939
-6.59941
-6.59942
-6.59941
-6.59938
-6.59935
-6.59932
-6.59932
-6.59933
-6.59936
-6.59938
-6.59941
-6.59944
-6.59944
-6.59944
-6.59944
-6.59945
-6.59947
-6.5995
-6.59953
-6.59955
-6.59957
-6.59959
-6.5996
-6.59962
-6.59963
-6.59965
-6.59966
-6.59966
-6.59965
-6.59963
-6.5996
-6.59957
-6.59953
-6.5995
-6.59947
-6.59944
-6.59942
-6.5994
-6.59938
-6.59935
-6.59931
-6.59928
-6.59926
-6.59928
-6.59931
-6.59935
-6.5994
-6.59945
-6.59949
-6.59952
-6.59954
-6.59956
-6.59958
-6.5996
-6.59959
-6.59956
-6.5995
-6.59944
-6.59938
-6.59934
-6.59932
-6.59931
-6.59931
-6.59932
-6.59934
-6.59938
-6.59943
-6.59947
-6.59951
-6.59953
-6.59954
-6.59955
-6.59957
-6.59959
-6.59961
-6.59962
-6.59961
-6.59958
-6.59954
-6.59951
-6.59948
-6.59946
-6.59945
-6.59945
-6.59946
-6.59948
-6.59951
-6.59955
-6.59959
-6.59963
-6.59966
-6.59969
-6.59969
-6.59968
-6.59965
-6.5996
-6.59953
-6.59947
-6.59943
-6.59939
-6.59938
-6.59938
-6.59938
-6.5994
-6.59943
-6.59948
-6.59954
-6.59961
-6.59969
-6.59977
-6.59983
-6.59985
-6.59982
-6.59975
-6.59965
-6.59956
-6.59949
-6.59945
-6.59943
-6.59942
-6.59942
-6.59942
-6.59942
-6.59941
-6.59942
-6.59944
-6.59949
-6.59956
-6.59964
-6.59972
-6.59977
-6.59978
-6.59976
-6.59973
-6.59971
-6.59971
-6.59971
-6.59971
-6.5997
-6.5997
-6.5997
-6.59971
-6.59973
-6.59975
-6.59977
-6.59977
-6.59975
-6.59971
-6.59966
-6.5996
-6.59954
-6.59949
-6.59943
-6.5994
-6.59937
-6.59937
-6.59938
-6.59942
-6.59946
-6.5995
-6.59955
-6.59959
-6.59962
-6.59964
-6.59966
-6.59968
-6.59968
-6.59967
-6.59965
-6.59963
-6.5996
-6.59958
-6.59957
-6.59957
-6.59959
-6.59962
-6.59965
-6.59966
-6.59965
-6.59962
-6.59959
-6.59957
-6.59957
-6.59957
-6.59957
-6.59958
-6.59958
-6.59958
-6.5996
-6.59961
-6.59961
-6.59959
-6.59955
-6.59951
-6.59949
-6.59949
-6.59951
-6.59952
-6.59951
-6.59949
-6.59946
-6.59945
-6.59944
-6.59944
-6.59945
-6.59945
-6.59946
-6.59947
-6.59949
-6.59949
-6.5995
-6.59951
-6.59951
-6.59949
-6.59946
-6.59943
-6.59941
-6.59941
-6.59941
-6.59941
-6.59939
-6.59938
-6.59937
-6.59936
-6.59937
-6.59938
-6.5994
-6.59943
-6.59947
-6.59952
-6.59957
-6.59962
-6.59965
-6.59964
-6.59962
-6.59959
-6.59958
-6.59958
-6.5996
-6.59963
-6.59965
-6.59966
-6.59966
-6.59964
-6.5996
-6.59956
-6.59952
-6.5995
-6.5995
-6.59951
-6.59951
-6.59951
-6.5995
-6.59949
-6.59948
-6.59946
-6.59943
-6.59939
-6.59936
-6.59935
-6.59936
-6.59939
-6.59942
-6.59944
-6.59946
-6.59947
-6.59947
-6.59947
-6.59947
-6.59948
-6.59949
-6.59951
-6.59952
-6.59953
-6.59953
-6.59952
-6.5995
-6.59947
-6.59944
-6.59941
-6.59936
-6.59932
-6.59929
-6.59927
-6.59927
-6.59928
-6.5993
-6.59933
-6.59937
-6.5994
-6.59943
-6.59946
-6.59947
-6.59948
-6.59948
-6.59948
-6.59948
-6.59947
-6.59947
-6.59947
-6.59946
-6.59945
-6.59943
-6.5994
-6.59937
-6.59935
-6.59933
-6.59932
-6.59931
-6.5993
-6.59929
-6.59929
-6.59928
-6.59929
-6.5993
-6.59933
-6.59934
-6.59934
-6.59933
-6.59933
-6.59936
-6.5994
-6.59943
-6.59944
-6.59943
-6.59941
-6.59939
-6.59938
-6.59937
-6.59936
-6.59935
-6.59934
-6.59933
-6.59932
-6.59931
-6.59931
-6.5993
-6.59928
-6.59927
-6.59926
-6.59926
-6.59928
-6.5993
-6.59932
-6.59934
-6.59937
-6.59938
-6.59939
-6.59939
-6.5994
-6.59943
-6.59946
-6.5995
-6.59953
-6.59954
-6.59954
-6.59952
-6.59949
-6.59947
-6.59946
-6.59947
-6.59947
-6.59947
-6.59944
-6.5994
-6.59935
-6.59931
-6.59927
-6.59924
-6.59924
-6.59925
-6.59927
-6.5993
-6.59934
-6.59939
-6.59943
-6.59947
-6.59948
-6.59949
-6.59948
-6.59946
-6.59944
-6.5994
-6.59936
-6.59934
-6.59933
-6.59934
-6.59938
-6.59942
-6.59945
-6.59946
-6.59945
-6.59942
-6.5994
-6.59939
-6.5994
-6.59944
-6.59949
-6.59954
-6.59957
-6.59958
-6.59955
-6.59951
-6.59946
-6.59944
-6.59945
-6.59948
-6.59951
-6.59953
-6.59954
-6.59952
-6.59951
-6.59951
-6.59951
-6.59954
-6.59957
-6.5996
-6.59963
-6.59964
-6.59964
-6.59963
-6.59962
-6.5996
-6.59957
-6.59954
-6.5995
-6.59945
-6.59942
-6.59943
-6.59947
-6.59953
-6.59959
-6.59963
-6.59966
-6.59966
-6.59965
-6.59962
-6.59958
-6.59955
-6.59952
-6.59951
-6.59951
-6.5995
-6.59951
-6.59952
-6.59954
-6.59956
-6.59957
-6.59956
-6.59954
-6.59951
-6.5995
-6.59951
-6.59954
-6.59959
-6.59963
-6.59966
-6.59966
-6.59964
-6.5996
-6.59954
-6.59949
-6.59944
-6.59942
-6.5994
-6.5994
-6.5994
-6.59942
-6.59944
-6.59947
-6.59949
-6.5995
-6.59949
-6.59945
-6.59941
-6.59937
-6.59934
-6.59933
-6.59933
-6.59933
-6.59934
-6.59935
-6.59938
-6.59943
-6.59951
-6.5996
-6.59967
-6.59972
-6.59974
-6.59973
-6.5997
-6.59966
-6.59963
-6.5996
-6.59957
-6.59954
-6.59952
-6.5995
-6.59948
-6.59948
-6.59948
-6.59948
-6.59948
-6.59948
-6.59947
-6.59945
-6.59943
-6.59942
-6.59941
-6.59941
-6.59942
-6.59943
-6.59945
-6.59947
-6.5995
-6.59954
-6.59957
-6.59959
-6.59958
-6.59956
-6.59953
-6.5995
-6.59949
-6.59948
-6.59949
-6.5995
-6.59952
-6.59955
-6.59957
-6.59958
-6.59957
-6.59955
-6.59952
-6.59949
-6.59947
-6.59945
-6.59942
-6.59938
-6.59934
-6.59931
-6.59928
-6.59928
-6.5993
-6.59936
-6.59944
-6.59952
-6.59959
-6.59962
-6.59963
-6.59962
-6.5996
-6.59958
-6.59956
-6.59954
-6.59952
-6.59948
-6.59942
-6.59935
-6.5993
-6.59927
-6.59927
-6.5993
-6.59935
-6.59939
-6.59942
-6.59945
-6.59947
-6.59948
-6.59951
-6.59953
-6.59956
-6.59956
-6.59953
-6.59948
-6.59943
-6.59939
-6.59937
-6.59935
-6.59934
-6.59933
-6.59934
-6.59938
-6.59942
-6.59946
-6.59949
-6.5995
-6.5995
-6.5995
-6.59951
-6.59953
-6.59954
-6.59955
-6.59953
-6.59948
-6.59943
-6.59937
-6.59934
-6.59932
-6.59932
-6.59933
-6.59936
-6.5994
-6.59943
-6.59946
-6.59948
-6.59947
-6.59946
-6.59944
-6.59943
-6.59941
-6.59939
-6.59937
-6.59935
-6.59934
-6.59934
-6.59935
-6.59936
-6.59937
-6.59937
-6.59936
-6.59934
-6.59934
-6.59934
-6.59936
-6.59938
-6.5994
-6.59942
-6.59944
-6.59945
-6.59947
-6.5995
-6.59952
-6.59953
-6.59953
-6.59953
-6.59952
-6.59952
-6.59951
-6.5995
-6.59947
-6.59943
-6.59938
-6.59935
-6.59932
-6.59931
-6.5993
-6.59929
-6.59928
-6.59927
-6.59926
-6.59926
-6.59927
-6.59929
-6.5993
-6.5993
-6.59929
-6.59929
-6.5993
-6.59932
-6.59937
-6.59942
-6.59948
-6.59952
-6.59954
-6.59955
-6.59955
-6.59954
-6.59952
-6.5995
-6.59948
-6.59947
-6.59946
-6.59945
-6.59944
-6.59943
-6.59941
-6.59938
-6.59935
-6.59932
-6.59928
-6.59924
-6.59921
-6.5992
-6.59921
-6.59924
-6.59926
-6.59929
-6.59932
-6.59935
-6.59937
-6.59938
-6.5994
-6.59941
-6.59943
-6.59945
-6.59946
-6.59947
-6.59946
-6.59942
-6.59937
-6.59931
-6.59928
-6.59926
-6.59925
-6.59926
-6.59928
-6.59929
-6.5993
-6.59931
-6.59933
-6.59936
-6.5994
-6.59944
-6.59947
-6.59948
-6.59947
-6.59946
-6.59943
-6.59941
-6.59938
-6.59936
-6.59934
-6.59934
-6.59935
-6.59936
-6.59937
-6.59936
-6.59935
-6.59933
-6.59932
-6.59933
-6.59936
-6.59939
-6.59943
-6.59946
-6.59948
-6.59949
-6.59949
-6.59949
-6.59948
-6.59948
-6.59948
-6.59949
-6.59952
-6.59953
-6.59953
-6.5995
-6.59944
-6.59937
-6.5993
-6.59925
-6.59923
-6.59921
-6.59921
-6.5992
-6.5992
-6.59921
-6.59921
-6.59922
-6.59923
-6.59926
-6.59929
-6.59934
-6.59939
-6.59943
-6.59945
-6.59945
-6.59944
-6.59942
-6.59941
-6.59941
-6.5994
-6.59939
-6.59938
-6.59937
-6.59936
-6.59936
-6.59937
-6.59937
-6.59938
-6.59939
-6.59941
-6.59943
-6.59945
-6.59945
-6.59945
-6.59945
-6.59943
-6.59941
-6.59937
-6.59933
-6.59929
-6.59927
-6.59925
-6.59924
-6.59924
-6.59925
-6.59927
-6.5993
-6.59933
-6.59936
-6.59939
-6.59942
-6.59943
-6.59943
-6.59943
-6.59942
-6.59942
-6.59943
-6.59943
-6.59941
-6.59937
-6.59932
-6.59926
-6.59921
-6.59918
-6.59917
-6.59917
-6.59917
-6.59918
-6.59919
-6.59921
-6.59924
-6.59927
-6.59931
-6.59935
-6.59938
-6.59938
-6.59938
-6.59937
-6.59937
-6.59938
-6.59938
-6.59937
-6.59935
-6.59934
-6.59933
-6.59934
-6.59936
-6.59938
-6.5994
-6.59942
-6.59945
-6.59947
-6.59947
-6.59945
-6.59941
-6.59936
-6.59933
-6.59931
-6.5993
-6.59929
-6.59929
-6.59929
-6.59929
-6.59931
-6.59933
-6.59936
-6.59939
-6.59941
-6.59942
-6.59942
-6.59941
-6.59939
-6.59938
-6.59939
-6.5994
-6.59942
-6.59942
-6.59941
-6.5994
-6.59938
-6.59937
-6.59937
-6.59935
-6.59934
-6.59934
-6.59934
-6.59935
-6.59936
-6.59937
-6.59939
-6.59941
-6.59942
-6.59942
-6.59942
-6.5994
-6.59938
-6.59935
-6.59934
-6.59932
-6.59932
-6.59931
-6.5993
-6.59929
-6.59928
-6.59927
-6.59927
-6.59926
-6.59926
-6.59924
-6.59922
-6.5992
-6.59918
-6.59917
-6.59916
-6.59915
-6.59916
-6.59918
-6.59921
-6.59924
-6.59927
-6.59928
-6.59928
-6.59926
-6.59925
-6.59923
-6.59923
-6.59922
-6.59922
-6.59923
-6.59923
-6.59924
-6.59924
-6.59924
-6.59922
-6.59921
-6.59921
-6.59923
-6.59926
-6.5993
-6.59934
-6.59936
-6.59936
-6.59934
-6.5993
-6.59926
-6.59923
-6.59922
-6.59923
-6.59927
-6.59931
-6.59934
-6.59935
-6.59935
-6.59934
-6.59931
-6.59928
-6.59925
-6.59924
-6.59925
-6.59928
-6.59932
-6.59935
-6.59936
-6.59936
-6.59935
-6.59934
-6.59933
-6.59932
-6.59932
-6.59932
-6.59934
-6.59935
-6.59936
-6.59936
-6.59935
-6.59935
-6.59935
-6.59936
-6.59937
-6.59938
-6.59938
-6.59937
-6.59935
-6.59932
-6.59929
-6.59927
-6.59926
-6.59926
-6.59926
-6.59927
-6.59927
-6.59928
-6.59929
-6.59931
-6.59934
-6.59936
-6.59938
-6.59938
-6.59938
-6.59937
-6.59936
-6.59936
-6.59935
-6.59934
-6.59933
-6.59932
-6.59931
-6.59931
-6.59931
-6.59931
-6.59931
-6.59932
-6.59934
-6.59935
-6.59936
-6.59935
-6.59933
-6.5993
-6.59927
-6.59925
-6.59923
-6.59922
-6.59921
-6.59921
-6.59921
-6.59921
-6.5992
-6.5992
-6.5992
-6.59922
-6.59923
-6.59924
-6.59925
-6.59924
-6.59923
-6.59921
-6.59919
-6.59917
-6.59916
-6.59917
-6.59918
-6.59921
-6.59925
-6.59929
-6.59932
-6.59934
-6.59934
-6.59933
-6.59932
-6.59932
-6.59931
-6.59931
-6.59931
-6.59931
-6.5993
-6.59928
-6.59926
-6.59925
-6.59926
-6.59927
-6.59929
-6.59931
-6.59933
-6.59933
-6.59933
-6.59933
-6.59933
-6.59933
-6.59934
-6.59934
-6.59934
-6.59932
-6.59931
-6.59928
-6.59925
-6.59922
-6.59921
-6.59922
-6.59924
-6.59927
-6.5993
-6.59933
-6.59935
-6.59936
-6.59935
-6.59934
-6.59932
-6.59932
-6.59931
-6.59932
-6.59932
-6.59933
-6.59934
-6.59935
-6.59934
-6.59934
-6.59932
-6.59929
-6.59927
-6.59924
-6.59924
-6.59925
-6.59926
-6.59928
-6.5993
-6.59929
-6.59928
-6.59925
-6.59922
-6.5992
-6.59921
-6.59924
-6.59928
-6.59933
-6.59937
-6.59938
-6.59936
-6.59933
-6.5993
-6.59929
-6.59928
-6.59928
-6.59928
-6.59929
-6.5993
-6.5993
-6.59929
-6.59927
-6.59927
-6.59928
-6.5993
-6.59932
-6.59934
-6.59935
-6.59935
-6.59935
-6.59934
-6.59933
-6.59933
-6.59934
-6.59935
-6.59937
-6.59939
-6.5994
-6.5994
-6.59938
-6.59935
-6.59932
-6.59929
-6.59928
-6.59927
-6.59926
-6.59925
-6.59924
-6.59923
-6.59923
-6.59923
-6.59924
-6.59926
-6.59928
-6.5993
-6.59932
-6.59933
-6.59933
-6.59934
-6.59934
-6.59935
-6.59936
-6.59936
-6.59936
-6.59935
-6.59933
-6.5993
-6.59928
-6.59926
-6.59925
-6.59925
-6.59925
-6.59926
-6.59926
-6.59927
-6.59928
-6.59931
-6.59934
-6.59937
-6.5994
-6.5994
-6.59939
-6.59937
-6.59933
-6.59931
-6.59931
-6.59931
-6.59932
-6.59933
-6.59933
-6.59933
-6.59932
-6.59932
-6.59933
-6.59934
-6.59934
-6.59932
-6.5993
-6.59927
-6.59925
-6.59925
-6.59925
-6.59924
-6.59923
-6.59922
-6.59921
-6.59921
-6.5992
-6.59921
-6.59922
-6.59922
-6.59922
-6.59922
-6.59922
-6.59923
-6.59925
-6.59927
-6.59928
-6.59928
-6.59928
-6.59927
-6.59926
-6.59925
-6.59922
-6.59918
-6.59914
-6.59911
-6.59911
-6.59913
-6.59916
-6.59919
-6.59923
-6.59926
-6.59928
-6.59929
-6.59928
-6.59928
-6.59929
-6.59931
-6.59934
-6.59935
-6.59936
-6.59934
-6.59932
-6.59929
-6.59926
-6.59923
-6.5992
-6.59917
-6.59913
-6.5991
-6.59908
-6.59907
-6.59909
-6.59911
-6.59912
-6.59913
-6.59912
-6.59912
-6.59912
-6.59912
-6.59914
-6.59915
-6.59915
-6.59914
-6.59911
-6.59908
-6.59906
-6.59905
-6.59905
-6.59906
-6.59908
-6.5991
-6.59913
-6.59916
-6.59918
-6.5992
-6.59921
-6.59922
-6.59922
-6.59922
-6.59921
-6.5992
-6.59918
-6.59916
-6.59913
-6.59909
-6.59904
-6.59899
-6.59896
-6.59896
-6.59897
-6.59898
-6.599
-6.59901
-6.59902
-6.59903
-6.59905
-6.59908
-6.59912
-6.59915
-6.59918
-6.5992
-6.59921
-6.59921
-6.59919
-6.59917
-6.59914
-6.59911
-6.5991
-6.5991
-6.5991
-6.59911
-6.59912
-6.59913
-6.59914
-6.59914
-6.59914
-6.59913
-6.59912
-6.5991
-6.59908
-6.59907
-6.59906
-6.59905
-6.59904
-6.59903
-6.59902
-6.59901
-6.59901
-6.59902
-6.59903
-6.59906
-6.59909
-6.59911
-6.59912
-6.59912
-6.5991
-6.59907
-6.59905
-6.59904
-6.59905
-6.59907
-6.59909
-6.59911
-6.59911
-6.5991
-6.59908
-6.59907
-6.59906
-6.59906
-6.59907
-6.59907
-6.59907
-6.59908
-6.59908
-6.59909
-6.5991
-6.59911
-6.59911
-6.59911
-6.59911
-6.59913
-6.59914
-6.59914
-6.59913
-6.59911
-6.59909
-6.59906
-6.59905
-6.59904
-6.59904
-6.59904
-6.59905
-6.59906
-6.59907
-6.59908
-6.59907
-6.59905
-6.59903
-6.59903
-6.59903
-6.59906
-6.59909
-6.59912
-6.59914
-6.59913
-6.5991
-6.59904
-6.59898
-6.59894
-6.59892
-6.59893
-6.59897
-6.599
-6.59903
-6.59905
-6.59905
-6.59904
-6.59903
-6.59903
-6.59904
-6.59906
-6.59909
-6.59912
-6.59913
-6.59912
-6.5991
-6.59908
-6.59905
-6.59903
-6.59901
-6.59898
-6.59896
-6.59894
-6.59893
-6.59894
-6.59895
-6.59897
-6.59898
-6.59897
-6.59896
-6.59896
-6.59896
-6.59896
-6.59897
-6.59898
-6.59898
-6.59897
-6.59896
-6.59896
-6.59895
-6.59895
-6.59895
-6.59897
-6.59899
-6.59901
-6.59903
-6.59904
-6.59905
-6.59904
-6.59903
-6.59901
-6.599
-6.59898
-6.59895
-6.59891
-6.59888
-6.59886
-6.59886
-6.59887
-6.59889
-6.59891
-6.59893
-6.59893
-6.59892
-6.59892
-6.59891
-6.59892
-6.59893
-6.59892
-6.59891
-6.5989
-6.59888
-6.59888
-6.59889
-6.59892
-6.59897
-6.59902
-6.59906
-6.59908
-6.59908
-6.59906
-6.59904
-6.59902
-6.59899
-6.59897
-6.59895
-6.59893
-6.59893
-6.59892
-6.59892
-6.59891
-6.59889
-6.59887
-6.59886
-6.59887
-6.59889
-6.59891
-6.59894
-6.59896
-6.59896
-6.59895
-6.59894
-6.59892
-6.5989
-6.59888
-6.59887
-6.59885
-6.59885
-6.59884
-6.59883
-6.59882
-6.59881
-6.5988
-6.5988
-6.59879
-6.59879
-6.5988
-6.59881
-6.59882
-6.59883
-6.59884
-6.59886
-6.59888
-6.5989
-6.59892
-6.59893
-6.59893
-6.59893
-6.59893
-6.59892
-6.5989
-6.59888
-6.59887
-6.59887
-6.5989
-6.59894
-6.59898
-6.59901
-6.59903
-6.59903
-6.59901
-6.59898
-6.59895
-6.5989
-6.59886
-6.5988
-6.59875
-6.59872
-6.5987
-6.5987
-6.59872
-6.59874
-6.59877
-6.59879
-6.59881
-6.59884
-6.59887
-6.5989
-6.59892
-6.59892
-6.59889
-6.59887
-6.59886
-6.59885
-6.59884
-6.59882
-6.5988
-6.59879
-6.59878
-6.59878
-6.59879
-6.59881
-6.59882
-6.59884
-6.59885
-6.59885
-6.59884
-6.59883
-6.5988
-6.59877
-6.59875
-6.59875
-6.59877
-6.59879
-6.59883
-6.59887
-6.59891
-6.59895
-6.59897
-6.59899
-6.599
-6.59901
-6.599
-6.599
-6.59897
-6.59894
-6.59889
-6.59884
-6.59881
-6.59879
-6.59878
-6.59878
-6.59878
-6.59878
-6.59878
-6.59876
-6.59874
-6.59873
-6.59872
-6.59872
-6.59874
-6.59876
-6.59878
-6.5988
-6.5988
-6.59881
-6.5988
-6.5988
-6.59879
-6.5988
-6.59881
-6.59882
-6.59884
-6.59885
-6.59885
-6.59886
-6.59886
-6.59886
-6.59886
-6.59886
-6.59886
-6.59886
-6.59886
-6.59885
-6.59884
-6.59882
-6.5988
-6.59877
-6.59875
-6.59873
-6.59873
-6.59873
-6.59873
-6.59874
-6.59875
-6.59876
-6.59877
-6.59877
-6.59878
-6.59878
-6.5988
-6.59882
-6.59885
-6.59887
-6.59889
-6.59891
-6.59891
-6.5989
-6.59889
-6.59888
-6.59887
-6.59884
-6.59881
-6.59878
-6.59875
-6.59874
-6.59873
-6.59874
-6.59874
-6.59875
-6.59875
-6.59875
-6.59876
-6.59877
-6.59878
-6.59879
-6.59879
-6.59878
-6.59879
-6.59879
-6.59881
-6.59883
-6.59885
-6.59887
-6.59889
-6.5989
-6.5989
-6.5989
-6.5989
-6.59891
-6.59891
-6.59891
-6.5989
-6.59888
-6.59886
-6.59884
-6.59881
-6.59878
-6.59875
-6.59872
-6.59869
-6.59867
-6.59866
-6.59865
-6.59866
-6.59866
-6.59866
-6.59865
-6.59866
-6.59867
-6.59869
-6.59872
-6.59876
-6.59879
-6.59881
-6.59883
-6.59882
-6.59881
-6.59881
-6.5988
-6.59881
-6.59883
-6.59884
-6.59884
-6.59884
-6.59882
-6.59879
-6.59877
-6.59875
-6.59873
-6.59872
-6.59871
-6.59869
-6.59867
-6.59865
-6.59864
-6.59864
-6.59864
-6.59864
-6.59863
-6.59862
-6.59861
-6.59861
-6.59861
-6.59862
-6.59865
-6.59868
-6.59872
-6.59876
-6.59878
-6.59881
-6.59882
-6.59883
-6.59883
-6.59883
-6.59882
-6.5988
-6.59877
-6.59874
-6.59871
-6.59868
-6.59867
-6.59867
-6.59867
-6.59868
-6.59869
-6.5987
-6.59872
-6.59874
-6.59876
-6.59879
-6.59882
-6.59883
-6.59884
-6.59883
-6.59882
-6.5988
-6.59877
-6.59874
-6.59871
-6.59869
-6.59867
-6.59867
-6.59867
-6.59868
-6.59868
-6.59869
-6.59869
-6.5987
-6.59871
-6.59871
-6.59871
-6.59871
-6.5987
-6.5987
-6.5987
-6.5987
-6.5987
-6.5987
-6.5987
-6.59869
-6.59867
-6.59866
-6.59866
-6.59867
-6.5987
-6.59875
-6.5988
-6.59886
-6.59889
-6.59891
-6.59892
-6.59892
-6.59892
-6.5989
-6.59889
-6.59887
-6.59885
-6.59884
-6.59881
-6.59878
-6.59875
-6.59872
-6.59871
-6.59871
-6.59872
-6.59874
-6.59877
-6.59879
-6.5988
-6.59881
-6.59882
-6.59881
-6.5988
-6.59879
-6.59878
-6.59879
-6.59881
-6.59884
-6.59886
-6.59887
-6.59888
-6.59888
-6.59888
-6.59888
-6.59887
-6.59887
-6.59887
-6.59887
-6.59885
-6.59883
-6.5988
-6.5988
-6.59881
-6.59884
-6.59887
-6.5989
-6.59891
-6.59891
-6.59889
-6.59887
-6.59886
-6.59885
-6.59884
-6.59884
-6.59885
-6.59886
-6.59888
-6.59891
-6.59893
-6.59894
-6.59894
-6.59892
-6.5989
-6.59887
-6.59886
-6.59886
-6.59888
-6.59891
-6.59893
-6.59895
-6.59895
-6.59894
-6.59892
-6.5989
-6.59889
-6.59891
-6.59892
-6.59894
-6.59894
-6.59892
-6.59889
-6.59887
-6.59884
-6.59882
-6.5988
-6.59878
-6.59878
-6.59878
-6.59881
-6.59884
-6.59888
-6.59891
-6.59894
-6.59895
-6.59894
-6.59892
-6.59889
-6.59888
-6.59887
-6.59887
-6.59888
-6.59889
-6.5989
-6.59891
-6.59891
-6.59891
-6.5989
-6.59889
-6.59888
-6.59887
-6.59886
-6.59885
-6.59884
-6.59884
-6.59883
-6.59883
-6.59883
-6.59885
-6.59886
-6.59887
-6.59885
-6.59883
-6.59882
-6.59881
-6.59882
-6.59883
-6.59885
-6.59887
-6.59889
-6.59892
-6.59894
-6.59896
-6.59896
-6.59895
-6.59893
-6.59893
-6.59894
-6.59895
-6.59897
-6.59899
-6.59899
-6.59898
-6.59896
-6.59894
-6.59893
-6.59893
-6.59894
-6.59897
-6.599
-6.59902
-6.59903
-6.59902
-6.59899
-6.59897
-6.59897
-6.599
-6.59905
-6.59911
-6.59915
-6.59917
-6.59915
-6.59912
-6.59908
-6.59904
-6.59902
-6.59901
-6.59901
-6.59901
-6.59901
-6.59902
-6.59903
-6.59905
-6.59906
-6.59906
-6.59905
-6.59904
-6.59903
-6.59903
-6.59904
-6.59904
-6.59904
-6.59904
-6.59902
-6.59901
-6.599
-6.599
-6.599
-6.59901
-6.59903
-6.59905
-6.59907
-6.59907
-6.59907
-6.59907
-6.59907
-6.59907
-6.59908
-6.59908
-6.59908
-6.59907
-6.59905
-6.59903
-6.599
-6.59899
-6.59899
-6.599
-6.59902
-6.59903
-6.59903
-6.59902
-6.599
-6.59899
-6.59898
-6.59897
-6.59897
-6.59898
-6.59899
-6.59901
-6.59902
-6.59903
-6.59903
-6.59902
-6.59901
-6.59901
-6.59901
-6.59902
-6.59902
-6.59903
-6.59905
-6.59908
-6.59912
-6.59915
-6.59918
-6.59918
-6.59916
-6.59912
-6.59909
-6.59906
-6.59905
-6.59904
-6.59905
-6.59906
-6.59906
-6.59906
-6.59905
-6.59904
-6.59903
-6.59903
-6.59904
-6.59907
-6.5991
-6.59912
-6.59914
-6.59914
-6.59913
-6.59912
-6.59912
-6.59911
-6.59911
-6.5991
-6.59908
-6.59906
-6.59905
-6.59903
-6.59902
-6.59901
-6.599
-6.59899
-6.59899
-6.599
-6.59902
-6.59905
-6.59907
-6.59909
-6.5991
-6.5991
-6.5991
-6.59908
-6.59906
-6.59903
-6.59901
-6.59901
-6.59901
-6.59903
-6.59906
-6.59908
-6.59909
-6.5991
-6.5991
-6.59911
-6.59911
-6.59911
-6.59911
-6.5991
-6.59909
-6.59908
-6.59908
-6.59907
-6.59907
-6.59908
-6.59908
-6.59907
-6.59906
-6.59905
-6.59903
-6.59902
-6.599
-6.59899
-6.59898
-6.59898
-6.59898
-6.59899
-6.59902
-6.59906
-6.5991
-6.59914
-6.59917
-6.59918
-6.59919
-6.59918
-6.59918
-6.59917
-6.59917
-6.59917
-6.59917
-6.59916
-6.59914
-6.5991
-6.59905
-6.59902
-6.59899
-6.59899
-6.59901
-6.59904
-6.59907
-6.59911
-6.59913
-6.59914
-6.59914
-6.59912
-6.59911
-6.5991
-6.59909
-6.59909
-6.59909
-6.5991
-6.59911
-6.59912
-6.59913
-6.59913
-6.59914
-6.59914
-6.59914
-6.59914
-6.59914
-6.59914
-6.59914
-6.59913
-6.59913
-6.59912
-6.59911
-6.5991
-6.59908
-6.59906
-6.59905
-6.59905
-6.59906
-6.59908
-6.5991
-6.59912
-6.59912
-6.59912
-6.59911
-6.59909
-6.59907
-6.59905
-6.59905
-6.59904
-6.59904
-6.59904
-6.59903
-6.59901
-6.59899
-6.59897
-6.59898
-6.59901
-6.59907
-6.59913
-6.59918
-6.59922
-6.59923
-6.59922
-6.5992
-6.59916
-6.59913
-6.5991
-6.59908
-6.59907
-6.59906
-6.59906
-6.59906
-6.59906
-6.59907
-6.59907
-6.59908
-6.59909
-6.59908
-6.59906
-6.59903
-6.599
-6.59899
-6.59898
-6.59898
-6.59898
-6.59898
-6.599
-6.59902
-6.59906
-6.59909
-6.59912
-6.59914
-6.59913
-6.59912
-6.59912
-6.59911
-6.59911
-6.59911
-6.59911
-6.59912
-6.59912
-6.59911
-6.5991
-6.59909
-6.59908
-6.59907
-6.59907
-6.59907
-6.59908
-6.59908
-6.59909
-6.59909
-6.59909
-6.59911
-6.59913
-6.59915
-6.59916
-6.59917
-6.59918
-6.59919
-6.59919
-6.59919
-6.59918
-6.59917
-6.59915
-6.59913
-6.5991
-6.59908
-6.59907
-6.59908
-6.5991
-6.59911
-6.59912
-6.59913
-6.59913
-6.59913
-6.59913
-6.59913
-6.59913
-6.59913
-6.59912
-6.59912
-6.59913
-6.59913
-6.59914
-6.59915
-6.59915
-6.59914
-6.59913
-6.59911
-6.5991
-6.59911
-6.59913
-6.59915
-6.59917
-6.59918
-6.59918
-6.59917
-6.59916
-6.59914
-6.59913
-6.59912
-6.59912
-6.59912
-6.59914
-6.59916
-6.59917
-6.59918
-6.59917
-6.59917
-6.59916
-6.59917
-6.59918
-6.59921
-6.59922
-6.59924
-6.59924
-6.59924
-6.59923
-6.59921
-6.5992
-6.59919
-6.59917
-6.59915
-6.59913
-6.59912
-6.59912
-6.59913
-6.59914
-6.59915
-6.59915
-6.59914
-6.59913
-6.59911
-6.59911
-6.59913
-6.59915
-6.59917
-6.59919
-6.5992
-6.5992
-6.59919
-6.59917
-6.59915
-6.59913
-6.59912
-6.5991
-6.5991
-6.59909
-6.5991
-6.59911
-6.59912
-6.59913
-6.59914
-6.59915
-6.59917
-6.59919
-6.5992
-6.5992
-6.5992
-6.59918
-6.59917
-6.59915
-6.59913
-6.59911
-6.59908
-6.59907
-6.59906
-6.59906
-6.59907
-6.59907
-6.59909
-6.59911
-6.59915
-6.59919
-6.59923
-6.59926
-6.59927
-6.59925
-6.59923
-6.59919
-6.59916
-6.59912
-6.59908
-6.59905
-6.59903
-6.59902
-6.59902
-6.59903
-6.59905
-6.59906
-6.59908
-6.59909
-6.59911
-6.59913
-6.59915
-6.59917
-6.59918
-6.59918
-6.59918
-6.59917
-6.59915
-6.59913
-6.59912
-6.59912
-6.59912
-6.59912
-6.59912
-6.59913
-6.59914
-6.59915
-6.59916
-6.59917
-6.59917
-6.59916
-6.59917
-6.59918
-6.5992
-6.59921
-6.59921
-6.5992
-6.59917
-6.59915
-6.59913
-6.59913
-6.59912
-6.59912
-6.59912
-6.59912
-6.59911
-6.5991
-6.59909
-6.59909
-6.5991
-6.59912
-6.59914
-6.59915
-6.59915
-6.59914
-6.59914
-6.59914
-6.59915
-6.59917
-6.5992
-6.59923
-6.59926
-6.59929
-6.59931
-6.59933
-6.59932
-6.59931
-6.59929
-6.59926
-6.59925
-6.59924
-6.59923
-6.59921
-6.59918
-6.59916
-6.59913
-6.59911
-6.5991
-6.59911
-6.59912
-6.59913
-6.59913
-6.59913
-6.59913
-6.59914
-6.59915
-6.59917
-6.59918
-6.5992
-6.5992
-6.5992
-6.59919
-6.59917
-6.59915
-6.59913
-6.59911
-6.5991
-6.59911
-6.59912
-6.59912
-6.59913
-6.59914
-6.59915
-6.59916
-6.59917
-6.59917
-6.59916
-6.59915
-6.59913
-6.59911
-6.5991
-6.59908
-6.59907
-6.59905
-6.59905
-6.59905
-6.59906
-6.59908
-6.5991
-6.59911
-6.59913
-6.59915
-6.59917
-6.59918
-6.59918
-6.59917
-6.59918
-6.59918
-6.59919
-6.59918
-6.59916
-6.59914
-6.59912
-6.5991
-6.59909
-6.59909
-6.59909
-6.59909
-6.59909
-6.59909
-6.59909
-6.59909
-6.5991
-6.5991
-6.59912
-6.59914
-6.59916
-6.59917
-6.59918
-6.59918
-6.59916
-6.59913
-6.5991
-6.59907
-6.59904
-6.59904
-6.59905
-6.59908
-6.59911
-6.59913
-6.59915
-6.59916
-6.59916
-6.59916
-6.59918
-6.59919
-6.59922
-6.59924
-6.59926
-6.59928
-6.59928
-6.59926
-6.59923
-6.5992
-6.59918
-6.59917
-6.59917
-6.59918
-6.5992
-6.59921
-6.59921
-6.59922
-6.59922
-6.59922
-6.59921
-6.59921
-6.5992
-6.59919
-6.59918
-6.59918
-6.59917
-6.59917
-6.59918
-6.59919
-6.59921
-6.59923
-6.59926
-6.59928
-6.5993
-6.5993
-6.59929
-6.59927
-6.59926
-6.59925
-6.59925
-6.59926
-6.59927
-6.59928
-6.59928
-6.59928
-6.59927
-6.59925
-6.59923
-6.59922
-6.59922
-6.59922
-6.59923
-6.59922
-6.59921
-6.59919
-6.59916
-6.59913
-6.59911
-6.5991
-6.59911
-6.59914
-6.59918
-6.59921
-6.59924
-6.59925
-6.59925
-6.59925
-6.59926
-6.59926
-6.59927
-6.59928
-6.59928
-6.59927
-6.59924
-6.5992
-6.59917
-6.59915
-6.59914
-6.59914
-6.59915
-6.59915
-6.59916
-6.59917
-6.59918
-6.59918
-6.59917
-6.59917
-6.59917
-6.59918
-6.59919
-6.59921
-6.59922
-6.59923
-6.59922
-6.59921
-6.59918
-6.59916
-6.59914
-6.59914
-6.59916
-6.59919
-6.59922
-6.59925
-6.59928
-6.59928
-6.59928
-6.59926
-6.59925
-6.59926
-6.59927
-6.59929
-6.59931
-6.59931
-6.59931
-6.5993
-6.59928
-6.59927
-6.59927
-6.59927
-6.59926
-6.59925
-6.59923
-6.59921
-6.59919
-6.59918
-6.5992
-6.59924
-6.59929
-6.59934
-6.59937
-6.59939
-6.59939
-6.59939
-6.59938
-6.59936
-6.59934
-6.59931
-6.59928
-6.59926
-6.59923
-6.59921
-6.59918
-6.59916
-6.59914
-6.59914
-6.59916
-6.59919
-6.59923
-6.59927
-6.59931
-6.59935
-6.59937
-6.59938
-6.59939
-6.59938
-6.59936
-6.59933
-6.5993
-6.59926
-6.59924
-6.59922
-6.59923
-6.59925
-6.59927
-6.5993
-6.59931
-6.59931
-6.5993
-6.5993
-6.5993
-6.59932
-6.59934
-6.59934
-6.59934
-6.59931
-6.59928
-6.59925
-6.59923
-6.59924
-6.59925
-6.59927
-6.59929
-6.59931
-6.59931
-6.59931
-6.59931
-6.59931
-6.59932
-6.59932
-6.59933
-6.59933
-6.59932
-6.5993
-6.59929
-6.59926
-6.59924
-6.59922
-6.59921
-6.5992
-6.5992
0
0.002325
0.00699991
0.0127868
0.0159869
0.0195956
0.0244982
0.0293551
0.0320701
0.0314505
0.0288297
0.0264306
0.0251026
0.0242616
0.0232256
0.0218626
0.0205383
0.0194438
0.018476
0.017536
0.0167259
0.0161591
0.0157604
0.0152919
0.0146916
0.0141505
0.0138407
0.0137682
0.0137517
0.013565
0.0131493
0.0128105
0.0128394
0.013004
0.0128525
0.0124962
0.0121865
0.0118948
0.011587
0.0113106
0.011073
0.0108225
0.0105679
0.0103296
0.0101026
0.0098871
0.00969089
0.00952008
0.00934863
0.00917675
0.00900729
0.00883867
0.00867047
0.00852478
0.00839526
0.00825992
0.00813019
0.00803774
0.00802068
0.00803397
0.00797918
0.00786305
0.00773758
0.00762211
0.0075181
0.00741604
0.00731105
0.00721506
0.00715885
0.00720464
0.00732688
0.00738242
0.00731832
0.00721924
0.00714772
0.00709607
0.00704181
0.00697625
0.00689535
0.00680861
0.00672725
0.00665346
0.00659414
0.00656806
0.00658645
0.00664109
0.00666963
0.00662154
0.00655265
0.00656712
0.00664505
0.00669254
0.00669139
0.00667482
0.00667426
0.00671335
0.00678885
0.006855
0.00684074
0.00677203
0.00674741
0.00677473
0.00678202
0.00673983
0.00667686
0.0066136
0.006554
0.00650638
0.0064657
0.00641973
0.0063648
0.00630774
0.00625274
0.00619805
0.00614407
0.0060921
0.00604083
0.00598964
0.00594628
0.00592214
0.00591963
0.00592048
0.00589632
0.00584989
0.00581217
0.00580415
0.00582129
0.00584479
0.00585266
0.00584168
0.00582091
0.00578897
0.00574832
0.00570541
0.00566307
0.00562332
0.00559569
0.00559854
0.00562883
0.00565408
0.00564666
0.00561368
0.00557444
0.00554176
0.00551362
0.00548205
0.00544799
0.00541285
0.00537722
0.00534125
0.00530651
0.00527198
0.00523744
0.00520443
0.00517394
0.00514708
0.00512605
0.00510846
0.00508229
0.00505085
0.0050393
0.00506671
0.0051112
0.00512701
0.00510629
0.0050761
0.00507203
0.00511775
0.00518949
0.00523719
0.00523765
0.00521135
0.00518171
0.0051575
0.00513761
0.00511896
0.00509837
0.00507424
0.00504952
0.00502836
0.00501066
0.00498868
0.00496139
0.00494326
0.00493639
0.00492693
0.00491015
0.00488789
0.00486532
0.00484359
0.00482084
0.00479569
0.00477571
0.00476996
0.00476667
0.00475235
0.00472926
0.00470623
0.00468723
0.00466996
0.00465101
0.00462868
0.00460642
0.0045891
0.00457665
0.00456272
0.00454379
0.00452215
0.0045005
0.00447904
0.00445776
0.0044369
0.00441708
0.00440058
0.00439315
0.00439288
0.00438654
0.00436908
0.00434949
0.0043354
0.00432887
0.00432424
0.00431319
0.00429549
0.00427638
0.00425766
0.00424269
0.00423561
0.00423823
0.00424733
0.00425756
0.00425666
0.00424028
0.00422903
0.00425303
0.00430246
0.00433695
0.00434048
0.00432538
0.00430744
0.00429058
0.00427323
0.00425561
0.00423826
0.0042214
0.00420608
0.00419501
0.00419159
0.00419454
0.00420126
0.00420264
0.00419166
0.0041753
0.00417108
0.00418765
0.00421623
0.00424165
0.00425064
0.00424386
0.00422934
0.00421322
0.00419716
0.00418147
0.00416586
0.00415055
0.00413574
0.00412235
0.0041111
0.00409941
0.00408511
0.00407004
0.00405576
0.0040412
0.00402649
0.00401361
0.00400339
0.00399375
0.00398168
0.00396738
0.00395562
0.00394753
0.00393861
0.00392643
0.00391263
0.0039
0.00389229
0.00388735
0.00387756
0.00386416
0.00385207
0.00384208
0.00383346
0.00382501
0.0038154
0.00380467
0.00379349
0.0037825
0.00377101
0.00375927
0.00374919
0.00374322
0.00373751
0.00372755
0.0037154
0.00371085
0.00372157
0.00373711
0.00374054
0.00373156
0.00371951
0.0037083
0.00369732
0.00368599
0.00367436
0.00366271
0.00365111
0.00363962
0.00362849
0.00361761
0.00360702
0.00359692
0.00358682
0.00357588
0.00356551
0.00356024
0.00356196
0.00356597
0.00356648
0.00355884
0.00354836
0.00354237
0.00353732
0.00353077
0.00352313
0.00351466
0.00350551
0.00349577
0.00348587
0.00347579
0.00346588
0.00345654
0.00344796
0.00344037
0.00343305
0.00342548
0.00341729
0.0034077
0.00339823
0.0033908
0.00338346
0.00337429
0.00336482
0.00335633
0.00334801
0.00333899
0.00332979
0.00332417
0.00332563
0.00332985
0.00332997
0.00332503
0.00331743
0.0033087
0.00329959
0.0032907
0.00328171
0.00327306
0.00326485
0.00325602
0.00324852
0.00324596
0.00324771
0.00324945
0.00324812
0.00324378
0.00323711
0.00322912
0.00322058
0.00321237
0.00320482
0.00319733
0.0031891
0.00318131
0.00317606
0.00317143
0.00316395
0.00315635
0.00315162
0.00314639
0.00313998
0.0031333
0.00312769
0.00312311
0.00311756
0.00310998
0.0031031
0.00310046
0.00310027
0.00309823
0.00309375
0.00308745
0.00307976
0.00307372
0.00306971
0.00306497
0.00305774
0.00305106
0.00304778
0.00304482
0.00303822
0.00303265
0.00303751
0.00305005
0.00305598
0.0030509
0.0030441
0.00304171
0.00304013
0.00303558
0.00302871
0.00302161
0.00301455
0.00300777
0.00300377
0.00300239
0.00300124
0.00299828
0.00299481
0.0029932
0.00299576
0.00299896
0.00299644
0.00298952
0.00298714
0.00299215
0.00299603
0.00299237
0.00298553
0.00297965
0.00297297
0.00296831
0.00297073
0.00297674
0.00297839
0.00297305
0.00296715
0.00296399
0.00295868
0.00295232
0.00294841
0.00294413
0.00293772
0.00293238
0.0029294
0.0029263
0.00292131
0.00291491
0.00290981
0.00290707
0.00290488
0.00290127
0.00289604
0.00288987
0.00288379
0.00287837
0.00287383
0.00287147
0.00287275
0.00287554
0.00287644
0.00287352
0.0028681
0.00286203
0.00285659
0.00285244
0.00284871
0.00284401
0.00283814
0.00283267
0.00282803
0.00282246
0.00281699
0.00281393
0.00281104
0.00280572
0.00280055
0.00279762
0.00279393
0.00278828
0.00278444
0.00278589
0.00279094
0.00279559
0.00279789
0.00279703
0.00279298
0.00278737
0.00278295
0.00278066
0.00278021
0.00278206
0.00278723
0.00279362
0.00279694
0.00279617
0.00279308
0.00278935
0.002785
0.00278024
0.00277545
0.00277081
0.00276613
0.00276118
0.00275609
0.00275098
0.00274577
0.00274047
0.00273554
0.00273108
0.00272661
0.0027219
0.00271763
0.00271353
0.00270897
0.00270395
0.00269885
0.00269393
0.00268955
0.00268581
0.00268223
0.0026785
0.00267401
0.00266899
0.00266529
0.00266676
0.00267459
0.00268619
0.00269565
0.00269836
0.00269492
0.00269006
0.00268721
0.00268475
0.00268044
0.00267561
0.00267169
0.00266716
0.00266271
0.0026629
0.00267063
0.00268058
0.00268447
0.00268247
0.00267794
0.00267311
0.00266832
0.00266362
0.00265919
0.00265512
0.0026514
0.00264806
0.00264489
0.00264137
0.00263691
0.00263229
0.00262789
0.00262339
0.00261883
0.00261436
0.0026099
0.00260533
0.00260146
0.00259806
0.00259381
0.00258953
0.00258708
0.00258581
0.00258343
0.00257948
0.00257519
0.00257138
0.00256937
0.00256873
0.00256689
0.00256269
0.00255925
0.00255828
0.00255804
0.00255734
0.00255604
0.00255455
0.00255263
0.00254929
0.00254501
0.00254115
0.00253774
0.00253375
0.00252968
0.00252677
0.00252332
0.00251921
0.00251744
0.0025162
0.00251235
0.00250962
0.00251218
0.0025176
0.00252017
0.00251752
0.00251374
0.00251406
0.00251931
0.00252608
0.00253163
0.00253473
0.00253503
0.00253209
0.00252805
0.00252671
0.00253029
0.00253521
0.0025356
0.00253186
0.00252846
0.00252663
0.00252401
0.00252001
0.00251745
0.00251711
0.00251491
0.00251093
0.00250907
0.00250868
0.00250683
0.00250346
0.00249969
0.00249584
0.002492
0.00248855
0.0024865
0.00248618
0.00248577
0.00248334
0.00247957
0.00247601
0.00247324
0.00247089
0.00246794
0.00246429
0.00246051
0.00245697
0.00245355
0.00245004
0.00244635
0.00244262
0.00243889
0.00243527
0.00243193
0.00242876
0.00242523
0.00242176
0.00242003
0.00241979
0.00241875
0.0024159
0.00241228
0.00240874
0.00240514
0.00240253
0.00240338
0.0024065
0.00240868
0.00240822
0.00240546
0.00240191
0.00239954
0.00239905
0.00240058
0.00240379
0.00240817
0.00241206
0.00241264
0.00241006
0.00240659
0.00240464
0.0024051
0.00240691
0.00240777
0.00240674
0.00240434
0.00240134
0.00239808
0.00239461
0.00239164
0.00238958
0.00238711
0.00238368
0.0023815
0.0023816
0.00238209
0.00238056
0.00237733
0.00237431
0.00237275
0.00237242
0.00237211
0.00237048
0.00236832
0.00236652
0.00236565
0.00236405
0.00236075
0.002359
0.00236054
0.00236124
0.00235837
0.00235639
0.00236015
0.00236639
0.00236911
0.0023674
0.00236414
0.00236098
0.00235772
0.00235492
0.00235251
0.00234939
0.00234704
0.00234933
0.00235696
0.00236492
0.00236735
0.00236501
0.0023618
0.0023588
0.00235567
0.00235248
0.00234933
0.00234615
0.00234354
0.00234286
0.00234371
0.00234464
0.00234441
0.00234267
0.00233982
0.0023367
0.00233395
0.00233188
0.00233157
0.00233375
0.00233686
0.00233776
0.00233541
0.00233265
0.00233352
0.00233852
0.00234321
0.00234336
0.00234052
0.00233804
0.0023372
0.00233648
0.0023344
0.00233137
0.00232898
0.00232854
0.00232825
0.00232556
0.00232324
0.00232172
0.00231897
0.00231611
0.00231363
0.00231097
0.00230804
0.00230507
0.00230215
0.00229923
0.00229643
0.00229406
0.00229225
0.00229027
0.00228745
0.00228477
0.00228298
0.00228148
0.00227954
0.00227697
0.0022741
0.00227124
0.00226837
0.00226555
0.00226279
0.00226002
0.00225723
0.00225445
0.0022518
0.00224937
0.00224693
0.00224431
0.00224166
0.00223942
0.00223834
0.00223795
0.00223715
0.00223529
0.00223261
0.00223003
0.00222804
0.00222564
0.00222292
0.00222075
0.00221903
0.00221715
0.00221496
0.00221262
0.00221013
0.00220746
0.00220482
0.00220283
0.00220257
0.00220396
0.00220485
0.00220325
0.0022006
0.00219837
0.00219574
0.00219427
0.00219698
0.00220246
0.00220619
0.00220669
0.00220515
0.00220298
0.00220084
0.00219876
0.00219653
0.00219407
0.00219155
0.00218898
0.00218638
0.00218387
0.00218276
0.00218524
0.00219019
0.00219395
0.00219515
0.00219425
0.00219214
0.00218969
0.00218734
0.00218532
0.00218327
0.00218079
0.00217834
0.00217672
0.00217657
0.00217801
0.00217981
0.00218066
0.00217955
0.00217705
0.00217533
0.00217536
0.00217573
0.00217449
0.00217202
0.00217006
0.00216908
0.00216833
0.00216712
0.00216538
0.00216336
0.00216138
0.0021597
0.0021582
0.00215616
0.00215372
0.00215174
0.00214984
0.00214762
0.00214519
0.0021428
0.00214039
0.00213801
0.00213593
0.00213426
0.00213297
0.00213187
0.00213132
0.0021315
0.00213184
0.00213135
0.00212976
0.00212765
0.00212535
0.00212301
0.00212077
0.00211878
0.00211673
0.00211442
0.00211217
0.00211073
0.00211245
0.0021192
0.00212534
0.0021257
0.00212338
0.00212386
0.00212697
0.00212838
0.00212673
0.00212447
0.00212293
0.00212149
0.00211975
0.00211755
0.00211542
0.00211385
0.00211215
0.00211019
0.00210834
0.00210699
0.00210569
0.00210369
0.00210147
0.00209982
0.0020987
0.00209809
0.00209733
0.00209544
0.00209329
0.00209207
0.00209178
0.00209172
0.00209171
0.0020917
0.00209184
0.0020915
0.00208983
0.00208761
0.0020858
0.0020844
0.0020831
0.00208169
0.00207986
0.00207767
0.00207572
0.00207424
0.00207257
0.00207051
0.00206834
0.00206622
0.00206477
0.00206456
0.00206428
0.00206255
0.00206075
0.00206172
0.00206614
0.00207107
0.00207406
0.00207478
0.00207424
0.0020729
0.00207084
0.00206908
0.00206926
0.00207086
0.0020718
0.00207104
0.00206925
0.0020672
0.00206511
0.00206303
0.00206096
0.00205903
0.00205769
0.00205693
0.00205576
0.00205374
0.002052
0.00205125
0.00205062
0.00204912
0.00204707
0.00204644
0.00204784
0.00204849
0.00204665
0.00204559
0.00204831
0.00205257
0.00205431
0.00205303
0.00205097
0.002049
0.00204694
0.00204518
0.00204393
0.00204266
0.00204095
0.00203892
0.00203698
0.00203505
0.00203307
0.00203111
0.00202956
0.00202972
0.00203368
0.0020417
0.00205074
0.00205571
0.00205521
0.00205329
0.00205369
0.00205616
0.00205831
0.002059
0.00205873
0.002058
0.00205736
0.00205738
0.00205867
0.00206069
0.00206154
0.00206062
0.00205877
0.00205682
0.00205524
0.00205371
0.00205193
0.00205008
0.00204843
0.00204735
0.00204681
0.00204579
0.00204391
0.00204228
0.0020414
0.00204055
0.0020389
0.00203698
0.00203573
0.00203567
0.00203636
0.00203662
0.00203566
0.00203397
0.00203215
0.00203046
0.00202898
0.00202735
0.00202542
0.00202383
0.00202236
0.00202045
0.00201894
0.00201745
0.00201555
0.00201447
0.00201538
0.00201776
0.00201967
0.0020195
0.00201785
0.00201605
0.00201496
0.00201457
0.00201416
0.00201297
0.00201112
0.0020095
0.00200867
0.00200827
0.00200725
0.00200547
0.00200372
0.0020022
0.00200065
0.00199907
0.00199768
0.00199711
0.0019978
0.00199937
0.00200058
0.00200024
0.00199858
0.00199686
0.00199572
0.00199513
0.00199488
0.00199483
0.00199498
0.00199526
0.00199535
0.00199438
0.00199257
0.00199167
0.00199202
0.00199223
0.00199141
0.00199001
0.00198847
0.0019869
0.00198517
0.00198341
0.00198205
0.00198106
0.00197988
0.00197829
0.00197652
0.00197525
0.00197517
0.00197583
0.00197634
0.00197575
0.00197414
0.00197258
0.00197242
0.00197394
0.00197582
0.00197623
0.00197503
0.00197329
0.00197159
0.00197002
0.00196849
0.00196686
0.00196514
0.0019634
0.0019617
0.00196001
0.00195832
0.00195672
0.00195545
0.00195432
0.00195306
0.00195174
0.00195062
0.00194957
0.00194806
0.00194648
0.00194638
0.00194773
0.0019489
0.00194873
0.00194765
0.00194642
0.00194519
0.00194371
0.00194202
0.00194047
0.00193903
0.0019377
0.00193695
0.00193729
0.00193846
0.00193968
0.00194034
0.00193983
0.00193828
0.00193678
0.00193621
0.00193709
0.0019401
0.00194435
0.00194778
0.00194919
0.00194934
0.0019494
0.00194961
0.00194961
0.00194876
0.00194717
0.00194575
0.00194525
0.00194619
0.00194857
0.00195119
0.00195199
0.00195078
0.0019492
0.00194837
0.00194784
0.00194695
0.00194558
0.00194398
0.00194235
0.00194078
0.00193934
0.00193804
0.00193685
0.00193589
0.00193554
0.00193642
0.00193774
0.00193777
0.00193632
0.00193507
0.00193565
0.00193726
0.00193754
0.00193613
0.00193476
0.00193394
0.00193255
0.00193138
0.00193303
0.00193784
0.00194227
0.00194336
0.00194191
0.00194106
0.00194232
0.00194439
0.00194567
0.00194568
0.00194457
0.00194302
0.00194143
0.00193985
0.00193827
0.00193669
0.00193514
0.00193367
0.00193227
0.00193097
0.00192981
0.0019288
0.00192776
0.00192651
0.00192505
0.00192349
0.00192195
0.0019205
0.0019194
0.00191912
0.00191932
0.00191908
0.00191794
0.00191642
0.00191488
0.00191335
0.00191185
0.00191042
0.00190901
0.00190753
0.00190601
0.00190448
0.00190297
0.00190149
0.0019
0.00189849
0.00189703
0.00189564
0.00189425
0.00189282
0.00189133
0.00188984
0.00188844
0.00188761
0.00188715
0.00188593
0.00188452
0.00188393
0.00188386
0.00188375
0.00188347
0.00188333
0.00188329
0.00188267
0.0018813
0.00187993
0.00187929
0.0018794
0.00187951
0.00187888
0.00187778
0.00187662
0.00187569
0.00187502
0.00187402
0.00187257
0.0018716
0.00187167
0.00187218
0.0018723
0.00187195
0.00187127
0.00187043
0.00186959
0.00186883
0.001868
0.00186681
0.00186538
0.00186439
0.00186437
0.00186493
0.00186516
0.0018648
0.00186432
0.00186385
0.00186306
0.00186173
0.00186039
0.00185966
0.00185955
0.00185954
0.00185931
0.00185871
0.00185774
0.00185648
0.00185509
0.00185369
0.0018525
0.00185171
0.00185133
0.00185095
0.00185029
0.00184917
0.00184778
0.00184654
0.00184624
0.00184797
0.00185195
0.00185657
0.00185944
0.00185925
0.00185794
0.00185954
0.001865
0.00187049
0.00187275
0.00187212
0.00187073
0.00186994
0.00186947
0.00186874
0.00186767
0.00186642
0.00186506
0.00186371
0.00186268
0.00186192
0.00186108
0.00185995
0.00185875
0.00185763
0.00185657
0.00185543
0.00185409
0.00185275
0.00185161
0.00185061
0.00184957
0.00184859
0.00184824
0.00184893
0.00184999
0.00185038
0.00184997
0.00184912
0.00184802
0.0018467
0.00184545
0.00184466
0.00184437
0.00184453
0.00184502
0.00184539
0.00184517
0.00184417
0.00184283
0.00184196
0.00184179
0.00184153
0.00184055
0.00183923
0.00183793
0.00183662
0.0018353
0.00183407
0.0018329
0.00183167
0.00183038
0.00182907
0.00182776
0.00182654
0.0018253
0.00182401
0.00182271
0.00182152
0.00182061
0.00181992
0.00181928
0.00181842
0.00181728
0.00181603
0.00181477
0.00181355
0.0018123
0.00181103
0.00181011
0.00180961
0.00180908
0.00180802
0.00180674
0.0018058
0.00180517
0.00180422
0.00180295
0.00180234
0.00180278
0.00180387
0.00180471
0.00180444
0.00180333
0.00180207
0.00180089
0.00179974
0.00179857
0.00179736
0.00179616
0.00179501
0.00179403
0.00179354
0.00179397
0.00179559
0.00179761
0.00179834
0.00179739
0.00179627
0.00179593
0.00179567
0.00179491
0.00179372
0.00179259
0.00179211
0.00179218
0.00179206
0.00179129
0.00179005
0.00178905
0.00178847
0.00178805
0.00178765
0.00178709
0.00178633
0.00178555
0.00178495
0.00178478
0.00178493
0.00178483
0.00178394
0.00178273
0.00178185
0.00178108
0.00178012
0.00177907
0.00177827
0.00177809
0.00177886
0.00178048
0.00178246
0.00178357
0.00178298
0.00178182
0.00178211
0.00178449
0.00178767
0.00179013
0.00179143
0.00179144
0.00179056
0.00178934
0.00178833
0.0017875
0.00178662
0.00178557
0.00178441
0.00178322
0.00178202
0.00178083
0.00177976
0.0017789
0.00177794
0.00177675
0.00177633
0.00177755
0.00177924
0.0017795
0.00177843
0.00177743
0.00177669
0.00177565
0.00177447
0.00177337
0.0017722
0.0017712
0.00177087
0.00177072
0.00177023
0.00176947
0.00176865
0.00176774
0.00176659
0.00176554
0.00176513
0.00176546
0.00176596
0.00176595
0.0017653
0.00176417
0.00176308
0.00176229
0.00176148
0.00176039
0.0017593
0.0017588
0.00175915
0.00175954
0.00175906
0.00175793
0.00175694
0.0017562
0.00175538
0.00175432
0.00175318
0.00175211
0.00175106
0.00174993
0.00174882
0.00174789
0.00174708
0.00174628
0.00174555
0.00174492
0.00174441
0.00174396
0.00174309
0.00174198
0.00174153
0.00174129
0.0017404
0.00173929
0.00173839
0.00173731
0.0017363
0.00173581
0.00173556
0.00173487
0.00173377
0.00173279
0.00173207
0.00173132
0.00173041
0.0017294
0.00172837
0.00172735
0.00172633
0.00172531
0.00172426
0.00172318
0.00172208
0.00172099
0.0017199
0.00171892
0.00171814
0.00171723
0.00171614
0.00171542
0.00171595
0.00171771
0.00171933
0.0017195
0.00171854
0.00171759
0.00171719
0.00171713
0.00171725
0.00171735
0.00171707
0.00171626
0.00171519
0.00171417
0.0017133
0.00171242
0.00171137
0.0017103
0.00170923
0.00170827
0.00170772
0.00170748
0.00170705
0.00170623
0.00170518
0.00170413
0.00170307
0.00170201
0.00170105
0.00170048
0.00170041
0.00170036
0.00169965
0.00169863
0.00169892
0.0017007
0.00170198
0.00170165
0.00170061
0.00169966
0.00169878
0.00169777
0.00169673
0.0016957
0.00169468
0.00169391
0.00169337
0.00169286
0.00169213
0.00169117
0.00169015
0.00168955
0.00168966
0.00168979
0.0016893
0.00168843
0.00168749
0.00168659
0.0016856
0.00168457
0.00168369
0.0016832
0.00168334
0.00168417
0.00168511
0.00168539
0.00168478
0.00168376
0.00168282
0.00168193
0.00168097
0.00167997
0.00167898
0.00167799
0.00167701
0.00167607
0.00167522
0.00167444
0.00167375
0.00167311
0.00167239
0.00167145
0.00167045
0.00166954
0.00166865
0.00166769
0.00166669
0.00166569
0.00166469
0.0016637
0.00166272
0.00166174
0.00166078
0.00165989
0.00165901
0.00165805
0.00165709
0.00165649
0.0016567
0.00165783
0.00165926
0.00166026
0.00166053
0.00166021
0.00165957
0.00165871
0.00165774
0.00165678
0.00165603
0.00165583
0.00165643
0.00165777
0.00165945
0.00166088
0.00166173
0.00166179
0.00166109
0.00166012
0.00165976
0.00166083
0.00166345
0.00166755
0.00167223
0.00167557
0.00167638
0.00167553
0.00167478
0.00167478
0.00167492
0.00167486
0.00167476
0.00167497
0.00167523
0.00167499
0.00167436
0.00167359
0.00167275
0.00167177
0.00167117
0.00167245
0.00167614
0.00168019
0.00168215
0.00168188
0.0016809
0.00168047
0.00168098
0.00168221
0.00168367
0.00168452
0.00168418
0.00168322
0.00168242
0.00168174
0.00168088
0.00167991
0.00167894
0.00167805
0.00167759
0.00167756
0.00167747
0.00167707
0.00167647
0.00167579
0.00167498
0.00167402
0.0016734
0.001674
0.00167589
0.00167783
0.00167863
0.001678
0.00167717
0.00167759
0.00167888
0.00167966
0.00167935
0.00167847
0.00167751
0.00167657
0.00167562
0.00167467
0.00167372
0.00167277
0.00167185
0.00167101
0.0016704
0.00167022
0.00167024
0.0016699
0.00166911
0.00166817
0.00166771
0.00166826
0.00166898
0.00166855
0.00166763
0.0016673
0.00166765
0.00166821
0.0016684
0.00166802
0.00166725
0.00166631
0.00166561
0.00166573
0.00166689
0.00166865
0.00166982
0.00166953
0.00166862
0.00166867
0.00166954
0.00166994
0.00166939
0.00166845
0.00166775
0.00166746
0.00166735
0.00166711
0.00166646
0.00166553
0.0016648
0.00166451
0.00166443
0.00166401
0.00166316
0.0016623
0.00166176
0.00166124
0.00166052
0.00165969
0.0016588
0.00165788
0.00165697
0.00165605
0.00165514
0.00165424
0.0016535
0.00165316
0.00165333
0.00165379
0.00165405
0.00165366
0.00165275
0.00165236
0.00165324
0.00165484
0.00165591
0.00165571
0.00165481
0.00165414
0.0016539
0.0016536
0.0016529
0.001652
0.00165127
0.00165071
0.00165006
0.00164923
0.00164833
0.0016475
0.00164666
0.00164577
0.00164512
0.00164507
0.0016455
0.0016458
0.00164533
0.00164444
0.00164378
0.00164346
0.00164317
0.00164274
0.00164214
0.00164147
0.00164082
0.00164031
0.00163986
0.00163931
0.0016386
0.00163777
0.00163689
0.00163601
0.00163513
0.00163435
0.0016335
0.00163271
0.00163224
0.00163167
0.00163091
0.00163006
0.00162919
0.00162833
0.00162752
0.00162673
0.00162588
0.00162501
0.00162415
0.00162329
0.00162248
0.00162176
0.00162104
0.00162022
0.00161942
0.00161928
0.00161994
0.00162026
0.00161963
0.00161881
0.00161843
0.00161859
0.00161926
0.00162003
0.00162027
0.00161975
0.00161889
0.00161815
0.0016175
0.00161686
0.00161626
0.00161579
0.00161557
0.00161557
0.00161558
0.00161524
0.00161448
0.00161368
0.00161334
0.0016136
0.00161416
0.00161446
0.00161414
0.00161335
0.00161256
0.00161216
0.00161208
0.00161193
0.00161153
0.00161088
0.00161006
0.00160924
0.00160848
0.00160769
0.00160686
0.00160603
0.00160522
0.00160443
0.00160359
0.00160289
0.0016025
0.00160227
0.00160202
0.00160164
0.00160101
0.00160019
0.00159938
0.00159857
0.00159775
0.00159693
0.00159612
0.00159549
0.00159505
0.00159456
0.00159384
0.00159302
0.00159255
0.00159273
0.00159321
0.00159297
0.00159215
0.00159154
0.0015911
0.00159053
0.00158975
0.00158894
0.00158817
0.00158738
0.00158658
0.00158594
0.00158551
0.00158503
0.00158426
0.0015836
0.00158343
0.0015831
0.00158233
0.00158164
0.00158119
0.00158062
0.00157982
0.00157916
0.00157872
0.00157821
0.00157745
0.00157669
0.00157609
0.00157542
0.00157463
0.00157409
0.00157378
0.00157324
0.00157248
0.0015717
0.00157095
0.00157018
0.00156939
0.00156863
0.00156784
0.00156706
0.00156632
0.00156555
0.00156479
0.00156429
0.00156436
0.00156472
0.00156468
0.00156403
0.00156325
0.00156259
0.00156205
0.00156159
0.00156113
0.00156071
0.00156025
0.0015596
0.00155882
0.00155809
0.00155735
0.00155657
0.00155587
0.00155526
0.00155473
0.00155425
0.00155377
0.00155318
0.00155246
0.0015517
0.00155092
0.00155016
0.00154941
0.00154865
0.0015479
0.0015475
0.00154809
0.00154986
0.00155199
0.0015534
0.00155366
0.00155322
0.00155258
0.00155189
0.00155117
0.00155041
0.00154966
0.00154897
0.00154837
0.00154793
0.00154766
0.00154728
0.00154662
0.00154587
0.00154524
0.0015446
0.00154384
0.00154335
0.00154353
0.00154406
0.00154439
0.00154421
0.00154366
0.00154291
0.00154228
0.00154193
0.00154173
0.00154137
0.00154073
0.00153998
0.00153932
0.00153886
0.00153853
0.00153818
0.0015377
0.00153708
0.00153637
0.00153563
0.00153488
0.00153416
0.0015336
0.00153347
0.00153383
0.00153405
0.0015337
0.00153304
0.0015323
0.00153158
0.00153092
0.00153024
0.0015295
0.00152879
0.00152816
0.00152755
0.00152692
0.00152624
0.00152555
0.00152488
0.00152424
0.00152358
0.00152285
0.00152221
0.0015218
0.00152149
0.00152096
0.00152023
0.00151964
0.00151932
0.00151887
0.00151815
0.00151814
0.00151968
0.00152225
0.00152483
0.00152616
0.00152591
0.00152522
0.00152516
0.00152532
0.00152513
0.00152463
0.00152405
0.00152351
0.0015231
0.00152283
0.00152269
0.0015227
0.00152271
0.00152239
0.00152173
0.00152101
0.00152038
0.00151981
0.00151927
0.00151869
0.00151809
0.00151749
0.0015169
0.00151626
0.00151555
0.00151484
0.00151413
0.00151342
0.00151272
0.00151216
0.00151193
0.00151196
0.00151173
0.00151107
0.00151055
0.00151087
0.00151151
0.00151147
0.00151086
0.00151016
0.00150955
0.00150898
0.00150835
0.00150765
0.00150709
0.00150663
0.001506
0.00150532
0.00150491
0.00150482
0.00150483
0.00150483
0.00150468
0.00150431
0.00150381
0.00150324
0.00150267
0.00150209
0.00150149
0.00150085
0.00150015
0.0014997
0.00149994
0.00150052
0.00150061
0.00150006
0.00149937
0.00149871
0.00149808
0.0014975
0.00149693
0.00149627
0.00149559
0.00149495
0.00149434
0.00149371
0.00149304
0.00149236
0.00149173
0.00149131
0.00149116
0.00149117
0.00149115
0.00149078
0.00149011
0.00148949
0.00148892
0.00148826
0.00148759
0.00148694
0.00148626
0.00148566
0.00148529
0.00148511
0.00148473
0.00148409
0.00148343
0.00148283
0.00148228
0.00148174
0.00148109
0.00148046
0.00148001
0.00147965
0.00147917
0.00147851
0.00147793
0.00147761
0.00147748
0.0014774
0.00147711
0.00147662
0.00147602
0.00147539
0.00147477
0.00147413
0.00147349
0.00147283
0.00147217
0.00147151
0.00147086
0.00147024
0.00146961
0.00146896
0.0014683
0.00146767
0.00146724
0.00146742
0.00146841
0.00146955
0.00147023
0.0014704
0.0014702
0.00146971
0.00146906
0.00146843
0.00146788
0.00146729
0.00146668
0.00146609
0.00146561
0.00146531
0.00146517
0.001465
0.00146461
0.00146402
0.00146336
0.00146273
0.0014621
0.00146145
0.00146081
0.00146016
0.00145951
0.00145887
0.00145825
0.00145761
0.00145698
0.0014565
0.0014563
0.00145622
0.00145601
0.00145557
0.00145496
0.00145432
0.00145374
0.00145319
0.00145257
0.00145196
0.00145157
0.00145136
0.00145093
0.00145029
0.00144972
0.00144927
0.00144889
0.00144853
0.00144807
0.00144746
0.00144683
0.00144619
0.00144559
0.00144516
0.00144486
0.00144452
0.00144408
0.00144355
0.00144299
0.00144242
0.00144188
0.00144136
0.00144084
0.00144025
0.00143963
0.00143904
0.00143859
0.00143826
0.00143802
0.00143778
0.00143751
0.00143724
0.00143694
0.00143651
0.00143598
0.00143547
0.00143518
0.00143509
0.00143488
0.00143432
0.00143375
0.0014335
0.00143359
0.00143381
0.00143399
0.00143391
0.00143358
0.00143312
0.00143266
0.00143219
0.00143162
0.00143103
0.00143077
0.00143118
0.00143206
0.00143265
0.00143257
0.00143209
0.00143151
0.00143089
0.00143032
0.00142995
0.00142985
0.00143
0.0014301
0.00142987
0.00142942
0.00142887
0.00142831
0.00142779
0.00142734
0.00142685
0.00142625
0.00142568
0.00142533
0.0014252
0.00142504
0.00142472
0.00142423
0.00142367
0.00142306
0.00142248
0.00142205
0.00142181
0.00142173
0.00142175
0.00142173
0.00142152
0.00142107
0.00142048
0.00141993
0.00141969
0.00141998
0.00142075
0.00142146
0.00142167
0.00142139
0.00142088
0.00142028
0.00141969
0.00141921
0.00141894
0.00141907
0.00141978
0.0014211
0.0014228
0.00142426
0.00142483
0.00142439
0.00142408
0.00142537
0.00142785
0.0014301
0.00143122
0.00143125
0.00143078
0.0014302
0.0014296
0.001429
0.0014284
0.00142781
0.00142722
0.00142683
0.00142708
0.00142815
0.00142982
0.00143119
0.00143145
0.00143089
0.00143043
0.00143008
0.00142956
0.00142897
0.00142838
0.00142778
0.0014272
0.00142661
0.00142602
0.00142547
0.00142499
0.00142456
0.00142407
0.00142348
0.00142303
0.00142299
0.00142337
0.00142394
0.00142459
0.00142516
0.00142549
0.00142545
0.00142503
0.00142445
0.00142394
0.00142369
0.00142371
0.00142387
0.00142398
0.0014239
0.00142364
0.00142325
0.0014228
0.00142231
0.00142173
0.00142117
0.00142072
0.00142035
0.00142
0.00141959
0.00141906
0.00141847
0.00141803
0.00141781
0.00141753
0.001417
0.00141648
0.0014162
0.00141594
0.00141549
0.00141492
0.00141434
0.00141378
0.0014132
0.00141262
0.00141206
0.00141155
0.00141105
0.00141047
0.00141006
0.00141001
0.00140998
0.00140955
0.00140898
0.00140847
0.00140793
0.00140737
0.00140695
0.00140662
0.00140616
0.0014056
0.00140503
0.00140447
0.00140391
0.00140337
0.00140288
0.00140236
0.00140181
0.00140126
0.00140071
0.00140014
0.00139968
0.00139944
0.00139918
0.0013987
0.00139814
0.00139758
0.00139703
0.00139652
0.00139604
0.00139553
0.00139497
0.00139442
0.00139391
0.00139349
0.00139322
0.00139321
0.00139352
0.00139403
0.0013943
0.001394
0.00139344
0.00139306
0.00139275
0.00139228
0.00139172
0.00139131
0.00139098
0.00139059
0.00139007
0.00138952
0.00138911
0.00138901
0.00138912
0.00138899
0.00138855
0.00138799
0.00138745
0.0013869
0.00138635
0.00138582
0.00138529
0.00138478
0.00138436
0.00138418
0.0013842
0.00138402
0.00138351
0.00138301
0.00138272
0.0013825
0.00138218
0.00138174
0.00138123
0.00138069
0.00138014
0.0013796
0.00137908
0.00137861
0.00137818
0.00137771
0.00137718
0.00137665
0.00137615
0.00137572
0.00137539
0.00137518
0.00137515
0.00137524
0.00137528
0.00137508
0.00137468
0.00137415
0.00137363
0.00137326
0.00137311
0.0013731
0.00137305
0.00137284
0.0013725
0.00137206
0.00137155
0.00137101
0.00137048
0.00136995
0.00136942
0.00136889
0.00136836
0.00136784
0.00136737
0.001367
0.00136673
0.00136644
0.00136609
0.00136568
0.00136522
0.00136472
0.00136421
0.0013637
0.0013632
0.00136269
0.00136217
0.00136176
0.00136141
0.00136095
0.00136042
0.00135992
0.00135939
0.00135908
0.00135916
0.00135905
0.00135857
0.00135809
0.00135771
0.00135729
0.00135682
0.00135633
0.00135585
0.00135538
0.00135492
0.00135444
0.00135394
0.00135343
0.00135292
0.00135243
0.00135199
0.00135156
0.00135107
0.00135055
0.0013501
0.00134974
0.00134941
0.00134911
0.00134879
0.00134835
0.00134785
0.00134733
0.00134687
0.00134662
0.00134658
0.00134656
0.00134636
0.00134591
0.00134541
0.00134506
0.00134483
0.00134447
0.00134397
0.00134346
0.00134296
0.00134247
0.00134219
0.00134229
0.00134263
0.00134293
0.00134298
0.00134268
0.00134219
0.00134171
0.00134139
0.00134126
0.00134137
0.00134169
0.00134195
0.00134187
0.00134147
0.00134096
0.00134047
0.00134007
0.00133987
0.00133987
0.00133986
0.00133962
0.00133913
0.00133872
0.00133871
0.00133891
0.00133878
0.00133829
0.00133787
0.00133762
0.00133732
0.00133685
0.0013364
0.00133638
0.00133691
0.00133742
0.00133735
0.00133686
0.0013366
0.0013369
0.00133716
0.00133682
0.00133636
0.00133616
0.00133601
0.00133567
0.00133518
0.00133472
0.0013343
0.00133381
0.00133334
0.00133302
0.00133285
0.00133275
0.00133252
0.0013321
0.0013316
0.00133114
0.00133074
0.00133038
0.00133007
0.00132991
0.00133013
0.0013305
0.00133033
0.00132984
0.00132991
0.00133074
0.00133165
0.001332
0.00133176
0.00133127
0.00133087
0.0013307
0.00133068
0.00133066
0.00133041
0.00132997
0.00132948
0.00132899
0.0013285
0.00132805
0.00132772
0.00132742
0.00132699
0.00132652
0.00132624
0.00132603
0.00132561
0.00132516
0.00132511
0.00132542
0.00132562
0.00132541
0.00132492
0.0013246
0.00132483
0.00132554
0.00132622
0.00132643
0.00132625
0.00132585
0.00132537
0.0013249
0.00132451
0.00132423
0.001324
0.00132372
0.00132327
0.00132285
0.00132283
0.00132312
0.00132324
0.00132301
0.00132257
0.00132209
0.00132161
0.00132114
0.00132072
0.00132056
0.00132114
0.00132287
0.00132515
0.00132675
0.00132718
0.00132684
0.00132638
0.00132623
0.00132628
0.00132627
0.00132612
0.0013259
0.00132569
0.00132547
0.00132518
0.00132476
0.00132429
0.00132381
0.00132334
0.00132286
0.00132239
0.00132197
0.0013216
0.00132123
0.00132083
0.00132038
0.00131991
0.00131945
0.00131905
0.00131868
0.00131838
0.00131827
0.00131833
0.0013183
0.00131792
0.00131746
0.0013172
0.00131703
0.00131677
0.00131638
0.00131591
0.00131544
0.00131502
0.00131471
0.00131451
0.00131424
0.00131381
0.00131336
0.00131309
0.00131296
0.00131277
0.00131249
0.0013122
0.00131205
0.00131214
0.00131231
0.00131234
0.00131212
0.00131166
0.00131147
0.00131235
0.00131438
0.00131646
0.00131753
0.00131753
0.00131708
0.00131668
0.00131637
0.00131604
0.00131567
0.00131532
0.00131514
0.00131532
0.0013161
0.00131721
0.00131782
0.00131766
0.00131719
0.00131702
0.00131725
0.00131751
0.00131753
0.00131731
0.00131698
0.0013166
0.00131631
0.00131614
0.00131587
0.0013154
0.00131522
0.00131565
0.00131617
0.00131626
0.00131602
0.00131564
0.00131523
0.00131478
0.00131435
0.00131425
0.00131449
0.00131469
0.00131456
0.00131416
0.0013137
0.00131324
0.00131281
0.00131245
0.00131208
0.00131162
0.0013113
0.00131154
0.00131231
0.00131292
0.00131305
0.00131271
0.00131225
0.00131189
0.00131173
0.00131174
0.00131177
0.00131162
0.00131125
0.00131079
0.00131041
0.00131007
0.00130971
0.00130934
0.00130902
0.00130876
0.00130848
0.00130808
0.00130763
0.00130722
0.00130683
0.0013064
0.00130594
0.00130553
0.00130513
0.0013047
0.00130425
0.00130388
0.00130365
0.00130343
0.00130313
0.00130277
0.00130242
0.00130212
0.00130189
0.00130163
0.00130123
0.00130078
0.00130035
0.00129991
0.00129947
0.00129904
0.00129867
0.00129853
0.0012987
0.00129897
0.00129904
0.00129885
0.00129847
0.00129804
0.00129761
0.00129723
0.00129687
0.00129647
0.00129603
0.00129565
0.00129531
0.00129491
0.00129447
0.00129403
0.00129359
0.00129317
0.00129295
0.00129328
0.00129409
0.00129485
0.00129508
0.00129484
0.00129442
0.00129398
0.00129358
0.00129325
0.00129297
0.00129267
0.00129232
0.00129192
0.0012915
0.00129108
0.00129071
0.00129043
0.00129027
0.00129017
0.00129013
0.00129019
0.00129034
0.00129027
0.00128988
0.00128948
0.00128928
0.00128918
0.00128907
0.00128892
0.00128872
0.00128844
0.0012881
0.00128774
0.00128739
0.00128707
0.00128678
0.00128646
0.00128605
0.0012857
0.00128585
0.00128652
0.00128712
0.00128725
0.00128699
0.00128657
0.00128616
0.00128583
0.00128549
0.00128508
0.00128467
0.00128438
0.00128442
0.00128469
0.00128486
0.0012847
0.00128431
0.00128389
0.00128357
0.00128337
0.00128319
0.001283
0.00128277
0.00128243
0.001282
0.0012816
0.00128122
0.0012808
0.00128038
0.00128004
0.00127972
0.00127931
0.00127892
0.00127877
0.0012788
0.00127885
0.00127879
0.00127854
0.00127815
0.00127773
0.00127731
0.00127689
0.00127648
0.00127605
0.00127569
0.0012755
0.00127522
0.0012748
0.0012748
0.00127579
0.00127738
0.00127866
0.00127912
0.00127899
0.00127863
0.00127822
0.0012778
0.00127738
0.00127696
0.00127655
0.00127615
0.00127578
0.00127556
0.00127567
0.00127617
0.00127668
0.00127683
0.00127658
0.00127616
0.0012758
0.00127547
0.0012751
0.00127469
0.00127428
0.00127389
0.00127354
0.00127319
0.00127279
0.00127237
0.00127197
0.00127156
0.00127114
0.00127077
0.0012705
0.00127029
0.00127001
0.00126961
0.0012692
0.00126881
0.00126848
0.0012683
0.00126838
0.0012686
0.0012687
0.0012686
0.00126832
0.00126793
0.00126752
0.00126716
0.00126693
0.00126676
0.00126666
0.00126662
0.00126664
0.00126656
0.00126625
0.00126583
0.00126546
0.00126506
0.00126465
0.00126427
0.00126386
0.00126359
0.00126382
0.00126457
0.00126542
0.00126594
0.00126595
0.00126562
0.00126521
0.0012648
0.00126441
0.00126404
0.00126377
0.00126369
0.00126385
0.00126412
0.00126426
0.00126408
0.00126369
0.00126328
0.00126288
0.00126247
0.00126207
0.00126166
0.00126128
0.00126096
0.00126064
0.00126025
0.00125987
0.00125957
0.00125932
0.0012591
0.00125893
0.00125879
0.00125856
0.00125816
0.00125795
0.00125827
0.00125874
0.00125882
0.00125857
0.00125819
0.0012578
0.00125741
0.00125701
0.00125662
0.0012563
0.00125612
0.00125603
0.00125595
0.00125577
0.00125543
0.00125503
0.0012547
0.00125441
0.00125403
0.00125365
0.00125333
0.00125298
0.00125258
0.00125221
0.00125187
0.00125153
0.00125117
0.0012508
0.00125045
0.0012501
0.00124972
0.00124932
0.00124896
0.00124861
0.00124829
0.00124802
0.00124777
0.00124743
0.00124703
0.00124666
0.00124638
0.0012462
0.00124602
0.00124576
0.00124541
0.00124504
0.00124467
0.00124432
0.00124398
0.00124362
0.00124325
0.00124286
0.00124247
0.0012421
0.0012418
0.00124157
0.00124135
0.00124108
0.00124077
0.00124042
0.00124004
0.00123967
0.00123943
0.00123942
0.00123948
0.00123935
0.001239
0.00123861
0.00123829
0.00123798
0.00123767
0.0012373
0.00123692
0.00123653
0.00123614
0.00123576
0.00123539
0.00123501
0.00123462
0.0012343
0.00123397
0.00123358
0.00123334
0.00123339
0.00123361
0.00123372
0.00123354
0.00123316
0.00123294
0.00123317
0.00123351
0.00123351
0.00123316
0.00123285
0.00123288
0.0012331
0.0012331
0.00123282
0.00123244
0.00123214
0.00123208
0.0012321
0.00123197
0.00123163
0.00123128
0.00123125
0.00123143
0.00123142
0.0012311
0.00123072
0.00123039
0.00123005
0.00122971
0.00122935
0.00122897
0.0012286
0.00122829
0.00122801
0.00122767
0.00122729
0.00122693
0.00122657
0.00122619
0.00122586
0.00122556
0.00122521
0.00122484
0.0012245
0.00122428
0.00122422
0.00122423
0.0012241
0.00122378
0.0012234
0.00122305
0.00122269
0.00122232
0.00122195
0.00122164
0.00122144
0.00122134
0.0012212
0.00122093
0.00122056
0.00122019
0.00121984
0.00121948
0.00121911
0.00121876
0.00121844
0.00121813
0.0012178
0.00121744
0.00121707
0.0012167
0.00121633
0.00121597
0.00121565
0.00121537
0.00121508
0.00121472
0.00121437
0.00121418
0.00121415
0.00121417
0.00121406
0.00121383
0.00121351
0.00121315
0.00121278
0.00121241
0.00121205
0.0012117
0.00121133
0.00121098
0.00121068
0.00121041
0.00121011
0.00120975
0.00120939
0.00120911
0.00120893
0.00120874
0.00120848
0.00120813
0.00120777
0.00120751
0.00120746
0.00120764
0.0012079
0.00120797
0.00120772
0.00120736
0.00120701
0.00120667
0.00120633
0.00120597
0.00120561
0.00120524
0.00120488
0.00120454
0.0012043
0.0012041
0.0012038
0.00120344
0.00120317
0.00120299
0.0012028
0.00120252
0.00120216
0.00120181
0.00120144
0.00120109
0.00120074
0.0012004
0.00120004
0.00119969
0.00119938
0.00119916
0.00119907
0.00119908
0.00119902
0.00119873
0.00119838
0.00119821
0.00119826
0.00119838
0.00119837
0.00119817
0.00119783
0.00119748
0.00119721
0.00119696
0.00119663
0.00119628
0.00119593
0.00119559
0.00119526
0.00119493
0.00119458
0.00119423
0.0011939
0.00119366
0.00119356
0.00119355
0.00119341
0.00119308
0.00119276
0.00119257
0.00119238
0.00119209
0.00119174
0.00119151
0.00119149
0.00119147
0.00119123
0.00119088
0.00119086
0.00119135
0.00119197
0.00119218
0.00119189
0.00119162
0.00119167
0.00119169
0.00119148
0.00119115
0.00119079
0.00119045
0.00119012
0.00118979
0.00118944
0.00118914
0.00118887
0.00118852
0.00118821
0.00118801
0.00118785
0.00118764
0.00118735
0.001187
0.00118666
0.00118633
0.001186
0.00118565
0.00118531
0.00118503
0.00118486
0.00118468
0.00118439
0.00118405
0.00118384
0.00118385
0.00118389
0.0011838
0.00118354
0.00118321
0.00118289
0.00118259
0.0011823
0.001182
0.00118167
0.00118133
0.00118103
0.00118081
0.00118064
0.0011805
0.00118028
0.00117998
0.00117965
0.00117932
0.00117899
0.00117867
0.00117834
0.001178
0.00117767
0.00117739
0.00117722
0.0011771
0.00117697
0.00117675
0.00117645
0.0011761
0.00117577
0.00117543
0.00117509
0.00117476
0.0011745
0.00117445
0.00117461
0.00117474
0.00117462
0.0011743
0.00117402
0.00117401
0.00117411
0.00117397
0.00117365
0.00117332
0.00117303
0.00117273
0.0011724
0.00117208
0.00117178
0.00117144
0.00117115
0.00117087
0.00117053
0.00117031
0.00117034
0.00117035
0.00117012
0.00116979
0.00116945
0.00116912
0.00116882
0.00116854
0.00116824
0.00116792
0.00116759
0.00116726
0.00116694
0.00116662
0.00116629
0.00116596
0.00116562
0.00116533
0.00116517
0.00116503
0.00116476
0.00116443
0.00116411
0.00116379
0.00116348
0.00116327
0.00116329
0.0011636
0.00116389
0.00116382
0.00116349
0.00116327
0.00116329
0.00116349
0.00116378
0.00116395
0.0011638
0.00116347
0.00116316
0.00116284
0.00116256
0.00116246
0.00116238
0.00116216
0.00116183
0.00116156
0.00116148
0.00116156
0.00116165
0.00116165
0.00116164
0.00116174
0.00116197
0.00116212
0.00116199
0.00116167
0.0011614
0.00116124
0.00116102
0.0011607
0.00116038
0.00116007
0.00115974
0.00115943
0.00115918
0.00115892
0.0011586
0.00115835
0.00115836
0.00115843
0.00115829
0.00115799
0.00115766
0.00115738
0.00115717
0.00115705
0.00115702
0.001157
0.00115693
0.00115676
0.00115652
0.00115622
0.00115589
0.00115557
0.00115528
0.00115501
0.00115478
0.00115465
0.00115474
0.00115521
0.00115596
0.00115653
0.00115658
0.00115628
0.001156
0.00115583
0.00115564
0.00115538
0.00115508
0.00115481
0.00115465
0.00115467
0.00115484
0.001155
0.001155
0.00115484
0.00115456
0.00115424
0.00115399
0.00115394
0.00115401
0.00115397
0.00115373
0.0011534
0.0011531
0.00115282
0.00115253
0.00115223
0.00115192
0.00115162
0.0011513
0.001151
0.00115081
0.00115066
0.00115046
0.00115022
0.00114996
0.00114968
0.00114941
0.00114912
0.00114883
0.00114852
0.00114821
0.0011479
0.0011477
0.00114769
0.00114775
0.00114768
0.0011474
0.0011471
0.00114692
0.00114687
0.00114675
0.00114646
0.00114617
0.001146
0.00114588
0.00114568
0.00114537
0.0011451
0.0011449
0.00114467
0.00114436
0.00114405
0.00114373
0.00114342
0.00114311
0.00114279
0.00114248
0.00114219
0.00114193
0.00114165
0.00114134
0.00114102
0.00114072
0.00114047
0.00114021
0.0011399
0.00113962
0.00113948
0.00113948
0.00113943
0.00113924
0.00113895
0.00113864
0.00113833
0.00113803
0.00113777
0.00113752
0.00113722
0.00113693
0.00113672
0.00113654
0.00113627
0.00113598
0.00113591
0.00113614
0.00113631
0.00113614
0.00113585
0.00113606
0.00113709
0.00113832
0.00113886
0.00113868
0.00113842
0.00113853
0.00113884
0.00113894
0.00113875
0.00113844
0.00113815
0.00113789
0.00113758
0.00113731
0.00113723
0.00113732
0.00113728
0.00113702
0.00113672
0.00113655
0.0011365
0.00113648
0.00113644
0.00113637
0.00113631
0.00113626
0.0011361
0.00113582
0.00113553
0.00113534
0.00113515
0.00113487
0.00113457
0.00113431
0.00113402
0.00113371
0.00113342
0.00113313
0.00113283
0.00113253
0.00113223
0.00113195
0.00113167
0.00113139
0.00113109
0.0011308
0.00113058
0.00113049
0.00113043
0.00113031
0.00113007
0.00112977
0.00112949
0.00112924
0.00112902
0.00112885
0.00112875
0.00112879
0.00112897
0.00112912
0.00112901
0.0011287
0.00112848
0.00112838
0.00112826
0.00112804
0.00112774
0.00112745
0.00112717
0.00112687
0.00112658
0.00112629
0.00112599
0.00112574
0.00112554
0.00112532
0.00112502
0.00112478
0.00112493
0.00112567
0.00112659
0.00112702
0.00112687
0.00112658
0.0011264
0.00112628
0.00112621
0.0011262
0.0011262
0.0011261
0.00112589
0.0011256
0.00112531
0.00112502
0.00112478
0.00112461
0.00112444
0.00112418
0.00112389
0.00112375
0.00112379
0.00112379
0.0011236
0.00112331
0.00112304
0.00112282
0.00112264
0.00112248
0.00112234
0.00112219
0.00112196
0.00112167
0.00112138
0.00112112
0.00112088
0.00112063
0.00112037
0.00112009
0.0011198
0.0011195
0.00111921
0.00111895
0.00111871
0.00111847
0.00111826
0.00111812
0.00111803
0.00111793
0.00111773
0.00111746
0.00111717
0.00111687
0.00111658
0.0011163
0.00111613
0.00111604
0.00111585
0.00111556
0.00111552
0.00111592
0.00111648
0.00111673
0.00111658
0.00111628
0.00111615
0.00111626
0.00111654
0.00111699
0.00111771
0.00111863
0.00111944
0.00111978
0.00111963
0.00111933
0.00111917
0.00111912
0.0011191
0.00111906
0.00111904
0.00111911
0.00111926
0.00111936
0.00111918
0.0011189
0.0011188
0.00111874
0.00111857
0.00111832
0.00111807
0.00111787
0.00111773
0.00111755
0.00111729
0.001117
0.00111676
0.00111658
0.00111643
0.00111623
0.00111597
0.00111568
0.0011154
0.00111521
0.00111522
0.0011153
0.00111518
0.0011149
0.0011147
0.00111474
0.00111501
0.00111545
0.0011159
0.0011162
0.00111626
0.0011161
0.00111585
0.00111557
0.00111528
0.00111503
0.00111494
0.00111525
0.00111594
0.00111662
0.00111688
0.00111674
0.00111648
0.00111619
0.0011159
0.00111561
0.00111534
0.00111515
0.00111504
0.00111487
0.00111461
0.00111433
0.00111414
0.00111406
0.00111399
0.00111383
0.00111357
0.00111329
0.00111301
0.00111274
0.00111245
0.00111217
0.00111192
0.00111174
0.00111156
0.00111133
0.00111106
0.00111078
0.00111049
0.00111021
0.00110992
0.00110964
0.00110935
0.00110906
0.00110878
0.00110851
0.00110831
0.00110819
0.00110819
0.0011082
0.00110813
0.00110795
0.00110769
0.0011074
0.00110713
0.00110689
0.00110666
0.00110641
0.00110615
0.00110587
0.0011056
0.00110534
0.00110515
0.0011051
0.00110513
0.00110515
0.00110507
0.00110486
0.00110458
0.00110431
0.00110407
0.00110384
0.00110366
0.00110361
0.00110373
0.00110394
0.00110403
0.00110389
0.00110362
0.00110335
0.0011031
0.00110283
0.00110256
0.00110228
0.00110201
0.00110178
0.00110155
0.00110128
0.001101
0.00110073
0.00110045
0.0011002
0.00110004
0.00109996
0.00109991
0.00109982
0.00109964
0.0010994
0.00109913
0.00109885
0.00109857
0.00109829
0.00109802
0.00109774
0.0010975
0.00109735
0.0010973
0.00109732
0.00109739
0.0010975
0.00109762
0.00109777
0.00109787
0.00109782
0.0010976
0.00109733
0.00109705
0.00109678
0.0010965
0.00109623
0.00109596
0.00109577
0.00109575
0.00109589
0.0010961
0.00109629
0.00109628
0.00109607
0.00109579
0.00109556
0.00109533
0.00109505
0.00109481
0.00109462
0.00109442
0.00109415
0.00109389
0.00109376
0.0010938
0.00109385
0.00109378
0.00109361
0.0010934
0.00109322
0.0010931
0.00109303
0.0010929
0.00109267
0.00109239
0.00109212
0.00109186
0.00109162
0.0010914
0.00109115
0.00109089
0.00109062
0.00109042
0.00109048
0.00109081
0.00109122
0.00109153
0.00109164
0.00109157
0.0010914
0.00109116
0.00109089
0.00109062
0.00109039
0.00109028
0.00109038
0.00109065
0.00109083
0.00109078
0.00109058
0.00109031
0.00109004
0.00108978
0.00108955
0.00108936
0.00108921
0.00108914
0.00108916
0.00108924
0.00108927
0.00108914
0.00108888
0.00108863
0.00108846
0.0010884
0.00108848
0.00108861
0.00108871
0.00108869
0.00108852
0.00108826
0.00108799
0.00108774
0.00108748
0.00108722
0.00108696
0.00108674
0.00108651
0.00108624
0.00108598
0.00108572
0.00108546
0.0010852
0.00108493
0.00108466
0.0010844
0.00108414
0.00108388
0.00108367
0.00108352
0.00108334
0.00108308
0.0010829
0.0010831
0.00108391
0.00108507
0.00108598
0.00108635
0.0010863
0.00108608
0.00108581
0.00108557
0.0010854
0.00108526
0.0010851
0.00108494
0.00108484
0.00108487
0.00108505
0.00108528
0.00108532
0.00108515
0.00108488
0.00108471
0.00108466
0.00108464
0.00108456
0.00108442
0.00108421
0.00108394
0.0010837
0.0010835
0.00108328
0.00108302
0.00108278
0.00108267
0.00108268
0.00108267
0.00108251
0.00108226
0.00108199
0.00108173
0.00108147
0.00108121
0.00108094
0.00108068
0.00108043
0.00108029
0.00108028
0.00108024
0.00108
0.0010798
0.00107987
0.00108014
0.00108028
0.00108012
0.00107986
0.00107974
0.00107968
0.00107952
0.0010793
0.00107904
0.00107878
0.00107853
0.00107835
0.0010783
0.00107835
0.00107831
0.0010781
0.00107785
0.00107772
0.00107773
0.0010777
0.00107751
0.00107725
0.00107711
0.00107719
0.00107729
0.00107716
0.0010769
0.00107675
0.00107673
0.00107662
0.00107637
0.00107617
0.00107607
0.00107589
0.00107563
0.0010755
0.00107554
0.00107564
0.00107568
0.00107565
0.00107559
0.00107545
0.00107521
0.00107497
0.00107496
0.00107524
0.00107567
0.00107598
0.00107599
0.00107575
0.00107553
0.00107547
0.00107547
0.00107535
0.00107513
0.00107487
0.00107464
0.00107445
0.00107427
0.00107404
0.00107379
0.00107355
0.00107332
0.0010731
0.00107288
0.00107268
0.00107247
0.00107226
0.00107202
0.00107178
0.00107153
0.00107128
0.00107104
0.0010709
0.00107075
0.0010705
0.00107033
0.00107027
0.00107012
0.00106987
0.00106963
0.00106945
0.00106935
0.00106929
0.00106923
0.00106924
0.00106925
0.00106911
0.00106886
0.00106866
0.00106847
0.00106823
0.00106799
0.00106787
0.0010678
0.00106766
0.00106741
0.00106721
0.00106713
0.00106705
0.00106686
0.00106661
0.00106644
0.00106646
0.00106661
0.00106664
0.00106642
0.00106623
0.00106626
0.00106621
0.00106595
0.00106602
0.00106692
0.00106821
0.00106889
0.00106877
0.00106862
0.00106894
0.00106944
0.00106969
0.00106966
0.00106947
0.00106923
0.00106897
0.00106873
0.00106851
0.00106832
0.00106815
0.00106796
0.00106771
0.00106748
0.00106728
0.00106706
0.00106681
0.00106657
0.00106633
0.00106608
0.00106585
0.00106567
0.0010655
0.0010653
0.00106506
0.00106481
0.0010646
0.00106451
0.00106449
0.0010644
0.00106418
0.00106393
0.00106369
0.00106344
0.00106321
0.00106297
0.00106272
0.00106248
0.00106227
0.00106217
0.00106217
0.00106216
0.001062
0.00106175
0.00106159
0.00106148
0.00106129
0.00106104
0.00106086
0.00106076
0.00106063
0.00106043
0.00106019
0.00105994
0.00105971
0.00105952
0.0010594
0.00105927
0.00105906
0.00105881
0.00105861
0.00105839
0.00105814
0.0010579
0.00105766
0.00105742
0.00105722
0.00105715
0.00105733
0.00105772
0.00105809
0.00105811
0.00105787
0.00105781
0.00105807
0.00105837
0.00105846
0.00105833
0.00105809
0.00105786
0.00105763
0.0010574
0.00105716
0.00105696
0.0010568
0.0010566
0.00105635
0.00105618
0.00105626
0.00105647
0.00105655
0.00105639
0.00105614
0.00105593
0.00105571
0.00105548
0.00105525
0.00105502
0.00105482
0.00105468
0.00105458
0.00105445
0.00105429
0.00105413
0.00105396
0.00105379
0.00105358
0.00105333
0.00105314
0.00105311
0.00105321
0.00105327
0.0010532
0.00105302
0.00105278
0.00105255
0.00105244
0.00105247
0.00105254
0.00105247
0.00105225
0.00105203
0.00105198
0.00105206
0.00105205
0.00105189
0.00105167
0.00105143
0.00105119
0.00105095
0.00105071
0.00105047
0.00105025
0.00105004
0.00104984
0.00104962
0.00104938
0.00104914
0.0010489
0.00104866
0.00104843
0.00104824
0.0010481
0.00104799
0.00104785
0.00104768
0.0010475
0.00104731
0.00104709
0.00104685
0.00104671
0.00104686
0.00104733
0.00104795
0.00104837
0.00104849
0.00104835
0.00104812
0.00104788
0.00104766
0.00104744
0.00104721
0.00104697
0.00104673
0.00104652
0.00104658
0.00104713
0.00104785
0.00104831
0.0010483
0.00104806
0.00104794
0.00104812
0.0010485
0.00104883
0.00104888
0.00104869
0.00104846
0.0010483
0.00104816
0.00104797
0.00104775
0.00104752
0.00104729
0.00104708
0.00104689
0.00104671
0.00104651
0.00104629
0.00104606
0.00104583
0.00104559
0.00104535
0.00104512
0.00104488
0.00104466
0.00104444
0.00104422
0.00104399
0.00104378
0.00104362
0.00104354
0.00104347
0.00104331
0.00104308
0.0010429
0.00104284
0.00104281
0.00104269
0.00104247
0.00104224
0.00104208
0.00104202
0.00104197
0.00104184
0.00104163
0.00104139
0.00104116
0.00104094
0.00104077
0.00104068
0.00104064
0.00104049
0.00104028
0.00104054
0.00104164
0.00104315
0.00104435
0.00104481
0.00104467
0.00104447
0.00104455
0.0010449
0.00104525
0.00104542
0.00104539
0.00104522
0.00104499
0.00104476
0.00104452
0.00104429
0.00104406
0.00104385
0.00104368
0.00104346
0.00104327
0.00104332
0.00104349
0.00104352
0.00104337
0.00104315
0.00104292
0.00104268
0.00104246
0.00104229
0.00104235
0.00104272
0.00104316
0.00104335
0.0010432
0.00104297
0.00104278
0.00104258
0.00104237
0.00104213
0.0010419
0.00104167
0.00104145
0.00104122
0.001041
0.00104084
0.00104069
0.00104052
0.0010403
0.00104007
0.00103985
0.00103963
0.00103941
0.00103919
0.00103896
0.00103875
0.0010386
0.00103856
0.00103853
0.0010384
0.00103821
0.00103801
0.0010378
0.00103758
0.00103735
0.00103713
0.00103696
0.00103689
0.00103698
0.00103712
0.00103712
0.00103691
0.00103671
0.00103662
0.00103651
0.00103633
0.00103611
0.00103588
0.00103565
0.00103543
0.0010352
0.00103497
0.00103474
0.00103452
0.00103429
0.00103407
0.00103388
0.00103369
0.00103348
0.00103325
0.00103305
0.00103294
0.00103285
0.00103264
0.00103245
0.00103241
0.00103244
0.00103238
0.00103222
0.00103199
0.00103181
0.00103173
0.00103166
0.00103153
0.00103133
0.00103111
0.0010309
0.00103078
0.00103072
0.00103062
0.00103042
0.0010302
0.00103002
0.00102981
0.0010296
0.00102951
0.00102949
0.00102943
0.00102927
0.00102905
0.00102884
0.00102865
0.00102849
0.00102832
0.00102818
0.00102812
0.00102813
0.00102809
0.0010279
0.00102768
0.0010275
0.00102733
0.00102713
0.00102691
0.00102672
0.0010266
0.00102643
0.00102621
0.00102607
0.00102609
0.00102616
0.00102611
0.00102593
0.00102571
0.00102555
0.00102549
0.00102544
0.00102537
0.00102527
0.00102514
0.00102496
0.00102474
0.00102453
0.00102436
0.00102421
0.00102404
0.00102386
0.00102369
0.00102359
0.00102354
0.00102342
0.00102321
0.00102301
0.00102287
0.00102278
0.0010227
0.00102269
0.00102275
0.00102279
0.00102271
0.00102251
0.00102229
0.00102209
0.0010219
0.00102175
0.00102178
0.00102221
0.00102298
0.0010236
0.00102373
0.00102352
0.00102339
0.0010235
0.00102381
0.00102428
0.00102477
0.00102514
0.00102532
0.0010253
0.00102512
0.0010249
0.00102472
0.00102458
0.00102446
0.00102435
0.00102426
0.0010242
0.00102419
0.00102419
0.00102411
0.00102394
0.00102372
0.00102352
0.00102335
0.00102325
0.00102315
0.00102299
0.00102278
0.00102256
0.00102234
0.00102213
0.00102193
0.00102176
0.00102161
0.00102143
0.00102123
0.00102101
0.00102079
0.00102058
0.00102044
0.00102036
0.00102023
0.00102001
0.00101991
0.00102001
0.00102007
0.00101997
0.00101978
0.00101956
0.00101935
0.00101913
0.00101892
0.00101873
0.00101855
0.00101835
0.00101814
0.00101798
0.00101792
0.00101783
0.00101765
0.00101743
0.00101722
0.00101701
0.0010168
0.00101665
0.00101663
0.00101675
0.00101697
0.00101724
0.00101743
0.00101746
0.00101732
0.00101711
0.00101701
0.00101702
0.00101702
0.00101694
0.00101679
0.00101664
0.00101656
0.00101663
0.00101682
0.00101699
0.00101695
0.00101675
0.00101655
0.00101639
0.0010162
0.00101599
0.00101577
0.00101557
0.00101538
0.00101523
0.00101511
0.00101502
0.00101488
0.00101468
0.00101447
0.00101431
0.00101422
0.0010142
0.00101422
0.00101417
0.00101399
0.00101378
0.0010136
0.00101342
0.00101325
0.00101309
0.00101292
0.00101274
0.00101255
0.00101234
0.00101215
0.00101204
0.00101197
0.00101189
0.0010118
0.00101172
0.00101165
0.00101153
0.00101134
0.00101113
0.001011
0.00101094
0.00101088
0.00101082
0.00101079
0.00101081
0.00101074
0.00101056
0.00101035
0.00101014
0.00100993
0.00100973
0.00100953
0.00100934
0.00100929
0.00100935
0.00100938
0.0010093
0.00100914
0.00100894
0.00100873
0.00100853
0.00100832
0.00100811
0.0010079
0.00100769
0.00100748
0.0010073
0.0010072
0.00100718
0.00100717
0.00100707
0.00100689
0.00100668
0.00100659
0.00100671
0.00100701
0.00100736
0.00100746
0.00100727
0.00100716
0.00100731
0.00100756
0.00100768
0.00100758
0.00100739
0.00100718
0.00100699
0.00100685
0.00100679
0.00100684
0.00100697
0.00100701
0.00100688
0.00100667
0.00100659
0.00100673
0.00100694
0.00100697
0.00100683
0.00100662
0.00100647
0.00100636
0.00100621
0.00100602
0.00100581
0.0010056
0.00100539
0.00100519
0.00100501
0.00100484
0.00100467
0.00100448
0.00100428
0.00100409
0.00100388
0.00100369
0.00100359
0.00100358
0.00100363
0.0010037
0.00100374
0.00100367
0.00100348
0.00100331
0.00100328
0.00100323
0.00100305
0.00100285
0.00100268
0.00100252
0.00100235
0.00100215
0.00100195
0.00100185
0.00100185
0.00100181
0.00100166
0.00100145
0.00100126
0.00100107
0.00100086
0.00100074
0.00100077
0.00100097
0.00100126
0.00100135
0.00100118
0.00100106
0.00100131
0.00100179
0.00100216
0.00100225
0.00100212
0.00100193
0.00100172
0.00100152
0.00100134
0.00100118
0.00100101
0.0010008
0.00100069
0.00100088
0.00100128
0.00100154
0.00100154
0.00100138
0.00100118
0.00100098
0.0010008
0.00100063
0.00100045
0.00100026
0.00100006
0.000999869
0.000999677
0.000999475
0.000999321
0.000999223
0.00099913
0.000998998
0.000998812
0.000998613
0.000998525
0.000998636
0.000998772
0.000998677
0.000998475
0.000998416
0.000998609
0.000998992
0.0009993
0.000999333
0.000999154
0.000998974
0.000998862
0.000998694
0.000998499
0.000998401
0.00099836
0.000998267
0.00099809
0.000997894
0.000997784
0.000997702
0.000997549
0.000997352
0.000997149
0.000996951
0.000996811
0.000996833
0.000996952
0.000996928
0.00099673
0.000996709
0.000997282
0.000998259
0.000999092
0.000999427
0.000999382
0.000999189
0.000998995
0.000998842
0.000998773
0.000998818
0.000998958
0.000999119
0.000999244
0.000999353
0.000999515
0.000999706
0.000999778
0.000999664
0.000999463
0.000999396
0.000999628
0.00100014
0.00100081
0.00100144
0.00100186
0.00100197
0.00100185
0.00100165
0.00100149
0.00100148
0.00100167
0.00100199
0.00100231
0.00100248
0.00100238
0.00100218
0.00100219
0.00100234
0.00100237
0.00100223
0.00100203
0.00100184
0.00100165
0.00100146
0.00100138
0.00100133
0.00100116
0.00100099
0.0010011
0.00100146
0.00100168
0.00100158
0.00100138
0.0010013
0.00100134
0.00100133
0.00100119
0.00100099
0.00100079
0.00100059
0.0010004
0.00100021
0.00100003
0.000999838
0.000999637
0.000999471
0.000999387
0.000999375
0.000999418
0.000999486
0.000999491
0.000999379
0.000999193
0.000998993
