10000
100
-0.407684
-0.423361
-0.42798
-0.420955
-0.414554
-0.409699
-0.404798
-0.402752
-0.396086
-0.393309
-0.393052
-0.387442
-0.382183
-0.377309
-0.374571
-0.37169
-0.369036
-0.367221
-0.368151
-0.36933
-0.370765
-0.370458
-0.369935
-0.370335
-0.370676
-0.36922
-0.369026
-0.370421
-0.37139
-0.372148
-0.369628
-0.367671
-0.366412
-0.366475
-0.366479
-0.365871
-0.365521
-0.365882
-0.366152
-0.367874
-0.370258
-0.372933
-0.374117
-0.373799
-0.373592
-0.373793
-0.374873
-0.375737
-0.37729
-0.378194
-0.378025
-0.378104
-0.378244
-0.378893
-0.380129
-0.381697
-0.383353
-0.384452
-0.386167
-0.38764
-0.388963
-0.389558
-0.390249
-0.390659
-0.390491
-0.391179
-0.391538
-0.391548
-0.392411
-0.392944
-0.393009
-0.393717
-0.394559
-0.395221
-0.395477
-0.39593
-0.396281
-0.396797
-0.396947
-0.396318
-0.395604
-0.395034
-0.394827
-0.394709
-0.394777
-0.394529
-0.394288
-0.393568
-0.392739
-0.392121
-0.391627
-0.390875
-0.390382
-0.390734
-0.390554
-0.390743
-0.391064
-0.3917
-0.392069
-0.392392
0
0.0156763
0.0101615
0.0100491
0.0100778
0.00955381
0.00944572
0.00843207
0.00998674
0.00935436
0.00846522
0.00954961
0.0102383
0.0106584
0.0102933
0.0100501
0.00980652
0.00942218
0.00896091
0.00858243
0.00828863
0.00790883
0.00757526
0.00726378
0.00697554
0.00685823
0.00660219
0.00651312
0.00635877
0.0061897
0.00649542
0.0065864
0.0065068
0.00631284
0.00612982
0.00598807
0.00583446
0.00569032
0.00554906
0.00567608
0.00602728
0.0064616
0.00641978
0.00628023
0.00614257
0.00601091
0.00597988
0.00591745
0.00599974
0.00594767
0.00583232
0.00571961
0.0056124
0.0055456
0.00558241
0.00570155
0.00584027
0.00584299
0.00599374
0.00607433
0.00611864
0.00604851
0.00599173
0.00591155
0.00582232
0.00577459
0.00569904
0.00561461
0.00559954
0.00554465
0.00546639
0.0054362
0.00542688
0.00539382
0.00532759
0.00527652
0.00521932
0.00517776
0.00511399
0.00508865
0.00507598
0.00504594
0.00498905
0.00493072
0.00487284
0.00482225
0.00477261
0.00477267
0.00479087
0.00477756
0.00475053
0.00475833
0.00473269
0.0046953
0.00464908
0.00460426
0.00456785
0.00456553
0.00453425
0.00450028
