10000
100
1.21299
1.21708
1.22311
1.2231
1.22347
1.22344
1.22553
1.22518
1.22565
1.22467
1.22533
1.22515
1.22525
1.22478
1.22529
1.22503
1.22494
1.22557
1.22545
1.22501
1.22555
1.22571
1.22528
1.22543
1.22443
1.22445
1.22435
1.22433
1.22472
1.2246
1.22463
1.22484
1.22498
1.22487
1.22493
1.22533
1.2248
1.22501
1.22472
1.22472
1.22477
1.22456
1.22485
1.22496
1.22492
1.22501
1.22504
1.2251
1.22515
1.2251
1.22518
1.22532
1.2254
1.22524
1.22531
1.22535
1.22515
1.22513
1.22537
1.22535
1.22539
1.22546
1.22533
1.22549
1.22539
1.22551
1.22547
1.22548
1.22562
1.2254
1.22545
1.22548
1.22546
1.22553
1.22551
1.22539
1.22543
1.22548
1.2255
1.22542
1.22544
1.22535
1.22539
1.22537
1.22534
1.2255
1.22539
1.22539
1.22536
1.2254
1.22532
1.22537
1.22544
1.22546
1.22548
1.22545
1.22538
1.22546
1.22552
1.22553
0
0.0040889
0.00648182
0.00458336
0.00356916
0.00291436
0.00323344
0.00282228
0.002534
0.00246959
0.00232721
0.00213151
0.00196302
0.00187796
0.00182149
0.00172331
0.00162143
0.00165481
0.00156968
0.00155406
0.00157586
0.00151068
0.00150752
0.00145181
0.00171569
0.0016485
0.00158922
0.00153153
0.00152778
0.00148106
0.00143291
0.00140238
0.00136681
0.00133058
0.00129336
0.00131875
0.00138871
0.00136842
0.00136409
0.00132955
0.00129779
0.00128461
0.00128833
0.00126328
0.00123531
0.00121124
0.00118547
0.00116202
0.00113915
0.00111725
0.00109867
0.00108639
0.00106806
0.00105957
0.00104257
0.00102442
0.00102546
0.00100787
0.00101885
0.0010018
0.000986059
0.000972439
0.000965917
0.000963177
0.000953082
0.000946498
0.000933008
0.000919211
0.000915625
0.000928334
0.000916512
0.000904348
0.000892251
0.000883331
0.00087166
0.000868232
0.000857551
0.00084786
0.000837316
0.000830715
0.000820854
0.000815803
0.000806656
0.000797113
0.000788477
0.000795694
0.000794093
0.000785021
0.000776839
0.000769543
0.000765077
0.000758356
0.000752931
0.00074511
0.000737481
0.000730388
0.000725676
0.000722822
0.000718072
0.000710907
