10000
100
1.43538
1.4354
1.43538
1.43537
1.43536
1.43536
1.43536
1.43536
1.43536
1.43537
1.43537
1.43536
1.43536
1.43536
1.43536
1.43536
1.43536
1.43536
1.43536
1.43536
1.43535
1.43534
1.43533
1.43533
1.43533
1.43533
1.43533
1.43533
1.43533
1.43533
1.43533
1.43533
1.43533
1.43532
1.43532
1.43532
1.43531
1.43531
1.43531
1.43531
1.4353
1.4353
1.4353
1.43529
1.43529
1.4353
1.4353
1.4353
1.4353
1.4353
1.4353
1.4353
1.4353
1.4353
1.43529
1.43529
1.43529
1.43529
1.43528
1.43528
1.43528
1.43528
1.43527
1.43527
1.43527
1.43527
1.43527
1.43527
1.43527
1.43527
1.43527
1.43527
1.43527
1.43527
1.43527
1.43527
1.43527
1.43527
1.43528
1.43528
1.43528
1.43528
1.43528
1.43528
1.43528
1.43528
1.43528
1.43528
1.43528
1.43528
1.43528
1.43528
1.43528
1.43528
1.43528
1.43528
1.43528
1.43529
1.43529
1.43529
0
1.435e-05
2.0896e-05
1.73882e-05
1.42198e-05
1.22878e-05
1.03895e-05
8.99952e-06
9.02549e-06
9.11272e-06
8.44584e-06
8.08007e-06
7.43572e-06
7.15905e-06
7.02774e-06
6.65632e-06
6.52856e-06
6.42009e-06
6.09366e-06
6.78835e-06
9.38106e-06
1.34404e-05
1.48652e-05
1.47679e-05
1.44754e-05
1.39241e-05
1.34463e-05
1.29735e-05
1.25275e-05
1.21708e-05
1.17716e-05
1.15286e-05
1.12237e-05
1.12228e-05
1.15486e-05
1.17236e-05
1.16749e-05
1.1572e-05
1.15464e-05
1.15834e-05
1.20618e-05
1.25038e-05
1.25563e-05
1.2491e-05
1.22111e-05
1.21497e-05
1.20453e-05
1.20039e-05
1.17992e-05
1.16917e-05
1.1516e-05
1.13114e-05
1.13334e-05
1.16863e-05
1.20583e-05
1.22879e-05
1.22744e-05
1.21735e-05
1.22277e-05
1.22019e-05
1.21608e-05
1.23348e-05
1.25808e-05
1.29283e-05
1.29771e-05
1.27847e-05
1.26362e-05
1.25311e-05
1.23654e-05
1.21928e-05
1.20208e-05
1.18541e-05
1.16926e-05
1.15622e-05
1.14315e-05
1.12832e-05
1.11474e-05
1.11026e-05
1.1055e-05
1.0963e-05
1.09206e-05
1.0864e-05
1.07424e-05
1.0624e-05
1.04988e-05
1.03877e-05
1.02678e-05
1.01513e-05
1.00648e-05
9.97002e-06
9.8661e-06
9.8001e-06
9.73272e-06
9.66771e-06
9.61905e-06
9.62838e-06
9.59319e-06
9.51829e-06
9.49552e-06
9.56112e-06
