10000
100
-5.04636
-5.04516
-5.04334
-5.03414
-5.02509
-5.02582
-5.02644
-5.02195
-5.02445
-5.02747
-5.027
-5.02768
-5.0281
-5.02979
-5.0337
-5.03488
-5.03436
-5.03647
-5.03451
-5.03365
-5.03235
-5.0333
-5.03266
-5.03156
-5.03273
-5.03471
-5.0345
-5.03505
-5.03419
-5.03285
-5.03232
-5.03155
-5.03164
-5.03281
-5.03144
-5.03213
-5.03185
-5.03096
-5.03012
-5.02918
-5.02885
-5.02958
-5.02974
-5.0301
-5.03174
-5.03165
-5.03175
-5.03137
-5.03085
-5.0317
-5.0316
-5.03142
-5.03153
-5.03167
-5.03141
-5.03086
-5.03128
-5.03162
-5.03221
-5.03181
-5.032
-5.03167
-5.03139
-5.03137
-5.03175
-5.03221
-5.03253
-5.03288
-5.03314
-5.03315
-5.0338
-5.03451
-5.03523
-5.03529
-5.03448
-5.03417
-5.03419
-5.03388
-5.03363
-5.03343
-5.03316
-5.03331
-5.03334
-5.03296
-5.0329
-5.03272
-5.03311
-5.03349
-5.03358
-5.03338
-5.03282
-5.03248
-5.03201
-5.03221
-5.03218
-5.03246
-5.03278
-5.03288
-5.03296
-5.03241
0
0.00120325
0.00194685
0.00929918
0.0115667
0.00947205
0.0080291
0.00827688
0.00771844
0.00753402
0.00683118
0.00627311
0.00578557
0.0056161
0.00652971
0.00622182
0.00586786
0.0059232
0.00593742
0.00569717
0.00557447
0.00540014
0.00519928
0.00509819
0.00502633
0.00522037
0.00502767
0.00487544
0.0047819
0.00480825
0.00468162
0.00459665
0.00445602
0.00447871
0.00456009
0.00448482
0.00437097
0.00434645
0.0043155
0.00431087
0.00421685
0.00417922
0.00408383
0.00400669
0.0042456
0.00415317
0.00406497
0.00399716
0.00394966
0.00396144
0.00388412
0.00381296
0.0037418
0.00367464
0.00361671
0.00359403
0.0035553
0.00350985
0.00349971
0.00346314
0.003411
0.00337132
0.00332969
0.0032773
0.00324886
0.00323167
0.00319953
0.00317153
0.00313596
0.00309085
0.00311581
0.00315319
0.00319222
0.00314931
0.00321051
0.00318317
0.00314161
0.00311668
0.00308658
0.00305466
0.00302895
0.00299585
0.00295964
0.0029482
0.00291408
0.00288516
0.00287785
0.00287033
0.00283925
0.00281422
0.00284017
0.0028296
0.00283701
0.00281333
0.00278371
0.0027687
0.00275883
0.0027322
0.00270572
0.00273377
