10000
100
1.64604
1.64519
1.6436
1.63397
1.62511
1.62605
1.6266
1.62216
1.62442
1.62748
1.62694
1.62749
1.62787
1.62941
1.63324
1.63425
1.63366
1.63572
1.6338
1.63297
1.63175
1.63267
1.63194
1.63081
1.63195
1.6339
1.63361
1.63414
1.63328
1.63193
1.63141
1.63062
1.63073
1.63185
1.63046
1.63114
1.63086
1.62995
1.62914
1.6282
1.62791
1.62859
1.62877
1.62916
1.63078
1.63071
1.63079
1.63044
1.62996
1.63087
1.63081
1.63062
1.63072
1.63085
1.63063
1.63012
1.63058
1.63097
1.63156
1.63114
1.63128
1.63098
1.63066
1.63062
1.631
1.63147
1.63179
1.63215
1.63241
1.63241
1.63306
1.63377
1.63446
1.63449
1.63369
1.63337
1.63339
1.63307
1.63284
1.63264
1.63238
1.63253
1.63256
1.6322
1.63212
1.63198
1.63238
1.63278
1.63288
1.63267
1.63211
1.63179
1.63134
1.63151
1.63148
1.63175
1.63205
1.63215
1.63223
1.63169
0
0.0008483
0.00166493
0.0097055
0.0116176
0.00953164
0.00807451
0.00828296
0.00764855
0.00749355
0.00679986
0.0062313
0.00574492
0.00553769
0.00641825
0.00608924
0.00575096
0.0058032
0.0058174
0.00558034
0.00544609
0.00527232
0.00509009
0.00500164
0.00492936
0.005124
0.00493904
0.00478821
0.00469962
0.00473483
0.00460944
0.00453192
0.00439378
0.00440733
0.0045002
0.00442617
0.00431379
0.00429708
0.0042634
0.00426086
0.00416584
0.00412225
0.00402958
0.003956
0.00419313
0.00410167
0.00401434
0.00394517
0.00389338
0.00391995
0.00384279
0.00377304
0.0037027
0.00363589
0.00357647
0.00354759
0.00351435
0.0034757
0.0034661
0.003433
0.00337893
0.00333745
0.00329954
0.00324783
0.00321985
0.00320499
0.00317316
0.00314726
0.00311171
0.00306694
0.00309233
0.00313141
0.00316309
0.00312029
0.00318297
0.0031562
0.003115
0.00309146
0.00306074
0.00302881
0.00300276
0.00296991
0.00293406
0.00292156
0.00288815
0.00285759
0.00285229
0.00284764
0.00281724
0.00279366
0.0028182
0.00280641
0.00281203
0.00278731
0.00275795
0.00274232
0.00273062
0.00270423
0.00267797
0.00270494
