10000
5000
-5.99344
-6.01946
-6.0604
-6.08556
-6.08119
-6.05381
-6.02241
-6.00329
-5.99943
-6.00324
-6.00627
-6.00664
-6.00692
-6.00819
-6.00928
-6.00795
-6.00397
-5.99833
-5.99055
-5.98022
-5.96863
-5.95875
-5.95364
-5.95416
-5.95826
-5.96289
-5.96638
-5.96829
-5.9687
-5.96789
-5.96645
-5.9652
-5.96396
-5.96145
-5.95758
-5.95409
-5.95179
-5.95045
-5.94976
-5.94943
-5.94883
-5.94765
-5.94649
-5.94624
-5.94684
-5.94825
-5.9505
-5.95335
-5.9563
-5.95896
-5.96025
-5.9591
-5.95522
-5.94955
-5.94492
-5.94355
-5.94493
-5.94738
-5.94913
-5.94904
-5.94716
-5.94518
-5.94507
-5.94746
-5.95132
-5.95504
-5.95737
-5.95777
-5.95637
-5.95375
-5.95065
-5.94812
-5.94699
-5.94706
-5.94737
-5.9473
-5.9468
-5.94571
-5.94385
-5.94135
-5.93888
-5.93737
-5.93689
-5.93646
-5.93514
-5.93285
-5.93017
-5.92788
-5.9268
-5.92725
-5.92893
-5.93117
-5.93349
-5.93576
-5.93805
-5.94006
-5.94117
-5.94095
-5.93987
-5.9389
-5.9385
-5.93866
-5.93922
-5.93974
-5.93985
-5.93937
-5.93824
-5.9366
-5.93481
-5.9333
-5.93231
-5.93187
-5.93183
-5.93202
-5.93232
-5.93283
-5.93367
-5.93475
-5.93568
-5.93619
-5.93616
-5.93563
-5.93487
-5.93412
-5.93353
-5.93321
-5.93312
-5.93321
-5.93329
-5.93335
-5.93362
-5.93417
-5.93469
-5.93491
-5.93509
-5.93563
-5.93647
-5.93729
-5.93783
-5.93804
-5.93794
-5.9375
-5.93681
-5.93619
-5.93593
-5.93621
-5.9369
-5.93769
-5.93808
-5.93769
-5.93652
-5.93508
-5.93387
-5.93296
-5.93227
-5.9318
-5.93159
-5.93151
-5.93137
-5.93093
-5.93031
-5.92977
-5.92954
-5.92975
-5.93048
-5.93165
-5.93285
-5.93353
-5.93341
-5.93266
-5.93171
-5.93087
-5.93034
-5.93018
-5.93027
-5.93051
-5.93092
-5.93141
-5.9318
-5.93191
-5.93165
-5.93112
-5.93053
-5.93011
-5.93001
-5.93019
-5.93045
-5.93055
-5.93038
-5.92991
-5.92917
-5.92823
-5.9272
-5.92618
-5.92534
-5.92496
-5.9252
-5.9258
-5.9264
-5.9268
-5.92709
-5.92742
-5.92778
-5.92802
-5.92812
-5.92817
-5.92819
-5.9281
-5.92782
-5.9275
-5.92729
-5.92732
-5.92757
-5.92792
-5.92826
-5.92851
-5.9287
-5.92882
-5.92879
-5.92852
-5.92815
-5.9278
-5.92747
-5.9272
-5.92714
-5.92728
-5.92748
-5.92766
-5.92775
-5.92767
-5.92734
-5.92676
-5.92614
-5.92593
-5.92627
-5.9269
-5.92756
-5.92806
-5.92829
-5.92817
-5.92774
-5.92729
-5.92715
-5.9274
-5.92795
-5.92859
-5.92912
-5.92932
-5.92897
-5.92808
-5.92691
-5.92593
-5.92545
-5.9255
-5.92585
-5.92627
-5.92662
-5.92688
-5.92713
-5.92741
-5.92769
-5.92792
-5.92801
-5.92786
-5.9275
-5.92705
-5.92662
-5.92623
-5.92591
-5.92568
-5.92563
-5.92591
-5.92653
-5.92741
-5.92842
-5.92947
-5.93047
-5.93133
-5.93189
-5.93202
-5.93173
-5.93117
-5.93053
-5.92992
-5.92946
-5.92918
-5.92901
-5.92882
-5.9286
-5.92849
-5.92854
-5.92868
-5.92878
-5.92878
-5.92875
-5.92879
-5.92889
-5.92899
-5.92902
-5.92901
-5.92904
-5.92905
-5.92894
-5.92873
-5.92861
-5.92875
-5.92916
-5.92963
-5.92993
-5.92992
-5.92961
-5.92923
-5.92905
-5.9292
-5.92961
-5.93006
-5.9304
-5.93055
-5.93047
-5.93018
-5.92964
-5.92891
-5.92823
-5.92783
-5.9278
-5.92798
-5.92823
-5.92858
-5.92915
-5.92991
-5.93061
-5.93111
-5.9315
-5.93188
-5.93224
-5.93253
-5.93273
-5.93285
-5.93293
-5.93288
-5.93266
-5.93233
-5.93194
-5.9315
-5.93101
-5.93047
-5.92987
-5.92922
-5.92866
-5.92837
-5.9283
-5.92821
-5.92791
-5.92743
-5.92697
-5.9267
-5.92686
-5.92748
-5.92832
-5.92909
-5.92968
-5.93011
-5.93047
-5.93079
-5.93102
-5.93104
-5.93083
-5.93058
-5.93045
-5.9304
-5.9304
-5.93045
-5.93053
-5.93058
-5.93058
-5.93055
-5.93053
-5.93063
-5.93091
-5.93128
-5.9315
-5.93152
-5.93153
-5.93164
-5.93174
-5.93173
-5.93152
-5.93111
-5.93071
-5.9305
-5.93046
-5.93055
-5.93068
-5.93082
-5.93101
-5.93127
-5.93154
-5.93172
-5.93182
-5.93187
-5.932
-5.93231
-5.93272
-5.93303
-5.93315
-5.93311
-5.93295
-5.93275
-5.93265
-5.93266
-5.93264
-5.93255
-5.93246
-5.9325
-5.9327
-5.93301
-5.93332
-5.93346
-5.93334
-5.93298
-5.93253
-5.93228
-5.93236
-5.93261
-5.93282
-5.93295
-5.93308
-5.93326
-5.93344
-5.93358
-5.93368
-5.93377
-5.93384
-5.93379
-5.93357
-5.93322
-5.93287
-5.93265
-5.93259
-5.93261
-5.93268
-5.93278
-5.93287
-5.93286
-5.9327
-5.93235
-5.93184
-5.9312
-5.93048
-5.92983
-5.92939
-5.92919
-5.92924
-5.92953
-5.93007
-5.93074
-5.93142
-5.93208
-5.93267
-5.93316
-5.93351
-5.93376
-5.93391
-5.93397
-5.93394
-5.93376
-5.93336
-5.93279
-5.93212
-5.9314
-5.93073
-5.93024
-5.92998
-5.92998
-5.93017
-5.9305
-5.93086
-5.93119
-5.93146
-5.93164
-5.93173
-5.93176
-5.93175
-5.93166
-5.93149
-5.93139
-5.93146
-5.93163
-5.93174
-5.93169
-5.93156
-5.93148
-5.9315
-5.93156
-5.9316
-5.93158
-5.93154
-5.93153
-5.93158
-5.93172
-5.93193
-5.93216
-5.9323
-5.93225
-5.93211
-5.932
-5.93194
-5.93183
-5.9316
-5.93134
-5.93118
-5.93115
-5.93117
-5.93113
-5.9311
-5.93117
-5.93136
-5.93164
-5.93192
-5.93209
-5.93206
-5.93183
-5.93156
-5.93137
-5.93131
-5.93137
-5.93144
-5.9314
-5.93124
-5.93103
-5.93084
-5.93067
-5.93054
-5.93044
-5.93035
-5.93027
-5.93025
-5.93035
-5.93055
-5.93078
-5.93094
-5.93092
-5.9307
-5.93038
-5.93011
-5.92999
-5.92997
-5.92999
-5.93
-5.93001
-5.93005
-5.93014
-5.93028
-5.93047
-5.93067
-5.93083
-5.93093
-5.93103
-5.9312
-5.93148
-5.9318
-5.93205
-5.93214
-5.93206
-5.93185
-5.93162
-5.93145
-5.93139
-5.93145
-5.93159
-5.93173
-5.9318
-5.93175
-5.93163
-5.93148
-5.93131
-5.93116
-5.93114
-5.93124
-5.9314
-5.93155
-5.93164
-5.93168
-5.9317
-5.93168
-5.93157
-5.93136
-5.93116
-5.93105
-5.93108
-5.93124
-5.93151
-5.93178
-5.932
-5.93211
-5.93214
-5.93212
-5.93204
-5.93194
-5.93186
-5.93184
-5.93189
-5.93202
-5.9322
-5.93237
-5.93246
-5.93243
-5.93229
-5.9321
-5.93191
-5.93177
-5.93167
-5.93153
-5.93132
-5.93102
-5.93072
-5.93061
-5.93077
-5.93114
-5.93159
-5.93203
-5.93242
-5.93271
-5.9329
-5.93301
-5.9331
-5.93314
-5.93312
-5.93298
-5.93273
-5.93244
-5.93221
-5.93209
-5.93201
-5.93191
-5.9318
-5.93171
-5.9317
-5.93181
-5.932
-5.93225
-5.9325
-5.93276
-5.93298
-5.93309
-5.93306
-5.93293
-5.93278
-5.93259
-5.93237
-5.93217
-5.93208
-5.93213
-5.93225
-5.9323
-5.93225
-5.93214
-5.93207
-5.93207
-5.9321
-5.93213
-5.93221
-5.93237
-5.93254
-5.93263
-5.93261
-5.93255
-5.93249
-5.93244
-5.9324
-5.93239
-5.93244
-5.93252
-5.93256
-5.93255
-5.93257
-5.93264
-5.93273
-5.93281
-5.93284
-5.9328
-5.93271
-5.93259
-5.93242
-5.93223
-5.93212
-5.93216
-5.93237
-5.93269
-5.93305
-5.93335
-5.93347
-5.93339
-5.93323
-5.93308
-5.93302
-5.93301
-5.93303
-5.93304
-5.93303
-5.93303
-5.933
-5.93299
-5.93305
-5.9332
-5.93339
-5.93361
-5.93383
-5.934
-5.93407
-5.93401
-5.9339
-5.93384
-5.93387
-5.934
-5.93415
-5.93429
-5.93435
-5.9343
-5.9342
-5.93417
-5.93423
-5.93432
-5.93438
-5.93438
-5.93433
-5.93425
-5.93416
-5.93404
-5.93387
-5.9337
-5.93356
-5.93345
-5.93334
-5.93325
-5.93323
-5.93325
-5.93325
-5.93319
-5.93311
-5.93311
-5.93324
-5.93346
-5.93372
-5.93393
-5.93403
-5.93403
-5.93397
-5.93389
-5.93378
-5.93366
-5.93351
-5.93331
-5.93309
-5.93292
-5.93286
-5.93291
-5.93302
-5.93313
-5.93317
-5.93316
-5.93316
-5.93324
-5.93341
-5.93355
-5.93356
-5.9334
-5.93318
-5.93302
-5.93299
-5.93309
-5.93327
-5.93346
-5.93358
-5.9336
-5.9335
-5.93335
-5.93324
-5.93323
-5.9333
-5.93334
-5.93326
-5.93314
-5.93311
-5.93321
-5.93339
-5.93353
-5.93359
-5.93358
-5.93351
-5.93339
-5.9333
-5.93329
-5.93336
-5.93343
-5.93347
-5.93351
-5.9336
-5.93374
-5.93394
-5.93414
-5.93427
-5.93428
-5.93419
-5.93412
-5.93415
-5.93425
-5.93438
-5.93451
-5.93463
-5.93472
-5.93476
-5.93476
-5.9347
-5.93456
-5.93434
-5.9341
-5.93388
-5.93369
-5.93357
-5.93354
-5.93362
-5.93377
-5.93391
-5.93395
-5.93388
-5.93378
-5.93374
-5.9338
-5.93391
-5.93399
-5.93402
-5.93402
-5.93406
-5.93418
-5.93437
-5.93462
-5.9349
-5.93519
-5.9354
-5.93547
-5.93539
-5.93517
-5.93481
-5.93435
-5.93395
-5.93376
-5.93379
-5.9339
-5.93395
-5.9339
-5.93374
-5.93355
-5.9334
-5.93338
-5.9335
-5.93371
-5.9339
-5.93396
-5.9338
-5.93346
-5.93312
-5.93293
-5.93296
-5.93321
-5.93361
-5.93405
-5.9344
-5.93458
-5.93456
-5.93443
-5.93428
-5.93414
-5.93402
-5.93394
-5.93389
-5.93386
-5.93388
-5.93394
-5.93403
-5.93408
-5.93403
-5.93385
-5.93361
-5.9334
-5.9333
-5.93335
-5.93353
-5.93378
-5.93402
-5.9342
-5.93427
-5.93423
-5.9341
-5.93395
-5.93385
-5.93382
-5.93381
-5.93379
-5.93373
-5.93361
-5.93346
-5.93336
-5.93337
-5.93349
-5.93369
-5.93389
-5.93405
-5.93409
-5.934
-5.93384
-5.93368
-5.93359
-5.93358
-5.93363
-5.93367
-5.93368
-5.93367
-5.93364
-5.93359
-5.93349
-5.93336
-5.93324
-5.93318
-5.93317
-5.93319
-5.93322
-5.93328
-5.93335
-5.93341
-5.93347
-5.9335
-5.93351
-5.93347
-5.93339
-5.93328
-5.93311
-5.93289
-5.93264
-5.93242
-5.93227
-5.93223
-5.93235
-5.93261
-5.93293
-5.93319
-5.9333
-5.93329
-5.93322
-5.93319
-5.93324
-5.93338
-5.93351
-5.93357
-5.93353
-5.93343
-5.93328
-5.93312
-5.93295
-5.93281
-5.93274
-5.93275
-5.93279
-5.9328
-5.93276
-5.9327
-5.93263
-5.93258
-5.93256
-5.93261
-5.93277
-5.933
-5.93325
-5.93346
-5.93357
-5.93355
-5.93344
-5.93335
-5.93333
-5.93337
-5.93344
-5.93347
-5.93344
-5.93336
-5.93327
-5.93319
-5.93312
-5.93307
-5.93306
-5.93309
-5.93315
-5.9332
-5.93324
-5.93325
-5.93324
-5.93322
-5.93319
-5.93314
-5.93304
-5.93284
-5.93261
-5.93248
-5.93247
-5.93253
-5.93262
-5.93271
-5.9328
-5.93284
-5.93282
-5.93276
-5.93269
-5.93264
-5.93266
-5.93274
-5.93285
-5.93294
-5.93299
-5.93303
-5.93305
-5.93303
-5.93294
-5.93282
-5.93272
-5.93265
-5.93258
-5.93251
-5.93242
-5.93233
-5.93227
-5.93222
-5.93217
-5.93215
-5.93223
-5.93237
-5.93253
-5.93268
-5.93282
-5.93297
-5.93312
-5.93327
-5.93335
-5.93334
-5.93322
-5.93301
-5.9328
-5.93263
-5.93247
-5.93233
-5.93221
-5.93213
-5.93207
-5.93201
-5.93191
-5.93175
-5.93158
-5.93146
-5.93146
-5.93158
-5.9318
-5.93204
-5.93226
-5.93243
-5.93257
-5.93268
-5.93276
-5.9328
-5.9328
-5.93274
-5.93262
-5.93243
-5.93223
-5.93208
-5.93201
-5.93202
-5.93207
-5.93208
-5.93202
-5.93192
-5.93182
-5.93176
-5.93179
-5.93191
-5.93212
-5.93234
-5.9325
-5.93252
-5.9324
-5.93219
-5.93197
-5.93181
-5.93177
-5.93183
-5.93192
-5.93198
-5.93199
-5.93196
-5.93192
-5.93189
-5.93186
-5.93186
-5.93188
-5.93192
-5.93196
-5.93197
-5.93194
-5.93191
-5.93191
-5.93198
-5.93208
-5.93215
-5.93215
-5.93207
-5.93195
-5.93181
-5.9317
-5.93165
-5.93163
-5.93165
-5.93169
-5.93174
-5.93182
-5.93189
-5.93194
-5.93196
-5.93193
-5.9319
-5.93192
-5.93202
-5.93217
-5.93228
-5.9323
-5.93221
-5.9321
-5.93201
-5.93197
-5.93194
-5.93192
-5.93197
-5.93213
-5.93233
-5.93252
-5.93268
-5.93282
-5.93294
-5.93301
-5.93302
-5.93299
-5.93294
-5.93288
-5.93282
-5.93274
-5.93264
-5.9325
-5.93233
-5.93214
-5.93198
-5.93189
-5.9319
-5.93196
-5.93202
-5.93209
-5.93218
-5.9323
-5.93243
-5.93253
-5.93258
-5.93255
-5.93243
-5.93226
-5.9321
-5.932
-5.93195
-5.93191
-5.93188
-5.93191
-5.932
-5.93209
-5.93215
-5.93217
-5.93217
-5.93215
-5.93208
-5.93198
-5.9319
-5.93188
-5.93191
-5.93195
-5.93194
-5.9319
-5.93187
-5.93186
-5.93186
-5.93185
-5.93182
-5.93182
-5.93187
-5.93195
-5.93205
-5.93213
-5.93216
-5.93211
-5.93203
-5.93197
-5.93198
-5.93204
-5.93209
-5.93214
-5.93219
-5.93223
-5.93227
-5.93234
-5.93244
-5.93254
-5.93261
-5.93261
-5.93251
-5.93233
-5.9321
-5.93189
-5.93176
-5.93173
-5.9318
-5.93192
-5.93204
-5.93213
-5.93216
-5.93218
-5.93222
-5.93228
-5.93234
-5.93234
-5.93228
-5.93221
-5.93217
-5.93218
-5.93222
-5.93224
-5.93221
-5.93218
-5.93216
-5.93219
-5.93224
-5.93228
-5.93229
-5.93225
-5.93219
-5.93215
-5.93217
-5.93227
-5.93243
-5.93257
-5.93267
-5.93271
-5.9327
-5.93264
-5.93256
-5.9325
-5.93245
-5.93241
-5.93238
-5.93234
-5.93227
-5.9322
-5.93216
-5.93216
-5.9322
-5.93227
-5.93233
-5.93235
-5.93232
-5.93226
-5.93221
-5.9322
-5.93225
-5.93233
-5.93244
-5.93257
-5.93269
-5.93274
-5.93272
-5.93267
-5.93263
-5.9326
-5.93258
-5.9326
-5.93264
-5.93269
-5.93274
-5.93276
-5.93271
-5.93261
-5.93251
-5.93242
-5.93235
-5.93231
-5.93232
-5.93239
-5.93248
-5.93254
-5.93254
-5.93249
-5.93244
-5.93242
-5.93246
-5.93255
-5.93267
-5.93278
-5.93284
-5.93286
-5.93285
-5.93278
-5.93267
-5.93254
-5.93245
-5.9324
-5.93235
-5.93229
-5.93222
-5.93218
-5.93219
-5.93222
-5.93224
-5.93225
-5.93226
-5.93228
-5.93229
-5.93227
-5.93221
-5.93214
-5.9321
-5.93211
-5.93217
-5.93223
-5.93228
-5.93232
-5.93233
-5.93231
-5.93227
-5.93222
-5.93223
-5.93232
-5.93244
-5.93253
-5.93255
-5.93249
-5.93239
-5.93233
-5.93234
-5.93239
-5.93249
-5.93259
-5.93268
-5.93275
-5.93281
-5.93287
-5.93291
-5.93288
-5.93282
-5.93276
-5.93276
-5.93281
-5.93285
-5.9329
-5.93297
-5.93304
-5.93307
-5.93305
-5.93298
-5.93287
-5.93273
-5.93261
-5.93251
-5.93242
-5.93235
-5.93234
-5.93242
-5.93253
-5.93263
-5.93269
-5.93267
-5.93262
-5.93259
-5.93263
-5.9327
-5.93275
-5.93276
-5.93273
-5.93267
-5.93259
-5.93252
-5.93246
-5.93242
-5.93243
-5.93249
-5.93257
-5.93259
-5.93252
-5.9324
-5.93234
-5.93238
-5.93248
-5.93258
-5.93264
-5.93265
-5.93264
-5.93262
-5.93264
-5.93266
-5.93268
-5.93268
-5.93265
-5.93263
-5.9326
-5.93258
-5.93256
-5.93257
-5.93261
-5.93268
-5.93274
-5.93276
-5.93274
-5.93269
-5.93267
-5.93271
-5.93283
-5.93298
-5.93311
-5.93318
-5.93318
-5.93315
-5.93312
-5.9331
-5.93304
-5.93292
-5.93279
-5.93269
-5.93265
-5.93268
-5.93275
-5.93281
-5.93282
-5.93278
-5.93269
-5.93257
-5.93248
-5.93243
-5.93243
-5.93245
-5.93249
-5.93253
-5.93257
-5.93262
-5.93267
-5.93268
-5.93265
-5.93262
-5.93262
-5.93264
-5.93263
-5.93258
-5.93251
-5.93244
-5.93237
-5.93232
-5.93233
-5.93239
-5.9325
-5.93261
-5.93267
-5.93267
-5.93263
-5.93256
-5.93247
-5.93237
-5.93227
-5.93219
-5.93213
-5.93214
-5.93222
-5.93234
-5.93246
-5.93255
-5.93262
-5.93271
-5.93284
-5.93299
-5.93312
-5.93317
-5.93313
-5.933
-5.93283
-5.93264
-5.93248
-5.93235
-5.93225
-5.93218
-5.93215
-5.93223
-5.93238
-5.93256
-5.93268
-5.93271
-5.93266
-5.93259
-5.93255
-5.93254
-5.93257
-5.93259
-5.9326
-5.93259
-5.93257
-5.93257
-5.93259
-5.93265
-5.93275
-5.93288
-5.933
-5.93306
-5.93305
-5.933
-5.93293
-5.93287
-5.93284
-5.93283
-5.93283
-5.93282
-5.93282
-5.93282
-5.9328
-5.93274
-5.93265
-5.93255
-5.93249
-5.93247
-5.93246
-5.93246
-5.93245
-5.93245
-5.93244
-5.93241
-5.93238
-5.93235
-5.93234
-5.93235
-5.93242
-5.93256
-5.93273
-5.93289
-5.93298
-5.933
-5.93298
-5.93294
-5.93285
-5.93273
-5.93259
-5.93247
-5.93237
-5.93231
-5.93228
-5.93226
-5.93224
-5.9322
-5.93217
-5.93216
-5.93217
-5.93222
-5.9323
-5.93239
-5.93248
-5.9326
-5.93273
-5.93286
-5.93293
-5.93295
-5.93294
-5.93291
-5.93285
-5.93277
-5.93269
-5.93262
-5.93258
-5.93259
-5.93266
-5.93273
-5.93277
-5.93275
-5.93266
-5.93253
-5.93241
-5.93235
-5.93237
-5.93248
-5.93263
-5.93277
-5.93286
-5.93289
-5.93286
-5.93279
-5.93269
-5.9326
-5.93257
-5.93262
-5.93268
-5.93275
-5.9328
-5.93285
-5.93288
-5.93288
-5.93284
-5.93278
-5.93275
-5.93274
-5.93275
-5.93276
-5.93279
-5.93287
-5.93295
-5.933
-5.93299
-5.93296
-5.93296
-5.93296
-5.93297
-5.93299
-5.93302
-5.93305
-5.93308
-5.93312
-5.93313
-5.9331
-5.93303
-5.93298
-5.93298
-5.93303
-5.93309
-5.93315
-5.93321
-5.93325
-5.93329
-5.93332
-5.93334
-5.93333
-5.93331
-5.93329
-5.93327
-5.93326
-5.93323
-5.93318
-5.93313
-5.93311
-5.93308
-5.93303
-5.93292
-5.93278
-5.93267
-5.93264
-5.93268
-5.93275
-5.93278
-5.93276
-5.93273
-5.93272
-5.93279
-5.93292
-5.93306
-5.93314
-5.93313
-5.93304
-5.93291
-5.93278
-5.93264
-5.93254
-5.9325
-5.93253
-5.93259
-5.93267
-5.93273
-5.93275
-5.93274
-5.93269
-5.93264
-5.93266
-5.93275
-5.93287
-5.93298
-5.93308
-5.93317
-5.93323
-5.93324
-5.93319
-5.93312
-5.93308
-5.93308
-5.93308
-5.93306
-5.933
-5.93293
-5.93289
-5.93288
-5.93292
-5.93299
-5.93306
-5.93312
-5.93314
-5.93311
-5.93303
-5.93292
-5.93286
-5.93288
-5.933
-5.93314
-5.93325
-5.93329
-5.93327
-5.9332
-5.93312
-5.93306
-5.93306
-5.93314
-5.93323
-5.93327
-5.93324
-5.93318
-5.93312
-5.93312
-5.93316
-5.93325
-5.93334
-5.93342
-5.93348
-5.93351
-5.93353
-5.93355
-5.93358
-5.93359
-5.93357
-5.93354
-5.93353
-5.93351
-5.93347
-5.9334
-5.9333
-5.93319
-5.9331
-5.93306
-5.93305
-5.93305
-5.93305
-5.93304
-5.93303
-5.93304
-5.93309
-5.93316
-5.93324
-5.93334
-5.93341
-5.93344
-5.93339
-5.93329
-5.93321
-5.93319
-5.93325
-5.93334
-5.93344
-5.93352
-5.93356
-5.93357
-5.93356
-5.9335
-5.93342
-5.93332
-5.93324
-5.93319
-5.93317
-5.93319
-5.93325
-5.9333
-5.93335
-5.93337
-5.93335
-5.93328
-5.93323
-5.9332
-5.93319
-5.93318
-5.93317
-5.93315
-5.93312
-5.9331
-5.93311
-5.93315
-5.9332
-5.93326
-5.93329
-5.93328
-5.93327
-5.93331
-5.93337
-5.93342
-5.93345
-5.93344
-5.93343
-5.93342
-5.93343
-5.93344
-5.93346
-5.93347
-5.93347
-5.93343
-5.93337
-5.93331
-5.93326
-5.93323
-5.93321
-5.93319
-5.93319
-5.93321
-5.93324
-5.93327
-5.93327
-5.93324
-5.9332
-5.93317
-5.93317
-5.93321
-5.93328
-5.93336
-5.93343
-5.93349
-5.93351
-5.93351
-5.93351
-5.93352
-5.93352
-5.9335
-5.93345
-5.93338
-5.93331
-5.93327
-5.93327
-5.93329
-5.93331
-5.93331
-5.93327
-5.9332
-5.93314
-5.93314
-5.93319
-5.93326
-5.93334
-5.93339
-5.93343
-5.93345
-5.93346
-5.93345
-5.93343
-5.93341
-5.93339
-5.93338
-5.93338
-5.9334
-5.9334
-5.93337
-5.9333
-5.93325
-5.93324
-5.93327
-5.93333
-5.9334
-5.93344
-5.93343
-5.93339
-5.93334
-5.93333
-5.93335
-5.93337
-5.93337
-5.93336
-5.93332
-5.93328
-5.93323
-5.93319
-5.93314
-5.93308
-5.93299
-5.9329
-5.93284
-5.93282
-5.93283
-5.93287
-5.93292
-5.93298
-5.93306
-5.93312
-5.93315
-5.93312
-5.93306
-5.933
-5.93295
-5.93292
-5.93291
-5.9329
-5.9329
-5.93291
-5.9329
-5.93286
-5.93281
-5.93276
-5.93274
-5.93273
-5.93274
-5.93273
-5.93274
-5.93277
-5.93284
-5.93291
-5.93298
-5.93305
-5.93312
-5.93316
-5.93313
-5.93302
-5.9329
-5.9328
-5.93275
-5.93275
-5.93275
-5.93273
-5.9327
-5.93266
-5.93263
-5.93262
-5.9326
-5.93258
-5.93255
-5.93251
-5.93247
-5.93246
-5.93246
-5.93249
-5.93254
-5.93259
-5.93261
-5.93261
-5.93259
-5.93261
-5.93264
-5.93266
-5.93265
-5.93261
-5.93257
-5.93256
-5.93259
-5.93265
-5.93272
-5.93277
-5.93278
-5.93277
-5.93274
-5.93271
-5.93267
-5.93263
-5.93259
-5.93258
-5.9326
-5.93262
-5.93261
-5.93254
-5.93242
-5.93232
-5.9323
-5.93238
-5.93246
-5.93247
-5.9324
-5.9323
-5.93223
-5.93222
-5.93226
-5.93233
-5.9324
-5.93244
-5.93246
-5.93248
-5.9325
-5.93252
-5.93253
-5.93252
-5.93251
-5.93248
-5.93244
-5.93241
-5.93239
-5.9324
-5.93241
-5.9324
-5.93238
-5.93236
-5.93237
-5.9324
-5.93247
-5.93256
-5.93266
-5.93275
-5.9328
-5.93282
-5.9328
-5.93274
-5.93267
-5.93262
-5.9326
-5.93257
-5.93253
-5.93248
-5.93244
-5.93238
-5.93232
-5.93227
-5.93226
-5.9323
-5.93237
-5.93245
-5.9325
-5.93252
-5.93253
-5.93254
-5.9326
-5.93269
-5.93279
-5.93284
-5.93283
-5.93277
-5.93268
-5.93261
-5.93257
-5.93253
-5.93248
-5.93245
-5.93246
-5.9325
-5.93257
-5.93264
-5.93271
-5.93277
-5.93282
-5.93285
-5.93285
-5.93281
-5.93275
-5.93267
-5.93261
-5.93256
-5.93253
-5.93255
-5.93263
-5.93276
-5.93289
-5.93298
-5.933
-5.93294
-5.93283
-5.93273
-5.93267
-5.93268
-5.93274
-5.93282
-5.9329
-5.93292
-5.9329
-5.93287
-5.93285
-5.93284
-5.93283
-5.93279
-5.93271
-5.9326
-5.93248
-5.93239
-5.93236
-5.93239
-5.93245
-5.93254
-5.93263
-5.93269
-5.93273
-5.93274
-5.93276
-5.93279
-5.93284
-5.93291
-5.933
-5.93308
-5.93314
-5.93315
-5.93309
-5.93299
-5.93289
-5.93282
-5.93278
-5.93273
-5.93267
-5.93263
-5.93264
-5.93272
-5.93282
-5.93289
-5.93289
-5.93282
-5.93273
-5.93267
-5.93267
-5.93273
-5.9328
-5.93287
-5.93294
-5.933
-5.93308
-5.93314
-5.93319
-5.93321
-5.93322
-5.93322
-5.93321
-5.93317
-5.93311
-5.93305
-5.933
-5.93298
-5.933
-5.93303
-5.93303
-5.93303
-5.93302
-5.93303
-5.93305
-5.93305
-5.93302
-5.93295
-5.93289
-5.93285
-5.93285
-5.93285
-5.93282
-5.93276
-5.9327
-5.93268
-5.93272
-5.93281
-5.9329
-5.93298
-5.93303
-5.93307
-5.9331
-5.93311
-5.93311
-5.93309
-5.93305
-5.933
-5.93297
-5.93298
-5.93299
-5.93299
-5.93298
-5.93298
-5.93298
-5.93298
-5.93301
-5.93305
-5.93311
-5.93317
-5.93322
-5.93325
-5.93324
-5.93318
-5.93313
-5.9331
-5.9331
-5.93314
-5.93318
-5.93321
-5.93322
-5.93319
-5.93313
-5.93308
-5.93305
-5.93307
-5.93311
-5.93311
-5.93306
-5.93299
-5.93292
-5.9329
-5.93293
-5.93303
-5.93315
-5.93327
-5.93336
-5.93343
-5.93349
-5.93357
-5.93362
-5.93364
-5.93362
-5.93354
-5.93344
-5.93331
-5.93319
-5.93311
-5.93305
-5.93301
-5.93295
-5.93291
-5.93288
-5.93289
-5.93293
-5.93301
-5.9331
-5.93317
-5.9332
-5.9332
-5.93317
-5.93316
-5.93316
-5.93319
-5.93323
-5.93325
-5.93323
-5.93317
-5.93313
-5.93311
-5.93312
-5.93317
-5.93324
-5.93332
-5.93337
-5.9334
-5.93341
-5.93341
-5.93339
-5.93336
-5.93329
-5.93322
-5.93315
-5.93309
-5.93304
-5.933
-5.93298
-5.93298
-5.933
-5.93303
-5.93307
-5.93313
-5.93321
-5.9333
-5.93338
-5.93343
-5.93344
-5.93344
-5.93342
-5.93338
-5.93333
-5.9333
-5.93328
-5.93327
-5.93329
-5.93332
-5.93336
-5.9334
-5.93342
-5.9334
-5.93337
-5.93333
-5.93333
-5.93338
-5.93346
-5.93352
-5.93352
-5.93347
-5.93339
-5.93332
-5.93329
-5.9333
-5.93332
-5.93333
-5.93334
-5.93332
-5.9333
-5.93327
-5.93328
-5.93334
-5.93343
-5.93349
-5.9335
-5.93347
-5.93343
-5.93338
-5.93337
-5.9334
-5.93346
-5.93353
-5.9336
-5.93365
-5.93366
-5.93364
-5.93361
-5.9336
-5.93361
-5.93362
-5.93361
-5.93361
-5.9336
-5.93358
-5.93356
-5.93354
-5.93353
-5.93354
-5.93357
-5.9336
-5.93361
-5.9336
-5.93357
-5.93352
-5.93347
-5.93343
-5.93343
-5.93346
-5.93352
-5.93359
-5.93367
-5.93372
-5.93373
-5.9337
-5.93363
-5.93356
-5.93348
-5.93341
-5.93337
-5.93334
-5.93332
-5.93329
-5.93324
-5.93318
-5.93314
-5.93315
-5.93318
-5.93321
-5.93326
-5.93332
-5.9334
-5.93348
-5.93353
-5.93355
-5.93355
-5.93356
-5.93357
-5.93356
-5.93353
-5.9335
-5.93347
-5.93343
-5.93341
-5.93339
-5.93337
-5.93336
-5.93335
-5.93337
-5.93343
-5.93353
-5.93363
-5.93373
-5.93379
-5.93383
-5.93386
-5.93388
-5.93387
-5.93385
-5.93384
-5.93385
-5.93387
-5.93389
-5.93389
-5.93385
-5.93378
-5.93369
-5.93362
-5.9336
-5.93365
-5.93376
-5.93391
-5.93404
-5.93413
-5.9342
-5.93422
-5.9342
-5.93417
-5.93414
-5.93413
-5.93413
-5.93412
-5.93409
-5.93402
-5.93394
-5.93389
-5.93387
-5.93389
-5.93392
-5.93393
-5.93392
-5.93392
-5.93393
-5.93396
-5.93397
-5.93396
-5.93391
-5.93383
-5.93375
-5.93369
-5.93367
-5.93368
-5.93371
-5.93374
-5.93379
-5.93382
-5.93384
-5.93384
-5.93386
-5.9339
-5.93397
-5.93404
-5.93409
-5.9341
-5.93407
-5.93407
-5.9341
-5.93415
-5.93419
-5.93422
-5.93423
-5.93423
-5.93422
-5.93419
-5.93414
-5.9341
-5.93408
-5.93407
-5.93406
-5.93406
-5.93407
-5.93409
-5.9341
-5.93409
-5.93405
-5.93402
-5.934
-5.93397
-5.93392
-5.93386
-5.93384
-5.93385
-5.93389
-5.93392
-5.93394
-5.93394
-5.93394
-5.93396
-5.93401
-5.93405
-5.93408
-5.93409
-5.93408
-5.93409
-5.9341
-5.93412
-5.93412
-5.93413
-5.93412
-5.9341
-5.93409
-5.9341
-5.93413
-5.93414
-5.93412
-5.93406
-5.93398
-5.93392
-5.93387
-5.93385
-5.93384
-5.93384
-5.93386
-5.93392
-5.93399
-5.93406
-5.93408
-5.93407
-5.93404
-5.93399
-5.93395
-5.93391
-5.93388
-5.93386
-5.93387
-5.93391
-5.93397
-5.93403
-5.93409
-5.93412
-5.93411
-5.93407
-5.93402
-5.93399
-5.93398
-5.93398
-5.93398
-5.93397
-5.93396
-5.93395
-5.93394
-5.93394
-5.93395
-5.93397
-5.934
-5.93404
-5.9341
-5.93416
-5.93418
-5.93415
-5.9341
-5.93403
-5.93398
-5.93396
-5.93397
-5.93399
-5.93401
-5.93404
-5.93408
-5.93412
-5.93415
-5.93418
-5.93419
-5.93419
-5.93416
-5.93413
-5.93412
-5.93412
-5.93414
-5.93417
-5.9342
-5.93422
-5.93423
-5.93421
-5.93421
-5.93422
-5.93424
-5.93424
-5.93421
-5.93418
-5.93415
-5.93414
-5.93413
-5.93411
-5.93412
-5.93415
-5.9342
-5.93424
-5.93427
-5.93431
-5.93434
-5.93437
-5.93438
-5.93437
-5.93435
-5.93432
-5.93429
-5.93426
-5.93424
-5.93423
-5.93422
-5.93422
-5.93419
-5.93415
-5.93411
-5.9341
-5.93414
-5.93419
-5.93423
-5.93424
-5.93424
-5.93425
-5.93427
-5.93427
-5.93423
-5.93416
-5.93407
-5.93398
-5.93391
-5.93391
-5.93397
-5.93407
-5.93416
-5.93424
-5.93431
-5.93437
-5.93442
-5.93446
-5.93448
-5.9345
-5.93451
-5.9345
-5.93445
-5.93438
-5.93429
-5.93419
-5.93409
-5.93397
-5.93384
-5.93372
-5.93361
-5.93353
-5.93349
-5.93349
-5.93353
-5.9336
-5.93367
-5.93373
-5.93377
-5.93379
-5.93379
-5.93381
-5.93384
-5.9339
-5.93395
-5.93398
-5.93397
-5.93392
-5.93387
-5.93382
-5.93378
-5.93374
-5.93369
-5.93365
-5.93365
-5.9337
-5.93378
-5.93388
-5.93398
-5.93406
-5.93412
-5.93414
-5.93415
-5.93414
-5.93412
-5.9341
-5.93407
-5.93403
-5.93402
-5.93401
-5.93403
-5.93404
-5.93405
-5.93402
-5.93398
-5.93395
-5.93395
-5.93396
-5.93396
-5.93395
-5.93391
-5.93387
-5.93386
-5.93386
-5.93386
-5.93386
-5.93388
-5.93392
-5.93397
-5.93402
-5.93405
-5.93405
-5.93404
-5.93402
-5.934
-5.93399
-5.93399
-5.934
-5.93404
-5.9341
-5.93417
-5.93421
-5.93422
-5.93418
-5.93411
-5.93405
-5.934
-5.93398
-5.93395
-5.93392
-5.93389
-5.93387
-5.93388
-5.9339
-5.93391
-5.9339
-5.9339
-5.93391
-5.93395
-5.934
-5.93405
-5.93409
-5.9341
-5.93411
-5.9341
-5.93409
-5.93408
-5.93408
-5.93409
-5.93413
-5.93417
-5.93421
-5.93421
-5.93419
-5.93418
-5.93417
-5.93417
-5.93417
-5.93418
-5.9342
-5.93422
-5.93423
-5.93422
-5.93418
-5.93413
-5.93408
-5.93406
-5.93405
-5.93407
-5.93412
-5.93418
-5.93422
-5.93422
-5.93419
-5.93416
-5.93416
-5.93418
-5.93423
-5.93428
-5.93434
-5.93438
-5.93437
-5.93431
-5.93422
-5.93417
-5.93417
-5.93421
-5.93426
-5.93432
-5.93437
-5.9344
-5.93441
-5.9344
-5.93439
-5.93437
-5.93437
-5.93439
-5.93441
-5.93441
-5.93438
-5.93432
-5.93425
-5.93419
-5.93415
-5.93411
-5.93408
-5.93406
-5.93406
-5.93408
-5.93412
-5.93418
-5.93425
-5.93429
-5.93431
-5.93431
-5.93429
-5.93427
-5.93426
-5.93428
-5.93434
-5.93442
-5.9345
-5.93457
-5.9346
-5.93458
-5.93452
-5.93445
-5.93438
-5.93433
-5.93429
-5.93427
-5.93425
-5.93424
-5.93423
-5.93424
-5.93428
-5.93433
-5.93437
-5.9344
-5.93441
-5.9344
-5.93438
-5.93437
-5.93439
-5.9344
-5.93441
-5.93441
-5.93441
-5.9344
-5.93437
-5.93436
-5.93435
-5.93437
-5.93439
-5.93442
-5.93446
-5.93448
-5.93448
-5.93445
-5.93441
-5.93436
-5.93432
-5.93429
-5.93429
-5.93431
-5.93434
-5.93434
-5.93433
-5.93431
-5.93431
-5.93432
-5.93434
-5.93439
-5.93445
-5.93453
-5.93459
-5.93463
-5.93463
-5.9346
-5.93454
-5.9345
-5.93445
-5.93438
-5.93432
-5.93429
-5.9343
-5.93434
-5.93439
-5.93444
-5.93449
-5.93453
-5.93456
-5.93456
-5.93454
-5.93452
-5.9345
-5.9345
-5.9345
-5.9345
-5.93448
-5.93445
-5.9344
-5.93438
-5.93436
-5.93437
-5.93438
-5.93437
-5.93436
-5.93435
-5.93436
-5.93439
-5.93446
-5.93455
-5.93463
-5.93467
-5.93465
-5.9346
-5.93454
-5.9345
-5.93447
-5.93447
-5.93449
-5.93452
-5.93457
-5.93459
-5.93458
-5.93453
-5.93446
-5.93438
-5.93433
-5.93429
-5.93427
-5.93427
-5.93427
-5.93429
-5.93432
-5.93437
-5.93443
-5.93448
-5.93451
-5.93451
-5.93451
-5.9345
-5.93448
-5.93444
-5.93438
-5.93431
-5.93427
-5.93425
-5.93426
-5.93428
-5.93433
-5.93439
-5.93447
-5.93453
-5.93456
-5.93456
-5.93454
-5.9345
-5.93446
-5.93443
-5.93442
-5.93443
-5.93446
-5.9345
-5.93454
-5.93457
-5.93458
-5.93458
-5.93458
-5.93457
-5.93455
-5.93455
-5.93454
-5.93453
-5.93451
-5.9345
-5.93449
-5.9345
-5.93452
-5.93454
-5.93455
-5.93454
-5.93451
-5.93447
-5.93443
-5.9344
-5.93438
-5.93439
-5.93442
-5.93447
-5.93452
-5.93456
-5.9346
-5.93463
-5.93464
-5.93463
-5.93461
-5.9346
-5.93461
-5.93463
-5.93467
-5.9347
-5.93472
-5.93473
-5.93472
-5.93472
-5.93472
-5.93472
-5.93472
-5.93473
-5.93474
-5.93474
-5.93473
-5.93472
-5.93471
-5.93469
-5.93466
-5.93463
-5.93464
-5.93467
-5.9347
-5.93472
-5.93473
-5.93474
-5.93475
-5.93478
-5.93481
-5.93482
-5.93481
-5.93479
-5.93476
-5.93473
-5.93469
-5.93466
-5.93467
-5.9347
-5.93473
-5.93474
-5.93471
-5.93467
-5.93461
-5.93458
-5.93459
-5.93462
-5.93464
-5.93465
-5.93464
-5.93462
-5.93459
-5.93457
-5.93454
-5.93453
-5.93455
-5.93458
-5.93463
-5.93467
-5.93469
-5.9347
-5.9347
-5.9347
-5.9347
-5.9347
-5.93468
-5.93467
-5.93467
-5.9347
-5.93472
-5.93473
-5.93472
-5.93468
-5.93463
-5.93459
-5.93457
-5.93456
-5.93454
-5.93454
-5.93456
-5.9346
-5.93465
-5.93469
-5.93472
-5.93475
-5.93478
-5.9348
-5.93481
-5.9348
-5.9348
-5.93479
-5.93478
-5.93478
-5.93477
-5.93475
-5.93471
-5.93465
-5.9346
-5.93457
-5.93454
-5.93451
-5.93447
-5.93443
-5.93438
-5.93434
-5.93432
-5.93432
-5.93433
-5.93435
-5.93439
-5.93443
-5.93449
-5.93456
-5.93463
-5.9347
-5.93474
-5.93474
-5.93473
-5.93473
-5.93474
-5.93475
-5.93475
-5.93476
-5.93474
-5.93471
-5.93465
-5.93459
-5.93452
-5.93446
-5.93441
-5.93436
-5.93432
-5.93431
-5.93434
-5.93439
-5.93447
-5.93454
-5.93459
-5.9346
-5.93458
-5.93454
-5.9345
-5.93448
-5.93449
-5.93452
-5.93455
-5.93459
-5.93462
-5.93465
-5.93466
-5.93466
-5.93464
-5.93463
-5.93463
-5.93462
-5.93461
-5.9346
-5.93458
-5.93456
-5.93456
-5.93457
-5.93458
-5.9346
-5.93464
-5.93468
-5.9347
-5.93471
-5.9347
-5.93469
-5.93469
-5.93469
-5.93469
-5.93468
-5.93465
-5.9346
-5.93454
-5.93449
-5.93446
-5.93445
-5.93447
-5.93451
-5.93455
-5.9346
-5.93464
-5.93469
-5.93471
-5.93472
-5.93471
-5.9347
-5.9347
-5.93469
-5.93468
-5.93465
-5.93463
-5.93462
-5.93461
-5.9346
-5.9346
-5.93459
-5.9346
-5.93463
-5.93466
-5.93469
-5.9347
-5.93468
-5.93466
-5.93463
-5.93462
-5.93461
-5.93459
-5.93456
-5.93454
-5.93451
-5.9345
-5.93451
-5.93454
-5.93455
-5.93455
-5.93454
-5.93452
-5.93447
-5.93442
-5.93436
-5.93432
-5.93431
-5.93434
-5.93438
-5.93444
-5.93447
-5.93448
-5.93447
-5.93444
-5.93442
-5.93441
-5.93443
-5.93447
-5.93452
-5.93456
-5.93458
-5.93458
-5.93458
-5.93458
-5.93457
-5.93458
-5.93458
-5.93459
-5.93462
-5.93465
-5.93469
-5.93473
-5.93476
-5.93478
-5.93476
-5.93473
-5.93469
-5.93466
-5.93463
-5.93462
-5.9346
-5.93457
-5.93454
-5.9345
-5.93448
-5.93448
-5.93447
-5.93446
-5.93443
-5.93439
-5.93437
-5.93438
-5.9344
-5.93443
-5.93445
-5.93447
-5.93449
-5.93452
-5.93455
-5.93459
-5.93461
-5.93464
-5.93466
-5.93468
-5.93469
-5.93468
-5.93467
-5.93466
-5.93464
-5.93461
-5.93458
-5.93455
-5.93453
-5.93452
-5.93452
-5.93451
-5.9345
-5.93448
-5.93446
-5.93446
-5.93447
-5.93451
-5.93455
-5.93459
-5.93461
-5.93461
-5.93463
-5.93466
-5.93468
-5.93469
-5.93469
-5.93468
-5.93467
-5.93465
-5.93464
-5.93463
-5.93462
-5.93462
-5.93458
-5.93453
-5.93447
-5.93444
-5.93444
-5.93446
-5.93448
-5.93449
-5.93449
-5.93448
-5.93449
-5.9345
-5.93453
-5.93456
-5.9346
-5.93461
-5.93459
-5.93455
-5.93451
-5.93448
-5.93444
-5.93439
-5.93435
-5.93432
-5.9343
-5.9343
-5.93432
-5.93436
-5.9344
-5.93443
-5.93446
-5.93448
-5.93449
-5.93448
-5.93447
-5.93445
-5.93445
-5.93448
-5.93455
-5.93462
-5.93467
-5.93469
-5.93467
-5.93464
-5.93463
-5.93462
-5.93462
-5.93462
-5.93463
-5.93466
-5.93469
-5.93473
-5.93476
-5.93477
-5.93475
-5.93471
-5.93466
-5.93462
-5.93461
-5.9346
-5.93459
-5.93458
-5.93456
-5.93455
-5.93455
-5.93453
-5.9345
-5.93448
-5.9345
-5.93454
-5.9346
-5.93465
-5.93468
-5.93467
-5.93463
-5.93459
-5.93456
-5.93454
-5.93454
-5.93455
-5.93456
-5.93457
-5.93457
-5.93456
-5.93453
-5.9345
-5.93448
-5.93447
-5.93448
-5.93451
-5.93456
-5.93461
-5.93463
-5.93463
-5.93463
-5.93462
-5.93461
-5.93459
-5.93456
-5.93453
-5.93452
-5.93451
-5.93451
-5.93451
-5.93451
-5.93451
-5.93452
-5.93455
-5.93457
-5.93458
-5.93457
-5.93455
-5.93452
-5.93448
-5.93445
-5.93442
-5.93437
-5.93433
-5.93432
-5.93433
-5.93436
-5.93438
-5.93441
-5.93445
-5.9345
-5.93454
-5.93456
-5.93457
-5.93457
-5.93456
-5.93456
-5.93457
-5.9346
-5.93463
-5.93466
-5.93466
-5.93464
-5.93461
-5.9346
-5.93462
-5.93465
-5.93468
-5.9347
-5.93472
-5.93474
-5.93476
-5.93475
-5.93472
-5.93468
-5.93466
-5.93467
-5.9347
-5.93473
-5.93473
-5.93468
-5.9346
-5.93454
-5.93452
-5.93455
-5.9346
-5.93467
-5.93472
-5.93476
-5.93477
-5.93475
-5.93472
-5.93468
-5.93466
-5.93466
-5.93468
-5.9347
-5.93472
-5.93471
-5.93471
-5.93474
-5.93478
-5.93482
-5.93483
-5.93479
-5.93473
-5.93468
-5.93464
-5.93461
-5.9346
-5.9346
-5.93462
-5.93467
-5.93473
-5.93479
-5.93484
-5.93487
-5.93486
-5.93481
-5.93474
-5.93466
-5.9346
-5.93458
-5.93459
-5.93462
-5.93466
-5.9347
-5.93472
-5.93473
-5.93474
-5.93474
-5.93471
-5.93467
-5.93462
-5.93456
-5.93451
-5.93448
-5.93449
-5.93451
-5.93455
-5.93459
-5.93463
-5.93466
-5.93469
-5.93471
-5.93474
-5.93477
-5.93478
-5.93479
-5.93479
-5.93476
-5.93472
-5.93469
-5.93467
-5.93468
-5.9347
-5.93471
-5.9347
-5.93469
-5.93467
-5.93464
-5.93461
-5.93458
-5.93456
-5.93455
-5.93453
-5.93452
-5.93453
-5.93454
-5.93457
-5.93459
-5.9346
-5.93461
-5.93461
-5.93459
-5.93457
-5.93455
-5.93453
-5.93452
-5.93452
-5.93453
-5.93455
-5.93457
-5.93457
-5.93457
-5.93455
-5.93453
-5.93452
-5.93453
-5.93455
-5.93456
-5.93456
-5.93455
-5.93455
-5.93456
-5.93457
-5.93457
-5.93456
-5.93455
-5.93454
-5.93454
-5.93455
-5.93457
-5.93458
-5.93457
-5.93454
-5.93449
-5.93445
-5.9344
-5.93434
-5.9343
-5.93428
-5.93428
-5.93428
-5.93425
-5.93423
-5.93421
-5.93422
-5.93425
-5.93431
-5.93437
-5.93444
-5.9345
-5.93452
-5.9345
-5.93445
-5.9344
-5.93435
-5.93433
-5.93433
-5.93434
-5.93435
-5.93435
-5.93434
-5.93433
-5.93432
-5.93431
-5.9343
-5.93428
-5.93426
-5.93424
-5.93422
-5.93421
-5.9342
-5.93417
-5.93414
-5.93412
-5.93411
-5.93411
-5.93412
-5.93416
-5.93422
-5.93428
-5.93432
-5.93434
-5.93433
-5.93432
-5.93432
-5.93432
-5.9343
-5.93427
-5.93424
-5.93422
-5.9342
-5.93421
-5.93421
-5.93422
-5.93422
-5.93421
-5.93421
-5.93421
-5.93421
-5.93421
-5.93423
-5.93427
-5.93431
-5.93433
-5.93431
-5.93427
-5.93424
-5.93422
-5.93424
-5.93425
-5.93425
-5.93423
-5.93421
-5.93422
-5.93427
-5.93434
-5.93439
-5.93444
-5.93446
-5.93447
-5.93447
-5.93446
-5.93446
-5.93445
-5.93445
-5.93444
-5.93444
-5.93443
-5.93445
-5.93447
-5.93448
-5.93447
-5.93444
-5.93442
-5.93441
-5.93441
-5.93442
-5.93444
-5.93445
-5.93444
-5.93441
-5.93438
-5.93434
-5.93429
-5.93425
-5.93422
-5.93421
-5.93425
-5.93431
-5.93437
-5.93443
-5.93446
-5.93447
-5.93443
-5.93438
-5.93432
-5.93428
-5.93426
-5.93427
-5.9343
-5.93431
-5.93428
-5.93423
-5.93419
-5.93418
-5.9342
-5.93423
-5.93427
-5.93432
-5.93436
-5.9344
-5.93443
-5.93444
-5.93444
-5.93443
-5.9344
-5.93436
-5.93432
-5.93429
-5.93427
-5.93427
-5.93429
-5.93433
-5.93436
-5.93439
-5.93439
-5.93438
-5.93438
-5.9344
-5.93443
-5.93446
-5.93448
-5.93447
-5.93442
-5.93435
-5.93431
-5.9343
-5.93432
-5.93433
-5.93433
-5.93433
-5.93435
-5.93437
-5.93439
-5.93441
-5.93442
-5.93444
-5.93447
-5.93448
-5.93448
-5.93447
-5.93446
-5.93445
-5.93443
-5.9344
-5.93435
-5.93431
-5.93429
-5.9343
-5.93434
-5.9344
-5.93445
-5.93448
-5.9345
-5.9345
-5.93451
-5.93453
-5.93456
-5.93459
-5.93462
-5.93464
-5.93467
-5.93467
-5.93464
-5.93458
-5.93453
-5.9345
-5.93448
-5.93448
-5.93447
-5.93445
-5.93442
-5.93439
-5.93435
-5.93433
-5.93435
-5.93439
-5.93444
-5.9345
-5.93456
-5.9346
-5.93463
-5.93463
-5.93461
-5.93459
-5.93458
-5.93458
-5.93459
-5.9346
-5.93462
-5.93464
-5.93465
-5.93466
-5.93465
-5.93463
-5.93462
-5.93459
-5.93457
-5.93454
-5.93452
-5.9345
-5.93447
-5.93444
-5.93443
-5.93444
-5.93446
-5.93448
-5.93449
-5.93448
-5.93445
-5.93442
-5.9344
-5.93441
-5.93445
-5.93451
-5.93457
-5.9346
-5.93459
-5.93458
-5.93457
-5.93458
-5.93461
-5.93464
-5.93466
-5.93466
-5.93465
-5.93465
-5.93463
-5.93462
-5.93463
-5.93465
-5.9347
-5.93476
-5.93482
-5.93485
-5.93486
-5.93484
-5.93479
-5.93472
-5.93465
-5.93462
-5.93461
-5.93461
-5.9346
-5.93458
-5.93455
-5.93453
-5.93453
-5.93455
-5.93459
-5.93463
-5.93466
-5.93469
-5.93472
-5.93474
-5.93476
-5.93476
-5.93474
-5.93472
-5.9347
-5.93468
-5.93468
-5.9347
-5.93472
-5.93474
-5.93475
-5.93475
-5.93475
-5.93473
-5.93472
-5.93471
-5.93469
-5.93469
-5.93469
-5.9347
-5.93472
-5.93474
-5.93474
-5.93474
-5.93473
-5.93472
-5.93471
-5.93473
-5.93476
-5.9348
-5.93481
-5.93482
-5.93481
-5.9348
-5.93478
-5.93478
-5.93477
-5.93476
-5.93473
-5.9347
-5.93468
-5.93468
-5.9347
-5.93475
-5.93481
-5.93485
-5.93485
-5.93481
-5.93475
-5.93471
-5.93469
-5.9347
-5.93473
-5.93477
-5.93479
-5.93481
-5.93481
-5.93481
-5.93481
-5.93479
-5.93476
-5.93473
-5.93473
-5.93474
-5.93476
-5.93477
-5.93476
-5.93475
-5.93475
-5.93475
-5.93475
-5.93475
-5.93475
-5.93476
-5.93477
-5.93475
-5.93472
-5.93468
-5.93465
-5.93464
-5.93464
-5.93464
-5.93465
-5.93466
-5.93469
-5.93472
-5.93476
-5.93481
-5.93485
-5.93488
-5.9349
-5.93492
-5.93491
-5.93488
-5.93485
-5.93482
-5.93481
-5.93481
-5.93482
-5.93483
-5.93484
-5.93484
-5.93484
-5.93484
-5.93483
-5.93482
-5.93479
-5.93476
-5.93475
-5.93477
-5.9348
-5.93483
-5.93486
-5.93487
-5.93486
-5.93484
-5.9348
-5.93475
-5.93472
-5.9347
-5.9347
-5.93471
-5.93473
-5.93475
-5.93478
-5.93481
-5.93487
-5.93492
-5.93496
-5.93498
-5.93498
-5.93498
-5.93497
-5.93495
-5.93492
-5.93488
-5.93485
-5.93484
-5.93484
-5.93485
-5.93486
-5.93488
-5.9349
-5.93492
-5.93494
-5.93494
-5.93494
-5.93494
-5.93494
-5.93493
-5.93492
-5.93491
-5.93491
-5.93492
-5.93492
-5.9349
-5.93487
-5.93483
-5.93478
-5.93472
-5.93467
-5.93461
-5.93456
-5.93451
-5.93447
-5.93445
-5.93445
-5.93448
-5.93453
-5.93457
-5.93461
-5.93463
-5.93465
-5.93466
-5.93465
-5.93464
-5.93462
-5.93462
-5.93463
-5.93467
-5.9347
-5.93471
-5.93471
-5.93469
-5.93467
-5.93466
-5.93465
-5.93466
-5.93468
-5.9347
-5.9347
-5.93469
-5.93466
-5.93463
-5.93461
-5.9346
-5.9346
-5.93459
-5.93456
-5.93452
-5.93447
-5.93442
-5.93436
-5.9343
-5.93425
-5.93421
-5.93418
-5.93416
-5.93416
-5.93416
-5.93418
-5.93421
-5.93424
-5.93426
-5.93429
-5.93431
-5.93433
-5.93434
-5.93436
-5.93439
-5.93444
-5.93448
-5.93451
-5.93455
-5.93458
-5.9346
-5.9346
-5.93458
-5.93456
-5.93453
-5.93451
-5.93451
-5.93453
-5.93453
-5.93451
-5.93445
-5.93439
-5.93436
-5.93439
-5.93443
-5.93448
-5.9345
-5.93451
-5.93449
-5.93449
-5.93449
-5.9345
-5.9345
-5.93449
-5.93447
-5.93445
-5.93445
-5.93446
-5.9345
-5.93455
-5.93459
-5.93462
-5.93462
-5.93463
-5.93463
-5.93466
-5.93468
-5.93471
-5.93474
-5.93473
-5.9347
-5.93465
-5.93459
-5.93454
-5.9345
-5.93447
-5.93445
-5.93445
-5.93445
-5.93444
-5.93445
-5.93447
-5.93451
-5.93454
-5.93458
-5.93461
-5.93463
-5.93463
-5.93461
-5.93459
-5.93458
-5.93458
-5.93459
-5.93462
-5.93464
-5.93464
-5.93462
-5.9346
-5.9346
-5.93464
-5.93471
-5.93478
-5.93482
-5.93481
-5.93476
-5.93471
-5.93467
-5.93464
-5.93461
-5.93459
-5.93457
-5.93454
-5.93452
-5.93451
-5.93451
-5.9345
-5.93449
-5.93449
-5.9345
-5.93452
-5.93456
-5.9346
-5.93464
-5.93468
-5.93471
-5.93473
-5.93475
-5.93475
-5.93474
-5.93472
-5.93472
-5.93471
-5.93471
-5.9347
-5.93468
-5.93466
-5.93464
-5.93465
-5.93468
-5.9347
-5.93471
-5.93469
-5.93466
-5.93464
-5.93463
-5.93461
-5.93462
-5.93464
-5.93467
-5.9347
-5.93472
-5.93473
-5.93474
-5.93474
-5.93472
-5.93471
-5.93468
-5.93466
-5.93465
-5.93464
-5.93466
-5.9347
-5.93474
-5.93478
-5.93481
-5.93481
-5.93479
-5.93475
-5.93472
-5.93471
-5.93472
-5.93473
-5.93475
-5.93478
-5.93479
-5.93481
-5.93483
-5.93487
-5.93488
-5.93489
-5.93488
-5.93486
-5.93485
-5.93484
-5.93483
-5.93482
-5.9348
-5.93478
-5.93477
-5.93479
-5.93482
-5.93486
-5.93489
-5.93492
-5.93494
-5.93495
-5.93493
-5.9349
-5.93488
-5.93487
-5.93487
-5.93488
-5.93489
-5.93492
-5.93494
-5.93495
-5.93493
-5.93491
-5.9349
-5.93491
-5.93493
-5.93495
-5.93496
-5.93494
-5.93491
-5.93489
-5.93489
-5.93488
-5.93489
-5.93489
-5.93489
-5.93488
-5.93486
-5.93484
-5.93483
-5.93484
-5.93486
-5.93488
-5.93489
-5.9349
-5.93493
-5.93497
-5.93501
-5.93504
-5.93504
-5.93502
-5.93499
-5.93499
-5.93501
-5.93503
-5.93503
-5.93502
-5.935
-5.93497
-5.93495
-5.93493
-5.93492
-5.93491
-5.9349
-5.9349
-5.93491
-5.93492
-5.93494
-5.93494
-5.93495
-5.93497
-5.935
-5.93501
-5.93501
-5.93499
-5.93495
-5.93492
-5.93491
-5.93493
-5.93496
-5.93499
-5.93504
-5.93509
-5.93514
-5.93518
-5.93521
-5.93522
-5.93521
-5.93518
-5.93513
-5.93509
-5.93507
-5.93504
-5.935
-5.93496
-5.93492
-5.93489
-5.93486
-5.93484
-5.93482
-5.9348
-5.93477
-5.93475
-5.93475
-5.93475
-5.93474
-5.93472
-5.9347
-5.93469
-5.93471
-5.93473
-5.93475
-5.93476
-5.93477
-5.93476
-5.93476
-5.93475
-5.93476
-5.93477
-5.93478
-5.9348
-5.93482
-5.93483
-5.93484
-5.93485
-5.93487
-5.93487
-5.93487
-5.93484
-5.9348
-5.93475
-5.9347
-5.93467
-5.93466
-5.93466
-5.93467
-5.93468
-5.93469
-5.9347
-5.9347
-5.93469
-5.93468
-5.93468
-5.93468
-5.9347
-5.93472
-5.93473
-5.93475
-5.93476
-5.93476
-5.93477
-5.93479
-5.93483
-5.93486
-5.93487
-5.93485
-5.93481
-5.93477
-5.93476
-5.93478
-5.93482
-5.93483
-5.93481
-5.93477
-5.93473
-5.93471
-5.93471
-5.93474
-5.93478
-5.93481
-5.93482
-5.93482
-5.93481
-5.93478
-5.93475
-5.93474
-5.93474
-5.93473
-5.93473
-5.93472
-5.93472
-5.93474
-5.93477
-5.93481
-5.93484
-5.93486
-5.93487
-5.93487
-5.93485
-5.93483
-5.9348
-5.93478
-5.93478
-5.93478
-5.9348
-5.93482
-5.93483
-5.93485
-5.93485
-5.93486
-5.93487
-5.93488
-5.93487
-5.93486
-5.93483
-5.9348
-5.93476
-5.93474
-5.93473
-5.93472
-5.9347
-5.93469
-5.93469
-5.9347
-5.93472
-5.93474
-5.93476
-5.93479
-5.93483
-5.93486
-5.93489
-5.9349
-5.9349
-5.93489
-5.93486
-5.93484
-5.93482
-5.93483
-5.93483
-5.9348
-5.93476
-5.9347
-5.93466
-5.93464
-5.93464
-5.93465
-5.93466
-5.9347
-5.93473
-5.93476
-5.93478
-5.93479
-5.93479
-5.93479
-5.93479
-5.9348
-5.93481
-5.93482
-5.93483
-5.93485
-5.93486
-5.93488
-5.93489
-5.93491
-5.93492
-5.93492
-5.93491
-5.9349
-5.9349
-5.9349
-5.93491
-5.93491
-5.93492
-5.93492
-5.93491
-5.9349
-5.93488
-5.93486
-5.93485
-5.93484
-5.93484
-5.93483
-5.9348
-5.93477
-5.93474
-5.93472
-5.93472
-5.93472
-5.93474
-5.93476
-5.9348
-5.93483
-5.93486
-5.93487
-5.93488
-5.93489
-5.9349
-5.9349
-5.9349
-5.93492
-5.93494
-5.93496
-5.93498
-5.93498
-5.93497
-5.93495
-5.93492
-5.9349
-5.93488
-5.93485
-5.93482
-5.9348
-5.93479
-5.93479
-5.9348
-5.93482
-5.93485
-5.93488
-5.9349
-5.9349
-5.93486
-5.9348
-5.93474
-5.93472
-5.93473
-5.93477
-5.93482
-5.93486
-5.93488
-5.93489
-5.9349
-5.93491
-5.93492
-5.93493
-5.93493
-5.93492
-5.93491
-5.9349
-5.93488
-5.93489
-5.9349
-5.93491
-5.93491
-5.93489
-5.93487
-5.93485
-5.93483
-5.93482
-5.93482
-5.93482
-5.93484
-5.93486
-5.93486
-5.93485
-5.93481
-5.93478
-5.93477
-5.93478
-5.93482
-5.93486
-5.93488
-5.93488
-5.93487
-5.93485
-5.93486
-5.93488
-5.93493
-5.93498
-5.93502
-5.93504
-5.93504
-5.93504
-5.93503
-5.93502
-5.93502
-5.93501
-5.93503
-5.93506
-5.93511
-5.93514
-5.93514
-5.93511
-5.93505
-5.935
-5.93499
-5.935
-5.93501
-5.93501
-5.93498
-5.93493
-5.93489
-5.93489
-5.93491
-5.93495
-5.935
-5.93501
-5.93501
-5.93499
-5.93498
-5.93497
-5.93495
-5.93492
-5.93488
-5.93486
-5.93486
-5.93487
-5.93487
-5.93485
-5.93483
-5.93483
-5.93485
-5.9349
-5.93496
-5.93502
-5.93506
-5.93508
-5.93508
-5.93508
-5.93508
-5.93508
-5.93509
-5.93509
-5.9351
-5.9351
-5.93507
-5.935
-5.93492
-5.93486
-5.93485
-5.93488
-5.93493
-5.93495
-5.93495
-5.93491
-5.93486
-5.93483
-5.93484
-5.93487
-5.93492
-5.93497
-5.935
-5.93501
-5.93502
-5.93503
-5.93506
-5.93509
-5.93512
-5.93513
-5.93512
-5.9351
-5.93508
-5.93506
-5.93503
-5.935
-5.93498
-5.93497
-5.93497
-5.93497
-5.93497
-5.93497
-5.93498
-5.93499
-5.935
-5.93499
-5.93497
-5.93496
-5.93495
-5.93494
-5.93493
-5.93493
-5.93493
-5.93494
-5.93498
-5.93502
-5.93504
-5.93504
-5.93502
-5.935
-5.935
-5.93501
-5.93504
-5.93507
-5.93508
-5.93507
-5.93505
-5.93504
-5.93505
-5.9351
-5.93515
-5.9352
-5.93523
-5.93523
-5.93523
-5.93523
-5.93523
-5.93522
-5.9352
-5.93517
-5.93512
-5.93508
-5.93504
-5.93501
-5.93497
-5.93494
-5.93491
-5.93489
-5.93486
-5.93483
-5.93481
-5.93481
-5.93483
-5.93486
-5.93491
-5.93495
-5.93499
-5.93502
-5.93502
-5.93502
-5.93502
-5.93503
-5.93506
-5.93508
-5.93509
-5.93509
-5.93506
-5.93503
-5.935
-5.93499
-5.93499
-5.93501
-5.93502
-5.93502
-5.93501
-5.93501
-5.93503
-5.93506
-5.93509
-5.9351
-5.93511
-5.9351
-5.93508
-5.93506
-5.93506
-5.93507
-5.93507
-5.93507
-5.93506
-5.93503
-5.935
-5.93498
-5.93497
-5.93498
-5.935
-5.93501
-5.93501
-5.935
-5.935
-5.93501
-5.93502
-5.93502
-5.93503
-5.93504
-5.93504
-5.93502
-5.935
-5.93499
-5.93501
-5.93504
-5.93508
-5.93513
-5.93517
-5.93518
-5.93518
-5.93516
-5.93513
-5.9351
-5.93507
-5.93505
-5.93504
-5.93504
-5.93506
-5.93508
-5.93509
-5.93508
-5.93506
-5.93505
-5.93505
-5.93506
-5.93508
-5.93511
-5.93514
-5.93517
-5.93521
-5.93523
-5.93522
-5.93518
-5.93513
-5.93509
-5.93507
-5.93505
-5.93505
-5.93504
-5.93504
-5.93502
-5.935
-5.93497
-5.93496
-5.93496
-5.93496
-5.93495
-5.93495
-5.93495
-5.93497
-5.93499
-5.93501
-5.93503
-5.93505
-5.93507
-5.93509
-5.9351
-5.9351
-5.93509
-5.93509
-5.93508
-5.93508
-5.93508
-5.93507
-5.93507
-5.93506
-5.93507
-5.93508
-5.93509
-5.93509
-5.93509
-5.93509
-5.93509
-5.93507
-5.93504
-5.93502
-5.935
-5.93499
-5.93498
-5.93498
-5.93499
-5.935
-5.93501
-5.93501
-5.935
-5.93499
-5.93499
-5.93499
-5.93501
-5.93504
-5.93506
-5.93506
-5.93505
-5.93504
-5.93502
-5.93501
-5.935
-5.93501
-5.93503
-5.93505
-5.93507
-5.93509
-5.9351
-5.9351
-5.93511
-5.93513
-5.93515
-5.93518
-5.93519
-5.9352
-5.93519
-5.93517
-5.93514
-5.9351
-5.93508
-5.93507
-5.93506
-5.93506
-5.93504
-5.93502
-5.935
-5.93499
-5.93499
-5.935
-5.93501
-5.93502
-5.93504
-5.93507
-5.93511
-5.93515
-5.93517
-5.93516
-5.93512
-5.93508
-5.93503
-5.93498
-5.93494
-5.93491
-5.93491
-5.93492
-5.93496
-5.93502
-5.93507
-5.93509
-5.9351
-5.93511
-5.93511
-5.93511
-5.9351
-5.93508
-5.93505
-5.93502
-5.93501
-5.935
-5.93501
-5.93504
-5.93507
-5.9351
-5.93511
-5.93511
-5.93511
-5.9351
-5.9351
-5.93509
-5.93508
-5.93506
-5.93506
-5.93505
-5.93506
-5.93507
-5.93507
-5.93506
-5.93505
-5.93502
-5.93499
-5.93497
-5.93497
-5.93499
-5.93501
-5.93502
-5.93502
-5.93501
-5.935
-5.93498
-5.93497
-5.93494
-5.9349
-5.93488
-5.93489
-5.93492
-5.93496
-5.93501
-5.93505
-5.93509
-5.93513
-5.93516
-5.93518
-5.93519
-5.93519
-5.93517
-5.93515
-5.93514
-5.93513
-5.93513
-5.93513
-5.93512
-5.9351
-5.93507
-5.93505
-5.93505
-5.93508
-5.93511
-5.93514
-5.93515
0
0.026015
0.0436082
0.0397994
0.0311376
0.0373587
0.0445317
0.0430456
0.0381584
0.0343417
0.0312113
0.0284943
0.0262124
0.0243008
0.0226494
0.0212284
0.0203337
0.0199836
0.0204429
0.0219708
0.023897
0.0248342
0.0242744
0.0232469
0.0226714
0.0222683
0.0217103
0.0210073
0.0202742
0.0196033
0.0190149
0.0184541
0.0179289
0.0175734
0.0174974
0.0173598
0.0170399
0.0166392
0.0162216
0.0158143
0.0154355
0.0151099
0.0147994
0.0144614
0.0141492
0.0139096
0.0137956
0.0138019
0.0138358
0.013816
0.0136031
0.0133882
0.0136947
0.0145861
0.0150489
0.0148411
0.0146438
0.0145951
0.014453
0.0142104
0.0141014
0.0140121
0.0137883
0.01378
0.0141029
0.0143784
0.0143521
0.0141452
0.0140084
0.0140541
0.0141975
0.0142254
0.0140743
0.013883
0.0137002
0.0135189
0.0133516
0.0132241
0.013188
0.0132593
0.0133253
0.0132487
0.0130967
0.0129471
0.0128616
0.0129154
0.013045
0.0130981
0.0129948
0.0128575
0.0128252
0.0128824
0.0129521
0.0130133
0.0130779
0.013096
0.0130074
0.0128758
0.0127908
0.012699
0.012579
0.0124561
0.0123472
0.0122387
0.0121221
0.0120168
0.0119578
0.0119596
0.0119833
0.0119694
0.0119027
0.0118039
0.0116991
0.0115975
0.0115002
0.011412
0.011345
0.0112996
0.0112433
0.0111609
0.0110683
0.0109898
0.0109269
0.0108639
0.0107927
0.0107116
0.0106273
0.0105443
0.0104626
0.0103819
0.010306
0.0102423
0.0101782
0.0101044
0.0100309
0.00997126
0.00993439
0.00989564
0.00983923
0.00977092
0.00970188
0.00964319
0.00960033
0.00955383
0.00949112
0.00942977
0.00939087
0.0093611
0.00930618
0.00925239
0.00926451
0.0093147
0.009333
0.00931625
0.00928185
0.00923414
0.00917762
0.00911965
0.00906326
0.009017
0.00898226
0.0089433
0.00889117
0.00883934
0.00881548
0.00884018
0.00886852
0.00884171
0.00879003
0.00877022
0.00877061
0.00875986
0.00872495
0.00867607
0.00862673
0.00858112
0.00854204
0.00850843
0.00846976
0.00842326
0.00838069
0.00835138
0.00832634
0.00829152
0.00824717
0.00820454
0.00816488
0.00812196
0.00808074
0.00805173
0.00804359
0.00805695
0.00808136
0.00810367
0.00810597
0.00807323
0.00803559
0.008018
0.00800002
0.00796985
0.00793554
0.00790297
0.00787185
0.00783696
0.00779927
0.00776146
0.00772391
0.00768728
0.00765526
0.0076258
0.00759224
0.0075564
0.00752472
0.00749775
0.0074705
0.00744026
0.00740816
0.00737512
0.00734143
0.00731291
0.00728909
0.00726442
0.00723974
0.00721221
0.00718031
0.00714975
0.00712099
0.00709205
0.00706162
0.00703129
0.0070087
0.00700272
0.00699994
0.00697311
0.00695144
0.00695069
0.00695272
0.00694191
0.00691663
0.00688893
0.00687371
0.00685989
0.00683314
0.00680987
0.0068039
0.00680645
0.00679966
0.00677508
0.00675647
0.00678824
0.00686146
0.00690482
0.00689379
0.00686674
0.00684871
0.00683477
0.006817
0.00679562
0.00677405
0.00675346
0.00673337
0.00671179
0.00668676
0.00666311
0.00664748
0.00663747
0.00662695
0.00661368
0.00659674
0.00657624
0.0065521
0.00653373
0.00653966
0.00657504
0.00662829
0.00668637
0.00673782
0.00676853
0.0067669
0.00674394
0.00672588
0.00672533
0.00673282
0.00673624
0.00672867
0.0067108
0.00668944
0.00666906
0.00664953
0.00662747
0.00660485
0.00658372
0.0065619
0.00653954
0.00651738
0.00649543
0.00647429
0.00645328
0.00643174
0.00641027
0.00638902
0.00636784
0.00634782
0.00633028
0.0063107
0.00629176
0.00628453
0.00628148
0.00626834
0.0062481
0.00623535
0.00622707
0.00620984
0.00619187
0.00618549
0.00618264
0.0061726
0.00615491
0.00613605
0.00612394
0.00612857
0.00615287
0.00617191
0.00616535
0.00614646
0.00613023
0.00611645
0.00610786
0.00611645
0.00614453
0.00616564
0.00616731
0.00616132
0.0061546
0.00614687
0.00613537
0.00612023
0.00610346
0.00608589
0.00606815
0.00605436
0.00604567
0.00604064
0.00603937
0.00604176
0.00604779
0.00606066
0.00607844
0.00608651
0.00607613
0.00605916
0.00604255
0.00603325
0.00603487
0.0060353
0.00602444
0.00600962
0.00602524
0.00606646
0.00609897
0.00610998
0.00610828
0.00610224
0.00609393
0.00608142
0.00606481
0.00605202
0.00604052
0.00602562
0.00600953
0.00599331
0.00597739
0.00596186
0.00594611
0.00593023
0.00591451
0.00589882
0.00588398
0.00587529
0.00587093
0.0058597
0.00584439
0.00582912
0.00581487
0.00580071
0.00578568
0.00577455
0.00577364
0.00577272
0.00576178
0.00574714
0.00573304
0.00571997
0.00570717
0.00569585
0.00568752
0.00567943
0.00566814
0.00565472
0.00564083
0.00562831
0.00562282
0.00562361
0.00561833
0.00560576
0.0055921
0.00558081
0.00557071
0.00555788
0.00554431
0.00553082
0.00551809
0.00550543
0.0054922
0.00548271
0.0054786
0.00547374
0.00546253
0.0054507
0.00545015
0.00545544
0.00544815
0.00543579
0.00542865
0.00541996
0.00540876
0.00539767
0.005388
0.00537863
0.00536796
0.00535639
0.00534477
0.00533278
0.0053207
0.00531298
0.00531235
0.00531176
0.00530401
0.00529226
0.00528027
0.00526874
0.00525775
0.00524658
0.00523475
0.0052256
0.00522514
0.00523829
0.00526625
0.00530335
0.00533136
0.00533811
0.00532973
0.00531811
0.00531466
0.00533025
0.00535992
0.00539163
0.0054201
0.005441
0.0054508
0.00545039
0.00544408
0.00543447
0.00542309
0.0054115
0.00540308
0.00540582
0.00542467
0.00545461
0.0054897
0.00551856
0.00552925
0.00552345
0.00551179
0.00550363
0.00550173
0.00550212
0.00550048
0.00549571
0.00548729
0.00547653
0.00546525
0.00545393
0.00544346
0.00543468
0.00542449
0.00541378
0.00540561
0.00539561
0.00538481
0.00537542
0.00536505
0.00535417
0.0053437
0.00533302
0.00532229
0.00531172
0.00530104
0.00529067
0.00528184
0.00527554
0.00527005
0.00526124
0.00525096
0.00524248
0.00523328
0.00522328
0.0052143
0.00520903
0.0052051
0.00519732
0.00518724
0.00517714
0.00516724
0.00515725
0.00514774
0.00514122
0.00513895
0.00513693
0.00512984
0.00512012
0.00511528
0.00511265
0.00510665
0.00509724
0.00508792
0.00507878
0.00506935
0.00506238
0.00505703
0.00505116
0.00504437
0.00503666
0.00502823
0.00501956
0.00501079
0.0050015
0.00499306
0.00498779
0.00498411
0.0049775
0.00496834
0.00496412
0.00496557
0.00496363
0.00495602
0.00494697
0.00493797
0.00492898
0.00492002
0.00491124
0.00490308
0.00489622
0.00489104
0.00488643
0.00488024
0.00487257
0.00486481
0.0048591
0.00485827
0.00486002
0.00485778
0.00485007
0.00484223
0.00483818
0.00483494
0.0048293
0.00482115
0.00481305
0.00480652
0.00480019
0.0047923
0.00478416
0.00477738
0.00477142
0.00476633
0.00476022
0.00475203
0.00474492
0.00473944
0.00473353
0.00472623
0.0047183
0.00471025
0.00470225
0.00469553
0.00469184
0.00468824
0.00468159
0.00467372
0.00466877
0.00466837
0.00466867
0.00466561
0.00465915
0.00465146
0.00464374
0.00463666
0.00462996
0.00462283
0.0046152
0.00460779
0.00460206
0.00459808
0.0045936
0.00458687
0.00457942
0.00457402
0.00457054
0.00456683
0.00456149
0.00455529
0.00454977
0.0045474
0.00454997
0.00455217
0.00454626
0.00454172
0.00454982
0.00456476
0.00457868
0.00458752
0.00458948
0.00458591
0.00458007
0.00457346
0.00456639
0.00455916
0.00455403
0.00455387
0.00455608
0.00455439
0.00454896
0.00454248
0.00453624
0.00453064
0.0045244
0.00451731
0.00451146
0.00450861
0.004508
0.00450841
0.00450885
0.00450723
0.0045016
0.00449476
0.00448955
0.0044854
0.00448227
0.00448076
0.00447844
0.00447247
0.0044659
0.00446054
0.00445407
0.00444763
0.00444213
0.00443591
0.00442917
0.00442254
0.00441595
0.00441
0.00440618
0.00440283
0.00439711
0.00439053
0.00438443
0.0043783
0.00437201
0.00436568
0.00435919
0.00435303
0.00434728
0.00434098
0.00433455
0.00432818
0.0043223
0.00431693
0.00431128
0.00430501
0.00429886
0.00429337
0.00428876
0.00428592
0.00428414
0.00427935
0.00427338
0.00427203
0.00427782
0.00428694
0.00429106
0.00428654
0.00428103
0.00427793
0.00427421
0.0042686
0.00426247
0.00425641
0.00425032
0.00424424
0.00423819
0.00423221
0.0042262
0.00422061
0.0042172
0.00421582
0.00421528
0.00421499
0.00421277
0.00420733
0.00420176
0.00419731
0.00419191
0.00418617
0.0041821
0.00417919
0.0041756
0.0041702
0.00416472
0.00416012
0.00415447
0.00414921
0.00414453
0.00413921
0.00413349
0.00412815
0.00412321
0.00411849
0.00411465
0.00411231
0.00411038
0.00410712
0.00410299
0.00409884
0.00409416
0.00408868
0.00408318
0.00407765
0.00407262
0.00406796
0.00406247
0.00405908
0.00405969
0.00406228
0.00406243
0.00405834
0.0040529
0.00404793
0.00404339
0.00403937
0.0040359
0.00403335
0.00403282
0.00403342
0.00403168
0.00402684
0.00402186
0.00401816
0.00401419
0.00400915
0.00400388
0.00399863
0.00399419
0.00399233
0.00398988
0.00398467
0.00398266
0.00398331
0.00398129
0.00397625
0.00397235
0.00397125
0.00397059
0.00396738
0.00396228
0.00395838
0.00395616
0.00395257
0.0039475
0.00394303
0.00393814
0.00393375
0.00393055
0.00392569
0.00392207
0.00392095
0.00391858
0.00391408
0.00390915
0.00390482
0.0039017
0.00389783
0.00389291
0.00388852
0.00388426
0.00387964
0.00387495
0.00387105
0.00386908
0.00386923
0.00386947
0.00386686
0.00386206
0.00385827
0.00385408
0.00384937
0.00384587
0.00384332
0.00384088
0.00383797
0.00383425
0.0038298
0.00382509
0.00382089
0.00381894
0.00382065
0.00382355
0.00382517
0.00382491
0.00382227
0.00381771
0.00381387
0.00381209
0.00381003
0.00380569
0.00380172
0.00379854
0.00379411
0.00379
0.00378688
0.00378322
0.00377877
0.00377424
0.0037699
0.00376733
0.00376793
0.00377143
0.00377755
0.00378372
0.0037853
0.00378149
0.00377798
0.00377975
0.00379198
0.00381538
0.00383216
0.00383231
0.00382789
0.00382496
0.00382085
0.0038168
0.00381535
0.00381571
0.00381427
0.00380987
0.00380737
0.00380862
0.00380926
0.00380528
0.00380452
0.00381533
0.00382569
0.0038259
0.00382159
0.00382538
0.00384202
0.00386239
0.00387393
0.00387345
0.00386904
0.00386688
0.00386531
0.00386328
0.00386064
0.00385714
0.0038531
0.00384882
0.00384447
0.0038407
0.00383737
0.00383335
0.00382937
0.00382923
0.00383254
0.00383389
0.00383083
0.00382681
0.00382662
0.00383045
0.00383387
0.0038335
0.00382994
0.00382583
0.00382373
0.00382256
0.00381959
0.00381548
0.00381124
0.00380705
0.0038033
0.00380096
0.0037998
0.00379683
0.00379265
0.00379036
0.00379112
0.00379266
0.00379154
0.00378758
0.00378433
0.00378369
0.00378294
0.00377993
0.00377579
0.00377195
0.00376811
0.00376401
0.00375995
0.00375596
0.00375219
0.00374938
0.00374784
0.0037456
0.00374207
0.00373804
0.00373406
0.0037302
0.00372659
0.00372324
0.00371983
0.00371621
0.00371239
0.00370841
0.00370464
0.00370145
0.00369928
0.00369903
0.00370167
0.00370596
0.00370867
0.00370795
0.00370419
0.00370228
0.0037076
0.00371718
0.00372207
0.00371989
0.003716
0.00371268
0.00370894
0.00370546
0.00370399
0.00370246
0.00369903
0.00369533
0.00369283
0.00369185
0.00369184
0.00369179
0.0036905
0.00368733
0.00368352
0.00367992
0.00367611
0.00367252
0.00366918
0.00366594
0.00366254
0.0036588
0.00365536
0.00365487
0.00365852
0.00366353
0.00366593
0.00366371
0.00366003
0.00365776
0.00365516
0.00365152
0.00364802
0.00364498
0.00364145
0.00363789
0.00363514
0.00363256
0.0036297
0.00362665
0.00362331
0.00361966
0.00361615
0.0036129
0.00360969
0.00360622
0.00360261
0.003599
0.00359547
0.00359198
0.00358863
0.00358657
0.00358861
0.00359209
0.0035909
0.00358734
0.00358423
0.00358182
0.00357954
0.00357694
0.00357366
0.00357016
0.00356717
0.00356438
0.00356113
0.00355763
0.00355499
0.00355326
0.00355095
0.00354781
0.00354452
0.0035411
0.0035377
0.00353523
0.00353378
0.00353184
0.00352917
0.00352631
0.00352365
0.00352139
0.00351902
0.00351615
0.00351307
0.00351001
0.00350665
0.00350406
0.00350365
0.00350373
0.00350356
0.00350326
0.00350291
0.0035029
0.00350258
0.00350023
0.00349689
0.00349573
0.00349839
0.00350116
0.00350242
0.00350264
0.00350207
0.00350057
0.00349828
0.00349543
0.00349256
0.00349077
0.00349128
0.00349218
0.00349071
0.00348741
0.00348632
0.00348994
0.00349515
0.00349845
0.0034992
0.00349862
0.00349728
0.00349497
0.00349188
0.00348861
0.00348576
0.00348479
0.00348676
0.00348905
0.00348896
0.00348641
0.00348318
0.00348028
0.00347707
0.00347436
0.00347279
0.00347097
0.00346818
0.00346504
0.00346414
0.00346719
0.00347116
0.00347131
0.00346818
0.00346695
0.00346987
0.00347399
0.00347448
0.00347151
0.00346881
0.0034668
0.00346422
0.00346106
0.00345802
0.00345509
0.00345211
0.00344907
0.00344594
0.00344287
0.00343998
0.00343709
0.003434
0.00343098
0.00342806
0.00342497
0.0034225
0.00342078
0.00341845
0.00341538
0.00341317
0.00341242
0.00341213
0.00341078
0.00340818
0.00340515
0.00340215
0.00339929
0.00339673
0.00339448
0.00339223
0.0033896
0.00338663
0.00338369
0.00338082
0.00337786
0.00337627
0.00337658
0.00337561
0.00337267
0.00337074
0.00336985
0.0033679
0.00336519
0.00336237
0.00335948
0.0033569
0.0033577
0.00336116
0.0033636
0.00336441
0.00336432
0.0033633
0.00336112
0.00335822
0.00335544
0.00335293
0.00335046
0.00334809
0.00334607
0.00334482
0.00334493
0.00334635
0.00334852
0.00334962
0.00334792
0.00334503
0.00334268
0.00334049
0.00333827
0.00333655
0.00333581
0.00333549
0.00333425
0.00333173
0.00332903
0.00332822
0.00332968
0.00333059
0.00332926
0.00332687
0.00332426
0.00332151
0.00331879
0.00331707
0.00331565
0.00331336
0.00331061
0.00330781
0.00330509
0.00330288
0.00330168
0.00330002
0.00329728
0.00329468
0.0032921
0.00328934
0.00328686
0.00328423
0.00328147
0.00327872
0.00327602
0.00327336
0.00327062
0.0032682
0.00326654
0.00326528
0.00326355
0.00326095
0.00325856
0.003257
0.00325473
0.00325204
0.00324978
0.00324758
0.00324527
0.0032429
0.00324044
0.00323803
0.00323613
0.00323502
0.00323394
0.00323196
0.0032293
0.00322807
0.00323071
0.00323607
0.00323996
0.00323989
0.00323736
0.00323534
0.00323498
0.00323475
0.00323315
0.0032307
0.00322815
0.00322577
0.00322368
0.00322152
0.00321891
0.00321684
0.00321514
0.00321275
0.00321017
0.00320779
0.00320524
0.00320274
0.00320036
0.0031978
0.0031953
0.0031931
0.00319085
0.0031883
0.00318598
0.00318409
0.00318182
0.00317935
0.00317851
0.0031797
0.00318045
0.00317932
0.00317704
0.00317453
0.00317251
0.00317086
0.00316901
0.00316689
0.00316458
0.0031622
0.00316003
0.00315829
0.00315646
0.00315419
0.00315169
0.00314944
0.00314761
0.0031457
0.00314329
0.00314093
0.00313903
0.00313699
0.00313453
0.00313241
0.00313101
0.00313047
0.00313074
0.00313044
0.00312842
0.00312603
0.00312392
0.00312176
0.00311951
0.00311711
0.00311472
0.00311252
0.00311052
0.00310858
0.00310621
0.0031042
0.00310317
0.00310247
0.00310152
0.0030999
0.00309775
0.00309537
0.00309378
0.0030928
0.00309101
0.00308863
0.0030866
0.00308463
0.00308231
0.00308018
0.00307919
0.00307917
0.00307849
0.00307676
0.00307451
0.0030722
0.00307051
0.00307024
0.00307066
0.00306971
0.00306779
0.00306581
0.00306422
0.00306264
0.00306051
0.0030582
0.00305601
0.0030538
0.00305151
0.00304921
0.00304696
0.00304469
0.00304248
0.00304079
0.00303935
0.00303735
0.00303511
0.00303335
0.00303173
0.00302988
0.0030278
0.00302556
0.00302333
0.00302142
0.00301959
0.00301736
0.00301649
0.00301658
0.00301566
0.00301349
0.00301191
0.0030112
0.00300949
0.00300725
0.00300551
0.00300484
0.00300455
0.00300361
0.00300212
0.00300056
0.00299898
0.00299696
0.00299482
0.00299339
0.00299171
0.00298951
0.00298761
0.00298577
0.00298402
0.00298259
0.00298116
0.00297916
0.00297702
0.00297567
0.00297583
0.00297692
0.00297714
0.00297651
0.00297566
0.00297442
0.00297227
0.00297109
0.002971
0.00297051
0.00296892
0.00296679
0.00296513
0.00296308
0.00296121
0.00295986
0.00295807
0.00295594
0.00295396
0.00295243
0.00295121
0.00294991
0.00294839
0.00294655
0.00294444
0.00294295
0.00294178
0.00293977
0.00293855
0.00293888
0.00293742
0.00293566
0.0029354
0.0029349
0.00293332
0.00293126
0.0029292
0.00292713
0.00292507
0.0029231
0.00292109
0.00291902
0.00291703
0.00291507
0.00291311
0.00291116
0.00290914
0.0029071
0.00290534
0.00290402
0.00290259
0.00290061
0.00289867
0.00289696
0.00289501
0.00289328
0.00289352
0.00289541
0.00289628
0.00289508
0.00289306
0.00289119
0.00288928
0.00288737
0.00288603
0.00288628
0.00288723
0.002887
0.00288527
0.00288341
0.00288228
0.00288088
0.0028789
0.00287722
0.00287668
0.00287705
0.00287659
0.00287491
0.00287293
0.00287102
0.00286931
0.00286762
0.00286585
0.00286436
0.00286282
0.00286086
0.00285904
0.0028572
0.00285524
0.00285333
0.0028514
0.00284986
0.00284871
0.00284775
0.0028467
0.00284513
0.00284319
0.002842
0.00284214
0.00284232
0.0028411
0.00283916
0.0028376
0.00283654
0.00283597
0.00283577
0.00283555
0.00283497
0.00283356
0.00283165
0.00283077
0.0028314
0.00283214
0.00283173
0.00283066
0.00283014
0.00283134
0.00283353
0.00283441
0.00283298
0.00283141
0.00283228
0.00283583
0.00284
0.00284266
0.00284362
0.00284354
0.00284264
0.00284082
0.00283981
0.00284214
0.00284569
0.0028464
0.00284464
0.00284314
0.00284205
0.00284051
0.00283863
0.00283686
0.00283509
0.00283322
0.00283136
0.00282954
0.00282768
0.0028259
0.00282472
0.00282464
0.00282563
0.00282624
0.00282509
0.00282324
0.00282187
0.0028209
0.00281969
0.00281801
0.00281616
0.00281433
0.0028125
0.00281066
0.00280882
0.00280704
0.00280588
0.00280572
0.00280543
0.00280427
0.00280256
0.00280074
0.00279892
0.0027971
0.00279529
0.00279349
0.00279177
0.00279013
0.00278846
0.00278668
0.0027849
0.00278391
0.00278544
0.00278909
0.00279162
0.00279137
0.00278968
0.00278795
0.00278657
0.002786
0.00278688
0.00278856
0.00278947
0.00278931
0.00278831
0.00278666
0.00278492
0.00278326
0.0027817
0.00278008
0.00277834
0.00277659
0.00277527
0.00277468
0.00277436
0.0027741
0.00277465
0.00277617
0.00277719
0.00277646
0.00277478
0.00277304
0.00277146
0.0027703
0.00276972
0.00276936
0.00276852
0.002767
0.00276529
0.00276423
0.00276351
0.00276208
0.00276043
0.00276013
0.00276142
0.00276234
0.00276129
0.00275966
0.00275993
0.00276212
0.00276388
0.00276365
0.00276207
0.00276046
0.00275961
0.00275966
0.00275945
0.00275786
0.00275648
0.0027556
0.00275456
0.00275339
0.00275212
0.00275059
0.00274888
0.00274747
0.00274635
0.00274487
0.00274317
0.00274148
0.00273979
0.00273837
0.00273774
0.00273726
0.00273593
0.00273424
0.00273267
0.002731
0.00272933
0.00272766
0.00272603
0.00272448
0.00272296
0.00272152
0.00272009
0.00271844
0.00271697
0.00271608
0.00271491
0.00271325
0.00271196
0.00271099
0.00271008
0.00270903
0.00270772
0.00270632
0.00270487
0.00270329
0.00270165
0.00270011
0.00269855
0.00269694
0.00269533
0.00269384
0.00269275
0.0026916
0.00269008
0.00268854
0.00268752
0.002688
0.00268975
0.00269037
0.00268897
0.00268766
0.0026869
0.00268549
0.00268394
0.00268257
0.00268096
0.00268018
0.00268165
0.00268355
0.0026832
0.00268161
0.00268148
0.00268273
0.00268456
0.00268637
0.00268677
0.00268545
0.00268397
0.00268324
0.00268279
0.0026818
0.00268027
0.00267871
0.00267751
0.0026763
0.00267476
0.00267462
0.0026756
0.00267631
0.00267665
0.0026766
0.0026757
0.00267412
0.00267299
0.00267218
0.00267088
0.00266931
0.00266774
0.00266627
0.00266542
0.0026647
0.00266348
0.00266191
0.00266065
0.00266
0.00265944
0.00265839
0.0026569
0.00265549
0.00265512
0.00265557
0.00265481
0.00265337
0.00265424
0.00265652
0.00265709
0.00265585
0.00265438
0.00265359
0.00265345
0.00265263
0.0026511
0.00265059
0.00265055
0.00264936
0.00264797
0.00264718
0.00264616
0.00264464
0.00264353
0.00264339
0.00264355
0.00264323
0.00264222
0.00264086
0.00263942
0.002638
0.00263662
0.00263513
0.00263367
0.00263229
0.00263084
0.00262941
0.00262817
0.00262754
0.00262808
0.00262884
0.00262867
0.00262755
0.00262607
0.00262457
0.00262307
0.00262159
0.00262012
0.00261865
0.0026176
0.00261704
0.00261697
0.00261714
0.00261676
0.00261538
0.00261432
0.00261466
0.00261455
0.0026131
0.00261215
0.00261224
0.00261269
0.00261255
0.00261138
0.00260991
0.00260846
0.00260749
0.00260753
0.00260771
0.00260748
0.00260657
0.00260516
0.00260379
0.00260282
0.00260195
0.00260097
0.00259961
0.00259829
0.00259761
0.0025968
0.0025955
0.00259406
0.00259261
0.00259119
0.00258984
0.00258852
0.00258713
0.00258569
0.0025845
0.0025837
0.00258292
0.00258167
0.00258025
0.00257883
0.00257759
0.00257685
0.00257601
0.00257473
0.0025733
0.00257192
0.0025705
0.00256909
0.0025677
0.00256633
0.00256495
0.00256353
0.00256236
0.00256172
0.00256108
0.00256005
0.00255881
0.00255751
0.00255615
0.00255474
0.00255341
0.00255221
0.00255094
0.00254953
0.00254831
0.00254728
0.00254605
0.00254466
0.00254356
0.0025431
0.00254303
0.00254276
0.00254191
0.00254062
0.00253923
0.00253784
0.00253648
0.0025351
0.00253379
0.00253291
0.00253258
0.00253219
0.00253112
0.00252975
0.00252847
0.00252721
0.00252584
0.00252486
0.00252445
0.00252365
0.00252229
0.00252136
0.00252116
0.00252086
0.0025201
0.00251903
0.00251777
0.00251642
0.00251507
0.00251376
0.00251252
0.0025113
0.00250997
0.00250863
0.00250735
0.00250601
0.00250497
0.00250446
0.00250363
0.00250232
0.00250117
0.00250063
0.00250018
0.00249914
0.00249781
0.00249687
0.00249592
0.00249463
0.00249335
0.00249212
0.0024908
0.00248952
0.00248844
0.00248755
0.00248663
0.00248567
0.00248482
0.00248438
0.0024845
0.0024847
0.00248423
0.00248302
0.00248175
0.00248069
0.00247989
0.00247946
0.0024793
0.00247887
0.00247768
0.00247651
0.00247598
0.00247549
0.00247462
0.00247348
0.00247221
0.00247092
0.00246962
0.00246832
0.00246704
0.00246602
0.00246536
0.00246454
0.00246336
0.00246207
0.00246078
0.0024595
0.00245822
0.00245718
0.00245674
0.00245656
0.00245628
0.00245601
0.00245564
0.00245463
0.00245354
0.00245437
0.00245643
0.00245713
0.00245628
0.00245501
0.00245374
0.0024525
0.00245145
0.00245047
0.00244937
0.00244816
0.00244693
0.00244575
0.00244473
0.00244383
0.00244282
0.00244162
0.00244036
0.00243927
0.00243849
0.00243775
0.00243661
0.00243537
0.00243414
0.00243292
0.00243186
0.00243072
0.0024295
0.00242858
0.00242762
0.0024264
0.0024253
0.00242475
0.00242457
0.00242394
0.00242274
0.00242157
0.00242051
0.00241947
0.00241853
0.00241768
0.00241668
0.00241547
0.0024143
0.00241317
0.00241197
0.00241181
0.00241352
0.00241446
0.00241326
0.00241315
0.00241327
0.00241207
0.00241188
0.00241263
0.00241234
0.00241116
0.00241026
0.00241012
0.0024099
0.00240902
0.0024079
0.00240677
0.00240564
0.00240449
0.0024033
0.00240209
0.00240093
0.00239991
0.00239897
0.00239799
0.00239686
0.00239566
0.00239448
0.00239329
0.00239219
0.00239102
0.00238984
0.00238885
0.0023885
0.00238909
0.00239006
0.00239044
0.00238993
0.00238882
0.00238776
0.00238737
0.0023872
0.00238648
0.00238539
0.00238432
0.00238354
0.00238284
0.00238207
0.00238149
0.00238123
0.00238061
0.00237944
0.00237864
0.00237856
0.00237849
0.00237792
0.00237687
0.00237569
0.00237457
0.00237403
0.00237469
0.00237556
0.00237508
0.00237393
0.0023737
0.00237402
0.00237383
0.00237307
0.00237225
0.00237154
0.0023706
0.00236945
0.00236875
0.00236849
0.00236836
0.00236829
0.00236796
0.00236725
0.00236626
0.00236511
0.00236426
0.00236396
0.00236391
0.00236368
0.00236312
0.00236214
0.00236108
0.00236147
0.00236384
0.00236622
0.00236666
0.00236559
0.00236507
0.00236645
0.00236758
0.00236709
0.00236594
0.00236553
0.00236599
0.00236595
0.00236491
0.00236386
0.00236294
0.00236189
0.00236076
0.00235964
0.00235879
0.00235902
0.00236065
0.00236249
0.00236291
0.00236199
0.00236098
0.00236078
0.00236132
0.00236177
0.00236149
0.00236061
0.00235953
0.00235846
0.00235753
0.00235694
0.0023569
0.00235738
0.00235783
0.00235743
0.00235632
0.00235592
0.00235715
0.00235801
0.00235781
0.00235718
0.00235656
0.00235615
0.00235543
0.00235435
0.00235449
0.00235559
0.00235553
0.00235441
0.00235431
0.00235501
0.00235463
0.00235352
0.00235303
0.00235307
0.00235304
0.00235287
0.00235274
0.00235277
0.00235259
0.00235186
0.00235083
0.00234976
0.00234866
0.00234763
0.00234687
0.00234639
0.00234618
0.00234563
0.00234455
0.00234353
0.00234253
0.00234144
0.00234035
0.00233925
0.00233817
0.00233712
0.00233603
0.00233512
0.002335
0.00233484
0.00233402
0.00233293
0.00233184
0.00233092
0.00233063
0.00233028
0.00232926
0.00232852
0.00232898
0.0023299
0.00233005
0.00232955
0.00232879
0.00232787
0.00232683
0.00232575
0.00232475
0.00232401
0.00232347
0.00232254
0.00232148
0.00232043
0.00231936
0.0023183
0.00231724
0.00231617
0.00231511
0.00231417
0.0023135
0.00231313
0.00231281
0.00231232
0.00231144
0.0023104
0.0023099
0.00230959
0.00230873
0.00230768
0.00230687
0.00230618
0.00230535
0.0023043
0.00230343
0.00230305
0.00230268
0.00230178
0.0023008
0.00230003
0.00229899
0.00229842
0.00229862
0.00229853
0.00229763
0.00229685
0.00229781
0.00230028
0.00230235
0.00230309
0.00230297
0.0023028
0.00230288
0.00230257
0.00230161
0.00230073
0.00230078
0.00230221
0.00230464
0.00230668
0.00230726
0.00230682
0.00230623
0.00230579
0.00230523
0.00230434
0.00230331
0.00230273
0.00230299
0.00230355
0.00230353
0.00230272
0.00230169
0.00230075
0.00229977
0.00229874
0.00229786
0.0022971
0.00229616
0.00229522
0.0022948
0.00229423
0.00229327
0.00229228
0.00229169
0.00229181
0.00229206
0.00229169
0.00229083
0.00228983
0.0022888
0.00228783
0.00228714
0.002287
0.00228716
0.00228714
0.00228689
0.00228641
0.00228571
0.00228479
0.00228377
0.00228281
0.00228198
0.00228142
0.0022812
0.00228155
0.00228235
0.00228275
0.00228216
0.00228119
0.00228018
0.00227926
0.0022786
0.00227807
0.00227734
0.00227643
0.00227543
0.00227447
0.00227369
0.00227299
0.00227235
0.00227146
0.0022705
0.00226984
0.00226914
0.00226814
0.00226766
0.00226807
0.00226793
0.00226694
0.00226658
0.00226699
0.00226699
0.00226618
0.0022652
0.00226428
0.00226334
0.00226235
0.00226139
0.00226057
0.00225973
0.00225877
0.00225864
0.00225933
0.00225924
0.00225828
0.00225751
0.00225701
0.00225643
0.0022555
0.00225468
0.00225451
0.00225477
0.00225495
0.00225456
0.0022536
0.00225278
0.00225199
0.00225102
0.00225007
0.0022491
0.00224813
0.00224716
0.0022462
0.00224529
0.00224449
0.00224362
0.00224266
0.00224173
0.00224095
0.00224019
0.00223925
0.00223833
0.00223759
0.0022371
0.00223671
0.00223607
0.00223512
0.00223439
0.00223423
0.00223445
0.00223477
0.00223451
0.00223358
0.00223291
0.00223287
0.00223323
0.00223363
0.00223367
0.00223318
0.0022324
0.00223153
0.00223075
0.0022303
0.00223016
0.00222956
0.00222861
0.00222787
0.00222724
0.00222677
0.00222673
0.00222716
0.00222757
0.00222725
0.00222638
0.00222543
0.0022245
0.00222358
0.00222266
0.00222191
0.0022212
0.0022205
0.0022198
0.002219
0.00221812
0.00221725
0.00221639
0.00221548
0.00221465
0.00221462
0.00221572
0.00221734
0.00221847
0.00221846
0.00221781
0.00221705
0.00221624
0.00221531
0.00221451
0.0022136
0.00221269
0.00221186
0.00221101
0.00221008
0.00220943
0.00220978
0.00221066
0.00221083
0.00221001
0.00220964
0.00221173
0.00221547
0.00221831
0.00221948
0.00221944
0.00221864
0.00221776
0.00221709
0.00221635
0.00221546
0.00221454
0.00221363
0.00221294
0.00221296
0.00221348
0.00221334
0.00221245
0.00221163
0.00221085
0.00220994
0.00220904
0.00220812
0.00220726
0.00220649
0.00220563
0.00220477
0.00220454
0.00220508
0.00220555
0.00220535
0.00220455
0.00220365
0.00220293
0.00220235
0.00220181
0.00220113
0.0022003
0.00219941
0.00219855
0.002198
0.00219816
0.00219865
0.00219832
0.00219741
0.00219663
0.00219573
0.00219505
0.00219469
0.00219424
0.00219351
0.00219263
0.00219173
0.00219087
0.00219019
0.00218973
0.00218916
0.00218835
0.00218748
0.00218662
0.00218573
0.00218486
0.00218409
0.00218323
0.00218239
0.00218183
0.00218117
0.00218036
0.00217967
0.00217941
0.00217925
0.0021785
0.00217768
0.0021771
0.00217646
0.00217564
0.00217476
0.00217388
0.00217309
0.00217264
0.00217226
0.00217155
0.00217067
0.00216979
0.00216892
0.00216809
0.00216725
0.00216638
0.00216551
0.00216464
0.00216384
0.00216301
0.00216217
0.00216147
0.00216065
0.0021599
0.00215997
0.00216048
0.00216056
0.00216009
0.00215936
0.00215853
0.00215767
0.00215696
0.00215685
0.00215726
0.00215731
0.00215663
0.0021558
0.00215523
0.00215483
0.00215443
0.00215392
0.00215333
0.00215255
0.00215171
0.00215124
0.00215123
0.00215136
0.00215121
0.00215053
0.0021497
0.00214922
0.00214887
0.00214821
0.00214737
0.00214652
0.00214567
0.00214484
0.00214402
0.00214318
0.00214233
0.00214148
0.00214066
0.00213991
0.00213926
0.00213884
0.0021388
0.00213864
0.00213789
0.00213719
0.0021371
0.0021372
0.00213688
0.00213614
0.0021353
0.00213455
0.00213388
0.00213328
0.00213274
0.00213222
0.00213166
0.00213101
0.00213022
0.00212939
0.0021287
0.00212807
0.0021273
0.00212647
0.00212573
0.00212511
0.00212453
0.0021238
0.00212297
0.00212217
0.00212134
0.00212055
0.00211977
0.00211894
0.00211825
0.00211766
0.00211699
0.00211622
0.00211544
0.00211465
0.00211384
0.0021133
0.00211292
0.00211245
0.00211196
0.00211147
0.00211089
0.00211022
0.00210944
0.00210863
0.00210796
0.00210735
0.00210674
0.00210612
0.00210542
0.00210463
0.00210381
0.00210301
0.00210232
0.0021019
0.00210145
0.00210066
0.00210008
0.0020999
0.00209949
0.00209872
0.00209791
0.00209712
0.00209637
0.00209556
0.00209504
0.00209539
0.00209666
0.00209805
0.00209821
0.0020974
0.00209748
0.00209882
0.00210016
0.00210094
0.00210126
0.00210129
0.00210108
0.0021006
0.00209994
0.00209921
0.00209842
0.00209766
0.00209734
0.00209785
0.00209897
0.00210032
0.002102
0.00210451
0.00210769
0.0021107
0.00211266
0.00211331
0.00211293
0.00211213
0.00211176
0.00211201
0.00211246
0.00211258
0.00211215
0.00211141
0.00211061
0.00210985
0.00210935
0.00210926
0.00210914
0.00210851
0.00210776
0.00210748
0.00210728
0.00210693
0.00210651
0.00210619
0.00210603
0.00210558
0.00210479
0.00210454
0.0021053
0.00210673
0.00210825
0.00210915
0.00210913
0.0021085
0.0021077
0.00210693
0.00210618
0.00210551
0.00210497
0.00210443
0.00210371
0.00210292
0.00210217
0.00210144
0.00210066
0.00210002
0.00209965
0.00209905
0.00209827
0.00209749
0.00209671
0.00209597
0.00209548
0.002095
0.00209426
0.00209348
0.0020927
0.00209191
0.00209118
0.00209082
0.00209078
0.00209054
0.00208991
0.00208913
0.00208838
0.00208766
0.00208693
0.00208619
0.00208542
0.00208467
0.00208424
0.00208436
0.00208466
0.00208445
0.00208369
0.00208337
0.0020837
0.00208382
0.0020835
0.00208289
0.00208225
0.00208173
0.00208127
0.00208055
0.00207982
0.00207916
0.0020784
0.00207765
0.00207689
0.00207616
0.00207574
0.00207571
0.00207557
0.00207507
0.00207437
0.00207361
0.00207285
0.00207212
0.0020714
0.00207063
0.00206993
0.00206944
0.00206916
0.0020687
0.00206794
0.00206727
0.00206658
0.00206583
0.00206507
0.00206432
0.00206359
0.00206295
0.00206232
0.00206159
0.00206087
0.00206046
0.00206038
0.00206019
0.00205961
0.00205886
0.00205822
0.00205801
0.00205804
0.00205768
0.00205693
0.00205639
0.00205586
0.00205512
0.00205451
0.00205423
0.00205422
0.00205428
0.00205394
0.0020532
0.00205345
0.00205446
0.00205441
0.00205366
0.00205329
0.00205326
0.00205327
0.00205306
0.00205255
0.00205184
0.0020511
0.00205042
0.00204973
0.00204898
0.0020483
0.00204764
0.0020469
0.00204638
0.00204647
0.00204686
0.00204696
0.00204668
0.00204626
0.00204575
0.0020451
0.00204436
0.00204368
0.00204332
0.00204359
0.00204393
0.0020437
0.00204304
0.00204231
0.00204168
0.00204104
0.00204031
0.00203971
0.00203972
0.00204046
0.00204147
0.00204196
0.00204146
0.00204084
0.00204098
0.00204164
0.00204202
0.00204187
0.00204145
0.00204091
0.00204025
0.00203956
0.00203884
0.00203814
0.0020377
0.00203757
0.00203736
0.00203685
0.00203613
0.00203545
0.0020348
0.00203408
0.00203339
0.00203271
0.00203201
0.00203128
0.00203056
0.00202987
0.00202926
0.00202861
0.00202789
0.00202721
0.00202663
0.00202615
0.00202573
0.00202513
0.00202442
0.00202385
0.0020235
0.00202336
0.00202323
0.00202274
0.00202202
0.00202148
0.00202091
0.0020202
0.00201955
0.0020189
0.0020182
0.00201751
0.00201696
0.00201673
0.00201703
0.00201777
0.00201823
0.0020179
0.00201719
0.00201681
0.00201675
0.00201663
0.00201654
0.0020168
0.00201707
0.00201663
0.00201594
0.00201562
0.0020155
0.0020154
0.00201532
0.00201511
0.0020146
0.0020139
0.00201327
0.00201272
0.00201208
0.00201138
0.00201068
0.00200998
0.00200936
0.002009
0.00200872
0.00200823
0.00200757
0.00200687
0.00200619
0.0020055
0.00200484
0.00200416
0.00200348
0.00200308
0.00200357
0.00200485
0.00200567
0.00200533
0.00200467
0.00200457
0.00200478
0.00200465
0.00200411
0.00200341
0.00200281
0.00200246
0.00200221
0.00200168
0.00200101
0.00200092
0.00200161
0.00200236
0.00200251
0.00200212
0.00200151
0.00200084
0.00200015
0.00199954
0.00199916
0.00199915
0.00199935
0.00199928
0.00199878
0.0019981
0.00199742
0.00199675
0.00199615
0.00199588
0.00199615
0.00199652
0.00199636
0.00199575
0.00199507
0.00199454
0.00199441
0.00199485
0.00199547
0.00199566
0.00199525
0.00199457
0.00199403
0.00199378
0.00199352
0.001993
0.00199233
0.00199167
0.00199114
0.00199088
0.00199063
0.00199014
0.00198951
0.00198883
0.00198816
0.00198751
0.00198688
0.00198623
0.00198556
0.00198492
0.00198432
0.00198369
0.00198302
0.00198237
0.00198178
0.0019812
0.00198056
0.00197991
0.00197942
0.00197915
0.00197892
0.0019786
0.00197803
0.00197738
0.00197703
0.00197694
0.0019769
0.00197673
0.00197641
0.00197592
0.00197528
0.00197462
0.00197404
0.00197342
0.00197277
0.00197228
0.00197196
0.0019716
0.00197104
0.00197038
0.00196972
0.00196906
0.0019684
0.00196774
0.00196708
0.00196644
0.00196581
0.00196515
0.0019645
0.00196386
0.00196324
0.00196271
0.00196233
0.0019618
0.00196115
0.00196069
0.0019603
0.00195979
0.00195917
0.00195853
0.00195792
0.00195746
0.00195703
0.00195641
0.0019558
0.00195533
0.00195489
0.00195445
0.00195413
0.00195369
0.00195304
0.00195267
0.00195228
0.00195164
0.00195115
0.00195106
0.00195116
0.00195075
0.00195012
0.00194968
0.00194918
0.00194855
0.00194794
0.0019474
0.00194691
0.00194645
0.00194596
0.00194534
0.00194476
0.0019445
0.00194443
0.00194416
0.00194362
0.00194299
0.00194234
0.0019417
0.00194106
0.00194043
0.00193985
0.00193926
0.00193863
0.00193815
0.0019377
0.00193709
0.00193651
0.00193622
0.00193616
0.00193593
0.00193543
0.00193486
0.00193428
0.00193365
0.00193312
0.00193294
0.00193294
0.00193276
0.00193238
0.00193196
0.00193155
0.00193106
0.00193044
0.00192981
0.0019292
0.00192857
0.00192795
0.00192734
0.00192673
0.0019262
0.00192599
0.00192615
0.00192617
0.0019259
0.00192547
0.00192505
0.00192475
0.00192466
0.0019247
0.00192454
0.00192401
0.00192338
0.0019228
0.00192231
0.00192199
0.0019219
0.00192213
0.00192277
0.00192363
0.00192408
0.00192381
0.0019232
0.00192259
0.00192197
0.00192136
0.00192077
0.00192016
0.00191954
0.00191896
0.00191867
0.00191888
0.00191943
0.00191991
0.00192012
0.00192019
0.00192023
0.00192004
0.00191945
0.001919
0.00191924
0.00192022
0.00192097
0.00192088
0.00192029
0.0019198
0.00191965
0.00191945
0.0019189
0.00191832
0.00191791
0.00191756
0.00191726
0.00191695
0.00191652
0.00191594
0.00191534
0.00191476
0.00191418
0.00191358
0.00191297
0.00191237
0.00191182
0.00191133
0.00191079
0.00191018
0.00190961
0.00190903
0.00190849
0.00190819
0.00190799
0.00190758
0.00190698
0.00190639
0.00190582
0.00190522
0.00190461
0.00190401
0.00190344
0.00190313
0.00190321
0.00190343
0.00190352
0.00190315
0.00190255
0.00190201
0.00190174
0.00190168
0.00190166
0.00190161
0.00190144
0.00190102
0.00190043
0.00189986
0.00189928
0.00189868
0.00189808
0.00189755
0.0018971
0.00189659
0.00189603
0.00189545
0.00189487
0.00189428
0.00189368
0.0018931
0.00189264
0.00189234
0.00189195
0.00189137
0.00189082
0.00189039
0.00188993
0.00188938
0.00188883
0.00188832
0.0018879
0.00188754
0.00188712
0.00188654
0.00188599
0.00188551
0.00188499
0.0018844
0.00188384
0.00188343
0.00188335
0.00188357
0.00188377
0.00188361
0.00188305
0.0018826
0.00188263
0.00188279
0.00188253
0.00188196
0.00188141
0.001881
0.00188057
0.00187999
0.00187949
0.00187934
0.00187936
0.00187916
0.00187867
0.00187809
0.00187751
0.00187692
0.00187634
0.00187575
0.00187517
0.00187463
0.00187421
0.00187391
0.00187368
0.00187351
0.00187327
0.00187274
0.00187222
0.00187194
0.00187174
0.00187144
0.001871
0.00187049
0.00187
0.0018696
0.00186935
0.00186912
0.00186867
0.0018681
0.00186752
0.001867
0.00186671
0.0018665
0.00186604
0.00186548
0.00186512
0.00186479
0.00186432
0.00186379
0.00186333
0.00186302
0.00186278
0.00186249
0.00186211
0.00186171
0.00186129
0.00186079
0.00186023
0.00185966
0.00185911
0.00185858
0.00185811
0.00185775
0.00185749
0.0018572
0.00185675
0.0018562
0.00185563
0.00185506
0.00185454
0.00185408
0.00185359
0.00185303
0.00185251
0.0018522
0.00185214
0.00185201
0.00185156
0.001851
0.00185048
0.00185015
0.00184978
0.00184924
0.00184868
0.00184813
0.00184761
0.00184714
0.00184665
0.00184611
0.00184555
0.001845
0.00184469
0.00184504
0.00184538
0.00184505
0.00184448
0.00184402
0.00184355
0.00184301
0.00184245
0.00184189
0.00184133
0.00184082
0.00184043
0.00184024
0.00183999
0.00183947
0.00183902
0.00183889
0.00183875
0.0018385
0.00183834
0.00183836
0.00183826
0.00183798
0.00183752
0.00183697
0.00183656
0.00183637
0.00183617
0.00183588
0.00183553
0.00183509
0.00183457
0.00183402
0.00183356
0.00183312
0.00183257
0.00183236
0.00183285
0.00183377
0.001834
0.00183349
0.00183303
0.00183263
0.00183216
0.00183163
0.00183108
0.00183053
0.00183004
0.00182964
0.00182938
0.00182918
0.00182887
0.00182837
0.00182788
0.00182786
0.00182802
0.0018278
0.00182732
0.00182678
0.00182626
0.00182577
0.00182529
0.00182476
0.00182424
0.00182378
0.00182344
0.00182297
0.00182247
0.00182252
0.00182301
0.00182315
0.00182274
0.00182222
0.001822
0.00182196
0.00182174
0.00182126
0.00182072
0.00182021
0.00181969
0.00181916
0.00181862
0.00181812
0.00181781
0.00181755
0.00181715
0.00181664
0.00181614
0.00181595
0.0018161
0.00181609
0.00181565
0.00181511
0.00181457
0.00181404
0.00181353
0.00181317
0.0018129
0.00181254
0.00181208
0.00181157
0.00181103
0.0018105
0.00180997
0.00180943
0.00180892
0.00180855
0.00180821
0.00180772
0.00180721
0.00180686
0.00180662
0.00180637
0.0018061
0.00180597
0.00180602
0.00180585
0.00180535
0.00180485
0.00180445
0.00180413
0.00180387
0.00180374
0.00180373
0.00180366
0.00180334
0.00180283
0.00180231
0.0018018
0.00180128
0.00180079
0.00180043
0.00180021
0.0017999
0.00179937
0.001799
0.00179869
0.00179818
0.00179778
0.0017975
0.00179715
0.00179676
0.00179637
0.00179596
0.00179549
0.00179497
0.00179467
0.00179454
0.00179417
0.00179366
0.00179345
0.0017932
0.00179268
0.00179294
0.00179416
0.00179469
0.00179425
0.00179393
0.00179427
0.00179492
0.00179526
0.00179509
0.0017946
0.00179414
0.00179391
0.00179379
0.00179341
0.00179289
0.00179247
0.00179209
0.00179161
0.00179109
0.00179057
0.00179025
0.00179027
0.00179012
0.00178961
0.00178941
0.0017899
0.00179033
0.00179024
0.00178988
0.00178942
0.00178891
0.00178856
0.00178871
0.00178924
0.00178976
0.00178991
0.00178955
0.00178906
0.00178911
0.00179008
0.00179132
0.00179167
0.00179128
0.00179078
0.00179057
0.00179057
0.00179038
0.00178996
0.00178949
0.001789
0.00178849
0.00178813
0.00178809
0.00178838
0.00178884
0.00178905
0.00178874
0.00178823
0.00178793
0.00178784
0.00178779
0.00178766
0.00178744
0.00178713
0.00178678
0.00178647
0.00178615
0.00178574
0.00178524
0.00178475
0.00178439
0.00178429
0.00178414
0.00178369
0.00178321
0.00178278
0.00178229
0.00178179
0.00178134
0.00178095
0.00178067
0.00178048
0.00178021
0.0017798
0.00177934
0.00177887
0.00177839
0.00177788
0.00177745
0.00177708
0.0017767
0.00177628
0.0017758
0.00177531
0.00177491
0.00177452
0.00177412
0.00177369
0.00177323
0.00177273
0.00177228
0.00177191
0.00177147
0.00177098
0.00177049
0.00177006
0.00176967
0.00176922
0.00176874
0.00176838
0.00176794
0.00176745
0.00176697
0.00176647
0.00176599
0.00176552
0.00176502
0.00176454
0.00176408
0.00176361
0.00176311
0.00176265
0.00176223
0.00176176
0.0017613
0.00176106
0.0017611
0.00176128
0.0017615
0.00176174
0.00176176
0.00176137
0.00176088
0.00176039
0.00176004
0.00175976
0.00175932
0.00175885
0.00175867
0.00175898
0.00175973
0.00176062
0.00176102
0.00176068
0.00176028
0.00176049
0.00176099
0.00176109
0.00176074
0.00176025
0.0017598
0.00175936
0.00175887
0.00175841
0.00175796
0.00175749
0.00175702
0.00175659
0.0017562
0.00175582
0.00175544
0.00175504
0.0017546
0.00175417
0.00175384
0.00175362
0.0017533
0.00175285
0.00175237
0.00175198
0.00175194
0.00175234
0.00175284
0.00175292
0.00175251
0.00175204
0.00175159
0.0017511
0.00175062
0.00175021
0.00174992
0.00174973
0.00174945
0.00174899
0.00174851
0.00174804
0.00174756
0.00174708
0.0017466
0.00174612
0.00174565
0.00174516
0.00174469
0.00174434
0.00174429
0.00174426
0.00174386
0.00174346
0.00174338
0.00174325
0.00174283
0.00174238
0.001742
0.00174152
0.00174121
0.00174084
0.00174043
0.00174064
0.00174126
0.00174174
0.00174177
0.00174145
0.00174099
0.00174051
0.00174005
0.00173957
0.0017391
0.00173862
0.00173816
0.00173771
0.00173723
0.00173683
0.00173651
0.00173606
0.00173564
0.00173531
0.00173495
0.00173453
0.00173406
0.00173363
0.00173325
0.0017328
0.00173236
0.00173206
0.0017319
0.00173189
0.00173207
0.00173223
0.00173203
0.00173156
0.00173141
0.00173195
0.00173278
0.00173325
0.00173311
0.00173263
0.00173247
0.00173288
0.0017334
0.00173347
0.00173307
0.00173266
0.00173238
0.00173193
0.00173169
0.00173193
0.00173189
0.00173144
0.00173108
0.00173089
0.00173082
0.0017309
0.00173105
0.00173106
0.0017308
0.00173038
0.00172991
0.00172949
0.00172935
0.00172938
0.00172929
0.00172905
0.00172867
0.00172821
0.00172783
0.0017277
0.00172768
0.00172742
0.00172695
0.00172655
0.00172608
0.00172577
0.00172563
0.00172544
0.00172506
0.00172463
0.00172484
0.00172569
0.00172583
0.00172538
0.00172498
0.00172455
0.00172408
0.00172362
0.00172323
0.00172293
0.0017226
0.00172222
0.00172183
0.0017215
0.00172118
0.00172077
0.00172031
0.00171986
0.00171943
0.00171903
0.00171871
0.00171854
0.00171859
0.00171865
0.00171834
0.00171792
0.00171797
0.00171837
0.00171859
0.00171848
0.0017181
0.00171765
0.00171721
0.00171686
0.00171666
0.00171647
0.00171627
0.00171605
0.00171575
0.00171529
0.00171512
0.00171559
0.001716
0.00171584
0.00171544
0.001715
0.00171457
0.0017142
0.00171397
0.00171389
0.00171378
0.00171342
0.001713
0.00171303
0.00171353
0.00171415
0.00171461
0.00171473
0.00171443
0.00171398
0.00171359
0.00171326
0.00171287
0.00171242
0.00171199
0.0017116
0.00171125
0.00171092
0.00171052
0.00171008
0.00170964
0.00170925
0.0017089
0.00170861
0.00170839
0.00170813
0.00170782
0.00170747
0.00170724
0.00170705
0.00170666
0.00170624
0.00170597
0.00170566
0.00170522
0.00170483
0.00170462
0.00170444
0.00170407
0.00170365
0.00170367
0.00170425
0.00170473
0.00170452
0.00170408
0.00170371
0.00170329
0.0017029
0.00170275
0.00170258
0.00170218
0.00170174
0.00170129
0.00170086
0.00170048
0.00170006
0.00169962
0.00169936
0.00169957
0.00170026
0.00170081
0.00170075
0.00170031
0.00170002
0.00170034
0.00170136
0.00170218
0.00170205
0.00170161
0.00170117
0.00170077
0.00170048
0.00170023
0.00169992
0.00169948
0.00169914
0.00169916
0.00169928
0.00169919
0.00169897
0.00169872
0.00169846
0.0016981
0.00169766
0.0016973
0.001697
0.00169669
0.00169632
0.00169588
0.00169551
0.00169522
0.0016949
0.0016945
0.00169407
0.00169364
0.00169326
0.00169289
0.0016925
0.0016921
0.00169168
0.00169124
0.00169084
0.00169051
0.00169015
0.00168973
0.0016893
0.0016889
0.00168853
0.0016881
0.00168776
0.00168765
0.0016875
0.00168716
0.00168673
0.0016863
0.00168592
0.00168553
0.00168511
0.00168468
0.00168433
0.00168409
0.00168389
0.0016836
0.00168317
0.00168286
0.00168314
0.00168386
0.00168394
0.00168351
0.00168357
0.00168399
0.00168413
0.00168384
0.00168344
0.00168335
0.00168335
0.00168312
0.00168272
0.0016823
0.00168188
0.00168145
0.00168113
0.00168098
0.00168074
0.00168032
0.00167995
0.00167962
0.0016792
0.00167878
0.00167839
0.00167797
0.00167754
0.00167711
0.00167669
0.00167627
0.00167588
0.00167545
0.00167509
0.00167502
0.00167513
0.00167495
0.00167454
0.00167412
0.00167369
0.0016733
0.00167298
0.00167272
0.00167262
0.0016727
0.00167285
0.0016729
0.00167279
0.00167256
0.00167219
0.00167178
0.00167158
0.0016715
0.00167129
0.0016709
0.00167048
0.00167009
0.0016697
0.0016693
0.00166888
0.00166846
0.00166804
0.00166763
0.00166726
0.00166704
0.00166686
0.00166647
0.00166613
0.00166603
0.00166594
0.00166568
0.00166528
0.00166488
0.00166462
0.0016646
0.00166479
0.00166478
0.00166444
0.00166402
0.00166364
0.00166333
0.00166303
0.00166277
0.00166275
0.0016632
0.00166376
0.00166381
0.00166348
0.00166306
0.00166265
0.00166226
0.00166197
0.00166186
0.00166182
0.00166163
0.00166126
0.00166084
0.00166044
0.00166006
0.00165974
0.00165949
0.00165923
0.00165887
0.00165846
0.00165804
0.00165763
0.00165722
0.00165684
0.00165648
0.00165608
0.00165567
0.00165527
0.00165486
0.00165451
0.00165439
0.00165453
0.00165491
0.00165543
0.00165599
0.00165652
0.00165692
0.00165718
0.00165723
0.00165696
0.00165655
0.00165638
0.00165658
0.00165684
0.00165681
0.00165654
0.00165621
0.00165583
0.00165542
0.0016551
0.00165477
0.00165436
0.00165406
0.00165396
0.00165382
0.00165348
0.00165307
0.00165273
0.00165242
0.00165209
0.00165169
0.00165131
0.00165101
0.00165067
0.00165026
0.0016499
0.00164965
0.00164948
0.00164922
0.00164885
0.00164845
0.00164809
0.00164792
0.00164801
0.00164828
0.00164874
0.00164933
0.00164994
0.00165036
0.00165048
0.00165031
0.00164997
0.00164958
0.00164918
0.00164886
0.00164864
0.00164849
0.00164833
0.00164814
0.00164789
0.00164757
0.00164722
0.00164693
0.00164685
0.00164696
0.00164706
0.00164709
0.00164711
0.00164703
0.00164674
0.00164633
0.00164604
0.00164584
0.00164563
0.00164535
0.00164495
0.00164462
0.00164423
0.00164401
0.00164468
0.0016454
0.00164515
0.00164489
0.00164512
0.00164535
0.00164515
0.00164475
0.00164439
0.001644
0.00164361
0.00164322
0.00164282
0.00164245
0.00164216
0.00164184
0.00164145
0.00164112
0.00164115
0.00164145
0.00164161
0.00164142
0.00164104
0.00164065
0.00164027
0.00164001
0.00163988
0.00163976
0.0016395
0.0016391
0.00163904
0.00163956
0.0016402
0.00164061
0.00164073
0.00164056
0.00164022
0.00163983
0.00163944
0.00163904
0.00163866
0.0016384
0.00163837
0.0016384
0.00163835
0.00163822
0.00163795
0.00163756
0.00163724
0.00163696
0.00163663
0.00163624
0.00163591
0.00163571
0.00163543
0.00163503
0.00163472
0.00163446
0.00163406
0.00163417
0.0016354
0.00163657
0.00163657
0.00163622
0.00163644
0.00163691
0.00163709
0.001637
0.00163675
0.0016365
0.00163631
0.0016361
0.00163581
0.00163545
0.00163507
0.0016347
0.00163431
0.00163392
0.00163355
0.00163331
0.00163333
0.00163356
0.0016337
0.00163364
0.00163349
0.0016333
0.00163299
0.0016326
0.00163226
0.00163192
0.00163154
0.00163115
0.00163077
0.0016304
0.0016301
0.00162993
0.0016296
0.00162925
0.00162909
0.00162888
0.00162849
0.00162821
0.00162803
0.00162777
0.00162746
0.00162711
0.00162673
0.00162646
0.00162638
0.00162628
0.00162603
0.0016257
0.00162533
0.00162494
0.00162461
0.00162435
0.00162409
0.00162385
0.00162355
0.00162317
0.00162288
0.00162285
0.00162301
0.00162314
0.001623
0.00162262
0.00162239
0.00162242
0.00162229
0.00162194
0.00162156
0.00162125
0.00162103
0.00162079
0.00162046
0.00162016
0.00162003
0.00161994
0.00161966
0.00161928
0.00161893
0.00161862
0.00161831
0.00161797
0.00161761
0.00161726
0.00161699
0.00161674
0.00161637
0.00161608
0.001616
0.00161603
0.00161601
0.0016159
0.00161568
0.00161531
0.00161503
0.00161492
0.00161471
0.00161437
0.00161399
0.00161364
0.00161336
0.00161315
0.00161291
0.00161255
0.00161222
0.00161199
0.00161166
0.0016113
0.0016111
0.00161086
0.00161048
0.00161022
0.00161003
0.00160974
0.00160939
0.00160901
0.00160864
0.00160827
0.0016079
0.00160756
0.00160728
0.00160702
0.00160668
0.00160632
0.00160605
0.00160577
0.00160545
0.00160515
0.001605
0.00160512
0.00160529
0.00160513
0.00160476
0.00160456
0.00160433
0.00160395
0.00160368
0.00160337
0.001603
0.00160266
0.0016024
0.00160225
0.00160208
0.0016018
0.00160147
0.00160113
0.00160079
0.00160042
0.00160007
0.00159979
0.00159947
0.00159912
0.00159879
0.00159854
0.00159834
0.00159804
0.00159767
0.00159749
0.00159759
0.00159754
0.00159718
0.00159691
0.00159679
0.00159683
0.0015971
0.00159752
0.00159787
0.00159803
0.00159795
0.00159763
0.00159729
0.00159727
0.0015975
0.00159759
0.00159746
0.0015973
0.00159732
0.00159754
0.0015977
0.00159768
0.00159757
0.00159736
0.00159707
0.0015968
0.00159666
0.00159644
0.00159607
0.00159571
0.00159536
0.00159515
0.00159493
0.00159457
0.00159426
0.00159405
0.00159382
0.00159351
0.00159314
0.00159278
0.00159243
0.00159206
0.0015917
0.00159137
0.00159109
0.00159081
0.0015905
0.00159019
0.00158987
0.00158956
0.00158924
0.0015889
0.00158855
0.0015884
0.0015886
0.00158901
0.00158934
0.00158934
0.00158903
0.00158866
0.00158833
0.00158802
0.0015877
0.00158735
0.00158699
0.00158665
0.00158632
0.00158596
0.00158561
0.00158533
0.00158509
0.00158481
0.0015845
0.00158417
0.00158382
0.00158349
0.00158328
0.00158328
0.00158325
0.00158294
0.00158269
0.00158297
0.00158315
0.00158282
0.00158264
0.00158263
0.00158233
0.00158207
0.00158217
0.00158233
0.00158218
0.00158183
0.00158176
0.00158177
0.00158167
0.00158141
0.00158105
0.0015808
0.0015807
0.00158052
0.00158021
0.00157985
0.0015795
0.00157916
0.00157881
0.00157846
0.0015782
0.00157813
0.00157816
0.00157809
0.00157787
0.00157756
0.0015772
0.00157693
0.00157679
0.00157664
0.00157639
0.00157604
0.0015757
0.00157542
0.00157517
0.0015749
0.00157459
0.00157425
0.00157393
0.0015736
0.00157326
0.00157291
0.00157264
0.00157248
0.00157251
0.00157252
0.00157232
0.00157202
0.00157171
0.00157144
0.00157115
0.00157079
0.00157048
0.00157024
0.00157006
0.0015699
0.00156978
0.00156981
0.00156992
0.00156981
0.0015695
0.00156915
0.00156886
0.00156872
0.00156862
0.00156832
0.00156797
0.00156762
0.00156743
0.00156777
0.00156841
0.00156861
0.00156838
0.00156803
0.0015677
0.00156747
0.00156749
0.00156756
0.00156745
0.00156718
0.00156685
0.0015665
0.00156615
0.00156581
0.00156547
0.00156517
0.00156488
0.00156457
0.00156428
0.00156399
0.00156372
0.00156344
0.00156316
0.00156285
0.00156251
0.00156218
0.00156186
0.00156151
0.00156117
0.00156083
0.00156048
0.00156014
0.00155979
0.00155945
0.00155915
0.00155895
0.00155873
0.00155843
0.00155809
0.00155775
0.00155746
0.00155732
0.00155735
0.00155725
0.00155699
0.00155665
0.00155631
0.00155604
0.00155597
0.00155606
0.00155607
0.0015559
0.00155562
0.00155531
0.001555
0.00155466
0.00155432
0.00155398
0.00155368
0.00155348
0.0015533
0.00155303
0.00155269
0.00155239
0.00155217
0.00155201
0.00155185
0.00155171
0.00155162
0.0015515
0.00155128
0.00155097
0.00155062
0.00155032
0.00155011
0.00155
0.00154995
0.00154976
0.00154942
0.00154959
0.00155045
0.00155097
0.0015508
0.00155049
0.00155058
0.00155104
0.00155124
0.00155108
0.00155078
0.00155046
0.00155016
0.00154986
0.00154953
0.00154919
0.00154886
0.00154857
0.0015483
0.001548
0.00154767
0.00154739
0.00154709
0.00154676
0.00154653
0.00154633
0.0015461
0.00154585
0.00154556
0.00154523
0.00154491
0.00154467
0.00154445
0.00154412
0.00154389
0.00154395
0.00154393
0.00154364
0.00154338
0.00154344
0.00154359
0.00154345
0.00154311
0.00154286
0.00154258
0.00154225
0.00154213
0.0015424
0.00154284
0.00154302
0.00154284
0.00154251
0.00154219
0.00154187
0.00154155
0.00154124
0.00154091
0.00154065
0.00154077
0.00154114
0.00154117
0.00154083
0.00154098
0.00154168
0.001542
0.00154176
0.00154146
0.00154119
0.00154086
0.00154085
0.0015412
0.00154129
0.00154098
0.00154083
0.00154115
0.00154135
0.00154113
0.0015408
0.00154055
0.00154031
0.00154001
0.00153973
0.00153969
0.00153985
0.00153969
0.00153936
0.00153904
0.00153871
0.00153845
0.00153826
0.00153794
0.00153775
0.00153821
0.00153922
0.00153998
0.00154012
0.00153992
0.0015396
0.00153927
0.00153894
0.00153861
0.00153828
0.00153795
0.00153764
0.00153731
0.00153723
0.00153839
0.0015405
0.00154144
0.00154113
0.00154121
0.00154159
0.00154148
0.00154118
0.00154134
0.00154172
0.00154161
0.00154129
0.00154131
0.0015417
0.0015421
0.00154211
0.00154184
0.00154152
0.00154125
0.00154115
0.00154118
0.00154107
0.00154076
0.00154046
0.00154022
0.00154
0.00153982
0.00153973
0.00153971
0.00153957
0.00153928
0.00153895
0.00153862
0.0015383
0.00153797
0.00153767
0.00153742
0.00153711
0.00153681
0.00153658
0.00153633
0.00153603
0.00153572
0.0015354
0.00153508
0.00153475
0.00153448
0.00153448
0.00153466
0.00153455
0.00153422
0.00153406
0.00153387
0.00153355
0.00153333
0.00153325
0.00153319
0.00153292
0.00153262
0.00153247
0.00153222
0.00153197
0.00153228
0.00153302
0.00153346
0.00153334
0.00153302
0.0015327
0.00153237
0.00153205
0.00153173
0.00153152
0.00153163
0.00153198
0.00153223
0.00153235
0.00153246
0.00153256
0.00153262
0.00153254
0.00153238
0.00153227
0.0015322
0.00153201
0.00153169
0.00153146
0.00153151
0.00153184
0.00153225
0.00153243
0.0015323
0.00153198
0.00153167
0.00153134
0.00153108
0.00153093
0.0015308
0.00153052
0.00153021
0.00153005
0.00153005
0.00153001
0.00152976
0.00152945
0.00152922
0.00152896
0.00152864
0.00152835
0.00152802
0.00152781
0.00152774
0.00152764
0.00152742
0.0015271
0.00152682
0.00152661
0.00152638
0.00152607
0.00152577
0.00152547
0.00152515
0.0015249
0.00152481
0.00152482
0.0015247
0.0015244
0.00152411
0.00152389
0.00152361
0.00152329
0.00152299
0.00152267
0.00152237
0.00152208
0.00152179
0.00152149
0.0015212
0.00152088
0.00152066
0.0015205
0.0015202
0.00151994
0.00151997
0.00152033
0.00152075
0.00152084
0.0015206
0.00152029
0.00152007
0.00152001
0.00152003
0.00152002
0.00151988
0.00151959
0.00151928
0.00151904
0.00151885
0.00151857
0.00151827
0.00151806
0.00151779
0.00151747
0.0015172
0.00151701
0.00151688
0.00151684
0.00151696
0.00151715
0.001517
0.00151673
0.00151694
0.00151739
0.00151761
0.00151754
0.00151729
0.00151698
0.00151667
0.00151637
0.00151614
0.00151605
0.00151593
0.00151566
0.00151535
0.00151503
0.00151472
0.00151441
0.0015141
0.00151385
0.00151366
0.00151349
0.00151333
0.00151316
0.00151298
0.00151276
0.00151248
0.00151217
0.00151187
0.00151157
0.00151126
0.00151095
0.00151065
0.00151034
0.00151005
0.00150974
0.00150946
0.0015092
0.0015089
0.00150859
0.00150828
0.00150797
0.00150767
0.00150744
0.00150734
0.00150723
0.00150703
0.00150678
0.00150649
0.00150618
0.00150589
0.00150562
0.00150533
0.00150502
0.00150473
0.00150445
0.00150415
0.00150386
0.00150369
0.00150363
0.00150343
0.00150312
0.00150284
0.0015026
0.00150239
0.00150216
0.00150186
0.00150157
0.00150136
0.00150123
0.00150111
0.00150091
0.00150063
0.00150033
0.00150005
0.00149984
0.00149973
0.00149961
0.0014994
0.00149911
0.00149882
0.00149865
0.00149869
0.00149883
0.00149878
0.00149852
0.00149821
0.00149792
0.00149769
0.00149756
0.00149739
0.0014971
0.0014968
0.00149651
0.00149622
0.00149595
0.00149576
0.00149579
0.00149607
0.00149631
0.00149613
0.00149587
0.00149597
0.00149631
0.00149675
0.00149723
0.00149752
0.00149747
0.00149718
0.00149698
0.00149724
0.00149801
0.0014985
0.00149841
0.00149813
0.00149783
0.00149753
0.00149722
0.00149696
0.00149679
0.00149671
0.00149664
0.00149646
0.00149616
0.00149591
0.00149587
0.00149598
0.00149592
0.00149567
0.00149536
0.00149507
0.00149477
0.00149448
0.00149421
0.00149397
0.00149373
0.00149344
0.00149314
0.00149285
0.00149256
0.00149226
0.00149198
0.00149178
0.00149172
0.00149166
0.00149147
0.00149117
0.00149094
0.00149082
0.00149061
0.00149031
0.00149007
0.00148984
0.0014896
0.00148938
0.00148934
0.00148945
0.00148929
0.00148901
0.00148898
0.00148923
0.00148967
0.00149006
0.00149032
0.00149046
0.00149047
0.00149035
0.00149009
0.0014898
0.00148962
0.00148946
0.00148923
0.00148894
0.00148864
0.00148834
0.00148807
0.00148793
0.0014879
0.00148771
0.00148742
0.0014873
0.00148737
0.00148736
0.00148713
