10000
100
-3.80688
-3.80662
-3.80745
-3.80773
-3.80755
-3.80718
-3.8072
-3.80721
-3.80724
-3.80734
-3.80742
-3.80744
-3.80749
-3.80758
-3.8076
-3.80759
-3.80754
-3.80755
-3.80759
-3.80756
-3.80761
-3.80765
-3.80764
-3.80768
-3.80774
-3.80774
-3.80773
-3.80769
-3.80767
-3.80769
-3.80767
-3.80761
-3.80761
-3.80766
-3.80767
-3.80771
-3.8077
-3.80768
-3.8077
-3.80768
-3.80765
-3.80766
-3.80767
-3.80766
-3.80763
-3.80761
-3.80761
-3.8076
-3.80759
-3.80759
-3.80763
-3.80764
-3.8077
-3.80775
-3.80775
-3.80773
-3.80773
-3.80771
-3.80771
-3.80771
-3.8077
-3.80769
-3.80771
-3.80772
-3.80774
-3.80775
-3.80775
-3.80775
-3.80774
-3.80773
-3.8077
-3.80769
-3.8077
-3.80769
-3.8077
-3.80769
-3.80769
-3.80769
-3.8077
-3.8077
-3.80769
-3.80769
-3.80769
-3.80769
-3.80769
-3.8077
-3.80769
-3.80768
-3.80768
-3.80767
-3.80766
-3.80766
-3.80767
-3.80767
-3.80767
-3.80769
-3.80769
-3.80769
-3.8077
-3.8077
0
0.00025975
0.000841291
0.000660011
0.000541915
0.000580968
0.000491613
0.000425925
0.000376551
0.00035246
0.000327424
0.000299911
0.000280026
0.000273623
0.000255303
0.000238842
0.000230546
0.000217654
0.000209275
0.00020093
0.000198949
0.000194264
0.000186373
0.000184458
0.000186134
0.000178898
0.000172602
0.000170966
0.000166152
0.00016276
0.000159417
0.000164105
0.000159165
0.000163068
0.0001589
0.000159346
0.000155106
0.000153279
0.000151048
0.000148996
0.000147168
0.000143796
0.000140473
0.000137357
0.000137573
0.000136475
0.000133702
0.000131226
0.000129209
0.00012663
0.000130098
0.000127859
0.000139532
0.000146059
0.000143505
0.000142334
0.000139902
0.00013883
0.000136511
0.000134228
0.000132143
0.000130309
0.000129951
0.000128059
0.000128238
0.000126365
0.000124565
0.000122723
0.000122165
0.000120765
0.000121091
0.000119801
0.000118163
0.000116633
0.000115196
0.000113813
0.000112413
0.000110962
0.000109896
0.000108653
0.000107578
0.000106258
0.000104972
0.000103866
0.000102696
0.000101911
0.000100978
0.000100491
9.96198e-05
9.89152e-05
9.78883e-05
9.68185e-05
9.58344e-05
9.48313e-05
9.38718e-05
9.47363e-05
9.37654e-05
9.28304e-05
9.21277e-05
9.12227e-05
