10000
100
1.22871
1.23917
1.24224
1.23755
1.23328
1.23004
1.22677
1.22541
1.22097
1.21912
1.21895
1.2152
1.2117
1.20845
1.20662
1.2047
1.20293
1.20172
1.20234
1.20313
1.20408
1.20387
1.20351
1.20378
1.204
1.20303
1.2029
1.20383
1.20448
1.20498
1.2033
1.202
1.20116
1.2012
1.2012
1.20079
1.20056
1.2008
1.20097
1.20212
1.20371
1.20549
1.20628
1.20606
1.20592
1.20606
1.20678
1.20736
1.20839
1.209
1.20889
1.20894
1.20903
1.20946
1.21028
1.21132
1.21243
1.21316
1.2143
1.21528
1.21616
1.21656
1.21702
1.21729
1.21717
1.21763
1.21787
1.21788
1.21845
1.21881
1.21885
1.21932
1.21989
1.22033
1.2205
1.2208
1.22104
1.22138
1.22148
1.22106
1.22059
1.22021
1.22007
1.21999
1.22004
1.21987
1.21971
1.21923
1.21868
1.21827
1.21794
1.21744
1.21711
1.21734
1.21722
1.21735
1.21757
1.21799
1.21824
1.21845
0
0.0104608
0.00677364
0.00670342
0.00672283
0.00637359
0.00630044
0.00562417
0.00665778
0.00623538
0.00564275
0.00636683
0.00682581
0.00710642
0.00686333
0.00670129
0.00653844
0.00628192
0.00597434
0.00572168
0.00552502
0.00527213
0.00505011
0.00484231
0.00465007
0.00457198
0.00440127
0.0043418
0.00423897
0.00412637
0.0043302
0.00439119
0.00433825
0.00420892
0.0040869
0.00399261
0.00389029
0.00379408
0.00369982
0.00378391
0.00401694
0.00430546
0.00427731
0.00418442
0.0040927
0.00400503
0.00398466
0.00394332
0.00399845
0.00396395
0.00388705
0.00381193
0.00374044
0.00369565
0.0037197
0.00379864
0.00389084
0.00389254
0.00399272
0.00404625
0.00407564
0.00402876
0.00399073
0.00393718
0.0038778
0.00384604
0.00379577
0.00373955
0.00372966
0.00369315
0.00364102
0.00362099
0.00361488
0.00359297
0.00354888
0.0035149
0.00347683
0.00344927
0.00340682
0.00338989
0.00338137
0.00336129
0.00332339
0.00328453
0.00324597
0.00321229
0.00317923
0.00317935
0.00319163
0.00318285
0.00316485
0.00317
0.00315288
0.00312803
0.00309721
0.0030674
0.0030432
0.00304176
0.00302099
0.00299846
