10000
100
1.84307
1.85876
1.86336
1.85632
1.84992
1.84506
1.84016
1.83811
1.83145
1.82868
1.82842
1.82281
1.81755
1.81267
1.80993
1.80705
1.8044
1.80258
1.80351
1.80469
1.80612
1.8058
1.80527
1.80567
1.806
1.80455
1.80435
1.80575
1.80672
1.80748
1.80496
1.803
1.80174
1.8018
1.8018
1.80119
1.80084
1.80119
1.80146
1.80318
1.80556
1.80823
1.80941
1.80909
1.80889
1.80909
1.81017
1.81104
1.81259
1.8135
1.81333
1.81341
1.81354
1.81419
1.81542
1.81699
1.81864
1.81974
1.82145
1.82292
1.82424
1.82483
1.82552
1.82593
1.82576
1.82645
1.82681
1.82682
1.82768
1.82821
1.82828
1.82899
1.82983
1.83049
1.83075
1.8312
1.83155
1.83207
1.83222
1.83159
1.83088
1.83031
1.83011
1.82999
1.83006
1.82981
1.82957
1.82885
1.82802
1.8274
1.82691
1.82615
1.82566
1.82601
1.82584
1.82603
1.82635
1.82699
1.82736
1.82768
0
0.0156907
0.0101603
0.010055
0.0100841
0.0095603
0.00945056
0.00843617
0.00998664
0.00935303
0.00846408
0.00955019
0.0102387
0.0106596
0.010295
0.0100519
0.00980764
0.00942287
0.00896151
0.0085825
0.00828751
0.00790817
0.00757514
0.00726345
0.00697509
0.00685795
0.00660188
0.00651269
0.00635844
0.00618954
0.00649527
0.00658677
0.00650736
0.00631336
0.00613032
0.0059889
0.00583542
0.0056911
0.00554971
0.00567584
0.0060254
0.00645817
0.00641595
0.00627661
0.00613903
0.00600753
0.00597698
0.00591496
0.00599765
0.00594591
0.00583056
0.00571787
0.00561064
0.00554346
0.00557954
0.00569794
0.00583624
0.00583879
0.00598907
0.00606937
0.00611345
0.00604313
0.00598609
0.00590576
0.00581669
0.00576904
0.00569365
0.00560931
0.00559447
0.00553972
0.00546152
0.00543147
0.00542231
0.00538944
0.00532331
0.00527234
0.00521523
0.00517389
0.00511022
0.00508483
0.00507204
0.00504193
0.00498507
0.00492678
0.00486894
0.00481843
0.00476884
0.00476901
0.00478743
0.00477426
0.00474725
0.00475498
0.0047293
0.00469203
0.00464581
0.00460108
0.00456479
0.00456263
0.00453148
0.00449767
