10000
100
-6.6248
-6.62945
-6.63585
-6.63595
-6.63619
-6.63607
-6.63802
-6.63766
-6.63824
-6.63722
-6.63799
-6.63784
-6.63805
-6.63762
-6.63818
-6.638
-6.63803
-6.6386
-6.63849
-6.63796
-6.63847
-6.63864
-6.6382
-6.63839
-6.63736
-6.63738
-6.6373
-6.63728
-6.63767
-6.63755
-6.63758
-6.63781
-6.63795
-6.63789
-6.63798
-6.63842
-6.6379
-6.63813
-6.63783
-6.63782
-6.63786
-6.63763
-6.63795
-6.63804
-6.63798
-6.63808
-6.63811
-6.63819
-6.63826
-6.63823
-6.63832
-6.63847
-6.63855
-6.63839
-6.63847
-6.63851
-6.63832
-6.63827
-6.63853
-6.63853
-6.6386
-6.63867
-6.63854
-6.6387
-6.63862
-6.63874
-6.6387
-6.63872
-6.63887
-6.63865
-6.63871
-6.63874
-6.63873
-6.6388
-6.6388
-6.63869
-6.63873
-6.63879
-6.63882
-6.63874
-6.63877
-6.63869
-6.63872
-6.63872
-6.63869
-6.63885
-6.63874
-6.63872
-6.63868
-6.63873
-6.63865
-6.63871
-6.63876
-6.63878
-6.63882
-6.63878
-6.6387
-6.63879
-6.63884
-6.63885
0
0.004653
0.00693456
0.00490463
0.00380624
0.00311001
0.0032764
0.00286051
0.00258757
0.00252731
0.00241208
0.00220748
0.00204195
0.00193788
0.00188802
0.00177532
0.00166788
0.00167273
0.0015863
0.0015928
0.0015983
0.00153256
0.00152842
0.00147522
0.00174813
0.00167969
0.0016181
0.00155941
0.00155443
0.00150659
0.00145756
0.00142877
0.00139201
0.00135166
0.00131571
0.00134994
0.00140982
0.00139053
0.00138649
0.00135142
0.00131857
0.00130672
0.00131618
0.00128907
0.00126152
0.0012372
0.00121101
0.0011885
0.00116608
0.00114289
0.00112332
0.00111185
0.00109365
0.00108436
0.00106759
0.00104903
0.001048
0.00103097
0.00104488
0.00102733
0.00101238
0.000999014
0.000992462
0.000989878
0.000978027
0.000970499
0.000956695
0.000942777
0.000941235
0.00095303
0.000941331
0.000928809
0.000916093
0.000906323
0.000894157
0.000888894
0.000878163
0.000868966
0.000858317
0.00085076
0.000840488
0.000833739
0.000824258
0.000814386
0.000805369
0.000811972
0.000810604
0.000801534
0.000793553
0.00078625
0.00078122
0.000774521
0.000768073
0.000760152
0.000752891
0.000746097
0.000741951
0.000739681
0.000733922
0.000726586
