10000
100
0.808659
0.811385
0.81541
0.8154
0.815644
0.815624
0.817021
0.816786
0.817103
0.816449
0.816884
0.816769
0.816832
0.816517
0.816858
0.816686
0.816624
0.817046
0.816968
0.816671
0.817036
0.81714
0.81685
0.816955
0.816287
0.8163
0.816235
0.816222
0.816481
0.816399
0.816422
0.816558
0.816654
0.816581
0.81662
0.816886
0.816531
0.816673
0.81648
0.816478
0.816513
0.81637
0.816566
0.816638
0.816616
0.816674
0.816691
0.816731
0.816764
0.816731
0.81679
0.816883
0.81693
0.816826
0.816874
0.816898
0.816767
0.816752
0.816911
0.816903
0.816929
0.816975
0.816887
0.81699
0.816926
0.817008
0.816983
0.816988
0.817077
0.816932
0.816965
0.816988
0.816971
0.817021
0.817009
0.81693
0.816952
0.816985
0.816998
0.816945
0.816963
0.816903
0.816926
0.816917
0.816893
0.817
0.816927
0.816926
0.816904
0.816935
0.816882
0.816915
0.816958
0.816971
0.816984
0.816964
0.816921
0.816975
0.817016
0.817021
0
0.00272598
0.00432134
0.00305567
0.00237952
0.00194297
0.00215566
0.00188155
0.00168936
0.00164641
0.00155149
0.00142102
0.00130869
0.00125198
0.00121434
0.00114888
0.00108096
0.00110321
0.00104646
0.00103605
0.00105058
0.00100713
0.00100502
0.000967884
0.0011438
0.00109901
0.00105949
0.00102103
0.00101852
0.000987375
0.000955273
0.000934926
0.000911207
0.00088706
0.000862243
0.000879172
0.000925814
0.000912288
0.000909397
0.000886372
0.000865195
0.000856412
0.000858892
0.000842192
0.000823541
0.000807499
0.00079032
0.000774684
0.000759439
0.000744833
0.000732448
0.000724261
0.000712042
0.000706384
0.000695051
0.000682953
0.000683646
0.000671914
0.000679237
0.00066787
0.000657376
0.000648296
0.000643948
0.000642122
0.000635393
0.000631003
0.000622009
0.000612812
0.000610421
0.000618894
0.000611013
0.000602904
0.000594838
0.000588892
0.000581111
0.000578827
0.000571706
0.000565245
0.000558216
0.000553815
0.000547241
0.000543874
0.000537776
0.000531414
0.000525656
0.000530468
0.0005294
0.000523352
0.000517897
0.000513033
0.000510056
0.000505575
0.000501958
0.000496744
0.000491658
0.000486929
0.000483788
0.000481886
0.000478718
0.000473941
