10000
100
-3.40032
-3.39996
-3.39974
-3.40017
-3.39998
-3.39977
-3.39984
-3.39979
-3.40003
-3.39999
-3.40006
-3.40019
-3.40023
-3.40037
-3.40046
-3.40063
-3.4007
-3.40075
-3.40071
-3.40068
-3.40059
-3.40064
-3.40073
-3.40075
-3.40078
-3.40081
-3.40089
-3.40091
-3.40091
-3.40092
-3.40091
-3.40093
-3.40091
-3.40096
-3.40098
-3.40099
-3.40098
-3.40101
-3.40098
-3.40098
-3.40095
-3.40099
-3.40096
-3.40094
-3.40096
-3.40095
-3.40096
-3.40093
-3.40088
-3.40083
-3.4008
-3.40081
-3.40081
-3.40082
-3.40078
-3.40073
-3.4007
-3.40064
-3.40065
-3.40067
-3.40072
-3.40069
-3.40073
-3.40075
-3.40075
-3.40074
-3.40074
-3.40073
-3.40073
-3.40074
-3.40074
-3.40074
-3.40078
-3.4008
-3.4008
-3.4008
-3.4008
-3.4008
-3.40079
-3.40079
-3.40078
-3.40078
-3.40077
-3.40076
-3.40078
-3.40074
-3.40073
-3.40071
-3.4007
-3.40072
-3.40071
-3.40069
-3.40068
-3.4007
-3.4007
-3.40071
-3.40073
-3.40073
-3.40073
-3.40072
0
0.0003551
0.000306422
0.000487864
0.000424273
0.000404469
0.000348228
0.000305697
0.00036189
0.000326298
0.000303246
0.000308469
0.000285646
0.000302274
0.000295018
0.000323017
0.000312097
0.000298093
0.000284657
0.00027154
0.000272925
0.000263548
0.000267211
0.000257017
0.000248321
0.000240085
0.000244364
0.000236424
0.000228142
0.000220644
0.000213881
0.000208512
0.000203309
0.000203615
0.000198727
0.00019327
0.000188015
0.000184598
0.000181603
0.000177017
0.000175667
0.000177639
0.000176333
0.00017365
0.000170647
0.0001672
0.000163996
0.00016312
0.000166014
0.000171806
0.000171753
0.000168806
0.000165597
0.000162854
0.000163351
0.000167999
0.000168668
0.000174871
0.00017191
0.000170568
0.000175736
0.00017486
0.000175245
0.000173986
0.000171297
0.000169048
0.000166521
0.000164623
0.0001623
0.000160079
0.000157821
0.000155651
0.000157898
0.000156866
0.000154761
0.000152714
0.000150725
0.000149042
0.000147723
0.000145982
0.000144429
0.000142672
0.000141014
0.000139883
0.000139052
0.000142312
0.000141066
0.000140507
0.000139468
0.000138832
0.000137686
0.000136858
0.000136155
0.0001363
0.000134866
0.000133847
0.00013395
0.000132592
0.000131266
0.000130302
