10000
100
-5.41181
-5.41238
-5.41273
-5.41285
-5.41272
-5.41263
-5.41249
-5.41248
-5.41258
-5.41255
-5.41267
-5.41268
-5.4128
-5.41285
-5.4129
-5.41297
-5.41309
-5.41303
-5.41304
-5.41296
-5.41292
-5.41293
-5.41292
-5.41295
-5.41293
-5.41293
-5.41295
-5.41295
-5.41295
-5.41295
-5.41295
-5.41297
-5.41297
-5.41302
-5.41305
-5.41309
-5.41311
-5.41312
-5.41311
-5.4131
-5.41309
-5.41308
-5.4131
-5.41309
-5.41306
-5.41306
-5.41307
-5.4131
-5.41312
-5.41314
-5.41313
-5.41314
-5.41315
-5.41315
-5.41316
-5.41316
-5.41317
-5.41314
-5.41316
-5.41318
-5.4132
-5.41321
-5.41321
-5.41321
-5.41323
-5.41322
-5.41322
-5.41324
-5.41325
-5.41325
-5.41326
-5.41326
-5.41327
-5.41327
-5.41329
-5.4133
-5.4133
-5.41332
-5.41332
-5.41333
-5.41332
-5.41334
-5.41333
-5.41335
-5.41335
-5.41335
-5.41335
-5.41333
-5.41332
-5.41333
-5.41333
-5.41333
-5.41332
-5.41333
-5.41334
-5.41333
-5.41332
-5.41333
-5.41332
-5.41332
0
0.00056415
0.000482531
0.000362216
0.000310933
0.000268609
0.000266138
0.000230715
0.000226852
0.000205816
0.000219815
0.00020137
0.000220607
0.000209583
0.00020036
0.000202737
0.000226176
0.000222428
0.000210432
0.000214085
0.000206974
0.000197427
0.000188672
0.000183133
0.00017733
0.000170383
0.000165169
0.000159193
0.000153626
0.000148426
0.000143564
0.000140226
0.000135929
0.000142221
0.00014201
0.000142099
0.000139477
0.000136238
0.000132854
0.000129699
0.00012745
0.000125001
0.00012546
0.000123788
0.000124181
0.000121565
0.000119108
0.000119268
0.000118486
0.000117957
0.00011574
0.000114058
0.000112293
0.000110195
0.000108664
0.000106718
0.000105028
0.000106898
0.000106381
0.000106084
0.000107058
0.000105798
0.00010421
0.000102725
0.000102001
0.000100485
9.89872e-05
9.86739e-05
9.87663e-05
9.73471e-05
9.63709e-05
9.50231e-05
9.45607e-05
9.34374e-05
9.37567e-05
9.31094e-05
9.20669e-05
9.17483e-05
9.07885e-05
8.98854e-05
8.8916e-05
8.88363e-05
8.77948e-05
8.7825e-05
8.68698e-05
8.58547e-05
8.49641e-05
8.53645e-05
8.48398e-05
8.3962e-05
8.30877e-05
8.22532e-05
8.20044e-05
8.11672e-05
8.16825e-05
8.14437e-05
8.10504e-05
8.05586e-05
8.03966e-05
7.95935e-05
