10000
5000
2.09791
2.12393
2.1647
2.18937
2.18467
2.15722
2.12578
2.10658
2.10268
2.10645
2.10948
2.10986
2.11009
2.11145
2.11267
2.11137
2.10744
2.10184
2.09406
2.08375
2.07219
2.06233
2.05732
2.05789
2.06193
2.06654
2.07006
2.0721
2.07264
2.07189
2.07043
2.06916
2.06792
2.06537
2.06151
2.05798
2.05565
2.05428
2.05358
2.05326
2.05269
2.0515
2.05036
2.05007
2.05068
2.05207
2.05434
2.05718
2.06017
2.06284
2.06414
2.06304
2.05918
2.05352
2.04892
2.04759
2.04898
2.05141
2.05317
2.05304
2.05112
2.04911
2.04899
2.05136
2.05522
2.05892
2.06125
2.06167
2.06033
2.05777
2.05472
2.05223
2.05112
2.05115
2.05141
2.0513
2.05078
2.04968
2.04782
2.04535
2.04291
2.04141
2.04092
2.04046
2.03911
2.03681
2.03412
2.03185
2.0308
2.03129
2.03301
2.03528
2.0376
2.03987
2.04215
2.04418
2.04529
2.04505
2.04399
2.04305
2.04266
2.04282
2.04336
2.04388
2.04399
2.04348
2.04231
2.04064
2.03886
2.03734
2.03633
2.03587
2.0358
2.03597
2.03626
2.03676
2.03761
2.03868
2.03962
2.04013
2.04011
2.03958
2.03879
2.03802
2.03742
2.03708
2.03699
2.03708
2.03717
2.03722
2.0375
2.03805
2.03856
2.03879
2.03898
2.03955
2.04042
2.04124
2.0418
2.04204
2.04195
2.0415
2.0408
2.04016
2.03988
2.04011
2.04078
2.04155
2.04194
2.04154
2.04036
2.03891
2.03768
2.03675
2.03602
2.03553
2.03529
2.0352
2.03505
2.03462
2.03399
2.03345
2.03322
2.03344
2.03416
2.03533
2.03652
2.03717
2.03704
2.03628
2.0353
2.03445
2.03391
2.03374
2.03382
2.03407
2.03448
2.03497
2.03535
2.03546
2.03519
2.03465
2.03406
2.03363
2.03351
2.03365
2.03389
2.03398
2.03381
2.03334
2.03261
2.03168
2.03065
2.02963
2.02877
2.02838
2.02862
2.02921
2.0298
2.03018
2.03045
2.03077
2.03111
2.03134
2.03144
2.03149
2.03152
2.03143
2.03116
2.03084
2.03064
2.03068
2.03093
2.03128
2.03161
2.03187
2.03207
2.0322
2.03219
2.03193
2.03157
2.03124
2.03092
2.03066
2.03062
2.03077
2.03099
2.0312
2.03131
2.03125
2.03092
2.03036
2.02975
2.02954
2.02988
2.0305
2.03115
2.03166
2.03189
2.03176
2.03134
2.0309
2.03078
2.03106
2.03161
2.03226
2.03281
2.033
2.03266
2.03177
2.0306
2.02963
2.02915
2.0292
2.02956
2.02999
2.03034
2.03059
2.03084
2.03111
2.03138
2.03161
2.03168
2.03153
2.03118
2.03074
2.03031
2.02993
2.02961
2.02938
2.02934
2.02961
2.03023
2.03111
2.03212
2.03317
2.03418
2.03504
2.03559
2.0357
2.03541
2.03486
2.03421
2.03361
2.03315
2.03287
2.03271
2.03252
2.03232
2.03222
2.03228
2.03243
2.03252
2.03251
2.03249
2.03254
2.03265
2.03276
2.03279
2.03278
2.0328
2.0328
2.03268
2.03246
2.03232
2.03246
2.03287
2.03335
2.03365
2.03364
2.03333
2.03295
2.03276
2.03291
2.03332
2.03378
2.03413
2.03428
2.03421
2.03391
2.03338
2.03265
2.03197
2.03157
2.03152
2.03169
2.03193
2.03228
2.03286
2.03362
2.03432
2.03484
2.03524
2.03562
2.03598
2.03627
2.03645
2.03658
2.03665
2.0366
2.03638
2.03605
2.03565
2.03521
2.03472
2.03418
2.03357
2.03292
2.03237
2.03208
2.03203
2.03195
2.03166
2.0312
2.03075
2.03048
2.03065
2.03128
2.03211
2.03288
2.03347
2.0339
2.03426
2.03459
2.03483
2.03486
2.03465
2.0344
2.03427
2.03422
2.03421
2.03425
2.03432
2.03436
2.03437
2.03434
2.03432
2.03442
2.03471
2.03507
2.0353
2.03533
2.03535
2.03546
2.03557
2.03557
2.03538
2.035
2.03462
2.03442
2.03439
2.03447
2.0346
2.03474
2.03492
2.03518
2.03544
2.03562
2.03572
2.03577
2.0359
2.03622
2.03664
2.03696
2.03709
2.03706
2.03691
2.03673
2.03665
2.03667
2.03666
2.03658
2.03649
2.03652
2.03673
2.03705
2.03735
2.0375
2.03739
2.03702
2.03658
2.03632
2.0364
2.03665
2.03687
2.037
2.03713
2.03731
2.03749
2.03762
2.03771
2.0378
2.03786
2.03782
2.03761
2.03727
2.03693
2.03671
2.03665
2.03666
2.03671
2.03681
2.03689
2.03688
2.0367
2.03635
2.03584
2.03519
2.03447
2.03383
2.03339
2.03319
2.03323
2.03352
2.03405
2.03471
2.03539
2.03605
2.03664
2.03712
2.03748
2.03772
2.03788
2.03794
2.03791
2.03773
2.03734
2.03677
2.0361
2.03539
2.03472
2.03423
2.03398
2.03397
2.03418
2.03451
2.03487
2.0352
2.03548
2.03566
2.03574
2.03577
2.03576
2.03566
2.03551
2.03541
2.03549
2.03568
2.03579
2.03575
2.03562
2.03555
2.03556
2.03563
2.03567
2.03565
2.03562
2.03562
2.03568
2.03582
2.03604
2.03627
2.0364
2.03636
2.03621
2.0361
2.03604
2.03593
2.0357
2.03544
2.03529
2.03526
2.03527
2.03523
2.03521
2.03528
2.03547
2.03575
2.03604
2.03621
2.03617
2.03595
2.03567
2.03547
2.0354
2.03547
2.03554
2.03551
2.03535
2.03515
2.03496
2.0348
2.03466
2.03456
2.03447
2.03439
2.03437
2.03445
2.03465
2.03487
2.03503
2.03501
2.03479
2.03446
2.0342
2.03408
2.03407
2.03409
2.0341
2.03411
2.03414
2.03423
2.03437
2.03456
2.03476
2.03492
2.03503
2.03514
2.03532
2.03561
2.03593
2.03619
2.03628
2.0362
2.03599
2.03577
2.03561
2.03555
2.03562
2.03576
2.03591
2.03598
2.03594
2.03581
2.03566
2.03548
2.03534
2.03533
2.03543
2.03559
2.03574
2.03582
2.03586
2.03588
2.03585
2.03574
2.03554
2.03533
2.03522
2.03524
2.0354
2.03566
2.03594
2.03615
2.03626
2.0363
2.03627
2.0362
2.0361
2.03603
2.036
2.03605
2.03619
2.03637
2.03654
2.03663
2.03659
2.03645
2.03626
2.03608
2.03594
2.03584
2.03571
2.0355
2.03521
2.03492
2.03481
2.03497
2.03534
2.03579
2.03622
2.0366
2.03689
2.03707
2.03719
2.03727
2.03732
2.03731
2.03718
2.03692
2.03663
2.0364
2.03628
2.0362
2.03611
2.036
2.03591
2.0359
2.03601
2.0362
2.03643
2.03669
2.03694
2.03716
2.03727
2.03723
2.0371
2.03694
2.03675
2.03653
2.03633
2.03624
2.03629
2.0364
2.03645
2.0364
2.03629
2.03623
2.03624
2.03627
2.03631
2.0364
2.03657
2.03674
2.03683
2.03682
2.03675
2.03669
2.03665
2.03661
2.0366
2.03665
2.03674
2.03677
2.03678
2.0368
2.03687
2.03697
2.03706
2.03709
2.03705
2.03697
2.03686
2.03669
2.03649
2.03638
2.03643
2.03664
2.03696
2.03733
2.03762
2.03774
2.03766
2.03751
2.03737
2.03731
2.0373
2.03731
2.03731
2.03731
2.0373
2.03728
2.03727
2.03733
2.03748
2.03767
2.03788
2.03809
2.03826
2.03833
2.03827
2.03816
2.0381
2.03814
2.03826
2.03843
2.03857
2.03863
2.03858
2.03848
2.03845
2.03851
2.0386
2.03866
2.03865
2.03859
2.03851
2.03842
2.03829
2.03812
2.03795
2.03781
2.0377
2.03759
2.0375
2.03747
2.03748
2.03748
2.03741
2.03733
2.03733
2.03746
2.03768
2.03793
2.03814
2.03824
2.03823
2.03817
2.03808
2.03798
2.03785
2.0377
2.03751
2.03728
2.03711
2.03704
2.03709
2.0372
2.0373
2.03735
2.03734
2.03733
2.03741
2.03757
2.03772
2.03772
2.03757
2.03735
2.03719
2.03715
2.03725
2.03743
2.03761
2.03774
2.03776
2.03766
2.03751
2.0374
2.03739
2.03746
2.03749
2.03741
2.03729
2.03725
2.03736
2.03753
2.03767
2.03774
2.03772
2.03765
2.03753
2.03744
2.03744
2.0375
2.03757
2.03761
2.03764
2.03773
2.03788
2.03807
2.03827
2.0384
2.03842
2.03833
2.03826
2.03828
2.03838
2.03851
2.03865
2.03876
2.03885
2.0389
2.03891
2.03885
2.03871
2.03849
2.03824
2.03802
2.03784
2.03772
2.0377
2.03778
2.03793
2.03807
2.03811
2.03805
2.03795
2.03791
2.03797
2.03806
2.03815
2.03818
2.03818
2.03822
2.03834
2.03854
2.03879
2.03907
2.03936
2.03958
2.03965
2.03956
2.03935
2.03899
2.03853
2.03813
2.03794
2.03797
2.03807
2.03812
2.03806
2.03791
2.03771
2.03756
2.03753
2.03766
2.03787
2.03807
2.03813
2.03797
2.03763
2.03729
2.0371
2.03712
2.03737
2.03777
2.03821
2.03857
2.03875
2.03873
2.03861
2.03847
2.03834
2.03823
2.03815
2.0381
2.03807
2.03809
2.03815
2.03824
2.03829
2.03823
2.03806
2.03782
2.03761
2.03751
2.03756
2.03774
2.03799
2.03823
2.0384
2.03848
2.03844
2.03832
2.03817
2.03807
2.03803
2.03803
2.03801
2.03795
2.03783
2.03768
2.03758
2.03759
2.0377
2.03789
2.03809
2.03824
2.03828
2.0382
2.03804
2.03788
2.03779
2.03778
2.03783
2.03787
2.03787
2.03785
2.03782
2.03777
2.03767
2.03754
2.03742
2.03736
2.03734
2.03736
2.0374
2.03746
2.03754
2.03761
2.03766
2.0377
2.0377
2.03766
2.03759
2.03747
2.03731
2.03709
2.03684
2.03662
2.03647
2.03643
2.03656
2.03682
2.03713
2.03739
2.0375
2.03748
2.03742
2.03738
2.03744
2.03757
2.0377
2.03776
2.03772
2.03762
2.03747
2.0373
2.03713
2.03699
2.03692
2.03693
2.03698
2.03698
2.03694
2.03688
2.03682
2.03677
2.03676
2.03681
2.03697
2.0372
2.03744
2.03765
2.03775
2.03773
2.03762
2.03753
2.0375
2.03754
2.03761
2.03765
2.03762
2.03753
2.03744
2.03736
2.0373
2.03725
2.03724
2.03728
2.03733
2.03739
2.03742
2.03743
2.03742
2.03739
2.03736
2.03731
2.0372
2.03699
2.03677
2.03663
2.03662
2.03667
2.03676
2.03686
2.03694
2.03698
2.03697
2.03691
2.03683
2.03679
2.0368
2.03688
2.03699
2.03708
2.03713
2.03717
2.03719
2.03717
2.03709
2.03697
2.03687
2.0368
2.03674
2.03666
2.03657
2.03648
2.03641
2.03637
2.03632
2.0363
2.03637
2.03651
2.03667
2.03681
2.03696
2.0371
2.03725
2.03739
2.03748
2.03746
2.03734
2.03713
2.03692
2.03674
2.03658
2.03644
2.03632
2.03624
2.03618
2.03611
2.03601
2.03584
2.03567
2.03555
2.03554
2.03567
2.03588
2.03613
2.03634
2.03651
2.03664
2.03676
2.03684
2.03688
2.03688
2.03683
2.03671
2.03652
2.03632
2.03617
2.0361
2.03611
2.03615
2.03616
2.0361
2.03599
2.0359
2.03584
2.03586
2.03598
2.03619
2.0364
2.03656
2.03658
2.03646
2.03626
2.03603
2.03587
2.03583
2.03589
2.03598
2.03605
2.03606
2.03603
2.03599
2.03596
2.03593
2.03592
2.03594
2.03598
2.03602
2.03603
2.036
2.03597
2.03597
2.03604
2.03613
2.03621
2.03621
2.03613
2.036
2.03587
2.03577
2.03571
2.0357
2.03572
2.03575
2.03581
2.03588
2.03595
2.03601
2.03602
2.036
2.03597
2.03598
2.03608
2.03623
2.03634
2.03636
2.03627
2.03616
2.03607
2.03603
2.036
2.03598
2.03603
2.03619
2.0364
2.03659
2.03674
2.03688
2.03699
2.03706
2.03707
2.03704
2.03699
2.03693
2.03687
2.03679
2.03669
2.03655
2.03638
2.03619
2.03603
2.03594
2.03595
2.03601
2.03608
2.03614
2.03623
2.03636
2.03649
2.0366
2.03665
2.03662
2.03651
2.03634
2.03618
2.03608
2.03602
2.03598
2.03596
2.03598
2.03607
2.03616
2.03622
2.03624
2.03623
2.03621
2.03615
2.03605
2.03596
2.03595
2.03599
2.03602
2.03601
2.03597
2.03594
2.03593
2.03593
2.03591
2.03589
2.03589
2.03594
2.03602
2.03612
2.03621
2.03624
2.03619
2.03611
2.03606
2.03607
2.03612
2.03618
2.03624
2.03628
2.03632
2.03637
2.03644
2.03654
2.03664
2.0367
2.0367
2.0366
2.03641
2.03618
2.03598
2.03585
2.03582
2.03588
2.036
2.03613
2.03621
2.03625
2.03627
2.03631
2.03637
2.03643
2.03644
2.03638
2.0363
2.03626
2.03628
2.03631
2.03633
2.03631
2.03628
2.03627
2.03629
2.03634
2.03639
2.0364
2.03636
2.03629
2.03625
2.03627
2.03638
2.03653
2.03667
2.03677
2.03681
2.0368
2.03674
2.03667
2.0366
2.03656
2.03652
2.0365
2.03645
2.03639
2.03632
2.03628
2.03628
2.03632
2.03639
2.03644
2.03646
2.03644
2.03638
2.03633
2.03632
2.03637
2.03645
2.03656
2.03669
2.03681
2.03686
2.03684
2.0368
2.03676
2.03673
2.03671
2.03673
2.03677
2.03682
2.03688
2.0369
2.03685
2.03676
2.03666
2.03657
2.0365
2.03646
2.03647
2.03655
2.03664
2.0367
2.0367
2.03665
2.0366
2.03658
2.03662
2.03671
2.03683
2.03693
2.037
2.03702
2.037
2.03694
2.03682
2.03669
2.0366
2.03655
2.0365
2.03643
2.03637
2.03633
2.03634
2.03637
2.03639
2.03641
2.03642
2.03644
2.03645
2.03643
2.03637
2.0363
2.03626
2.03627
2.03633
2.03639
2.03644
2.03647
2.03649
2.03647
2.03643
2.03638
2.03639
2.03648
2.0366
2.03669
2.03671
2.03665
2.03655
2.0365
2.0365
2.03656
2.03666
2.03677
2.03686
2.03693
2.03699
2.03706
2.03709
2.03707
2.037
2.03694
2.03694
2.03699
2.03703
2.03708
2.03715
2.03722
2.03725
2.03723
2.03716
2.03705
2.03691
2.03679
2.03669
2.0366
2.03653
2.03652
2.0366
2.03671
2.03681
2.03687
2.03685
2.0368
2.03678
2.03682
2.03689
2.03694
2.03695
2.03692
2.03686
2.03679
2.03672
2.03666
2.03662
2.03663
2.03669
2.03677
2.03679
2.03672
2.0366
2.03654
2.03658
2.03669
2.03678
2.03684
2.03685
2.03684
2.03683
2.03684
2.03687
2.03688
2.03688
2.03685
2.03683
2.03681
2.03678
2.03677
2.03677
2.03681
2.03688
2.03694
2.03696
2.03694
2.0369
2.03688
2.03692
2.03704
2.03719
2.03732
2.03739
2.03739
2.03736
2.03734
2.03732
2.03726
2.03715
2.03702
2.03693
2.03689
2.03692
2.03699
2.03706
2.03707
2.03703
2.03694
2.03682
2.03673
2.03668
2.03668
2.0367
2.03674
2.03678
2.03681
2.03687
2.03692
2.03692
2.03689
2.03686
2.03686
2.03688
2.03687
2.03682
2.03675
2.03668
2.03661
2.03657
2.03657
2.03664
2.03675
2.03686
2.03692
2.03692
2.03688
2.03681
2.03672
2.03662
2.03652
2.03644
2.03638
2.03639
2.03647
2.03659
2.03671
2.0368
2.03686
2.03695
2.03708
2.03723
2.03736
2.03741
2.03737
2.03724
2.03707
2.03689
2.03673
2.0366
2.0365
2.03643
2.03641
2.03649
2.03664
2.03682
2.03694
2.03697
2.03692
2.03686
2.03681
2.03681
2.03684
2.03687
2.03688
2.03687
2.03685
2.03684
2.03687
2.03693
2.03703
2.03716
2.03728
2.03734
2.03734
2.03728
2.03721
2.03715
2.03712
2.03711
2.0371
2.03709
2.03709
2.0371
2.03708
2.03701
2.03691
2.03682
2.03675
2.03673
2.03672
2.03672
2.03671
2.0367
2.03669
2.03667
2.03664
2.03661
2.0366
2.03662
2.03669
2.03683
2.037
2.03715
2.03724
2.03727
2.03725
2.0372
2.03712
2.037
2.03686
2.03673
2.03664
2.03657
2.03654
2.03652
2.0365
2.03646
2.03643
2.03642
2.03643
2.03649
2.03657
2.03666
2.03675
2.03686
2.037
2.03713
2.0372
2.03723
2.03722
2.03719
2.03713
2.03705
2.03696
2.03689
2.03686
2.03687
2.03693
2.03701
2.03705
2.03703
2.03694
2.03681
2.03669
2.03663
2.03666
2.03676
2.03691
2.03705
2.03714
2.03717
2.03714
2.03707
2.03697
2.03688
2.03685
2.03689
2.03696
2.03702
2.03707
2.03712
2.03715
2.03715
2.03711
2.03706
2.03703
2.03702
2.03702
2.03703
2.03707
2.03715
2.03723
2.03727
2.03727
2.03724
2.03724
2.03725
2.03726
2.03727
2.0373
2.03733
2.03736
2.0374
2.03741
2.03738
2.03731
2.03726
2.03727
2.03731
2.03737
2.03744
2.0375
2.03754
2.03758
2.03761
2.03763
2.03763
2.0376
2.03758
2.03757
2.03756
2.03754
2.03749
2.03744
2.03741
2.03739
2.03734
2.03724
2.03711
2.037
2.03697
2.03701
2.03708
2.03711
2.03709
2.03705
2.03705
2.03711
2.03724
2.03738
2.03746
2.03744
2.03736
2.03723
2.0371
2.03697
2.03686
2.03682
2.03685
2.03692
2.03699
2.03705
2.03707
2.03706
2.03701
2.03697
2.03699
2.03708
2.03719
2.03731
2.03741
2.0375
2.03756
2.03756
2.03751
2.03745
2.03741
2.03741
2.03742
2.03739
2.03733
2.03727
2.03722
2.03722
2.03725
2.03732
2.03739
2.03745
2.03746
2.03744
2.03736
2.03725
2.03718
2.03721
2.03732
2.03746
2.03756
2.0376
2.03758
2.03752
2.03743
2.03737
2.03738
2.03745
2.03755
2.03759
2.03757
2.03751
2.03745
2.03745
2.03749
2.03758
2.03767
2.03775
2.0378
2.03783
2.03785
2.03788
2.0379
2.03791
2.03789
2.03787
2.03785
2.03783
2.03779
2.03772
2.03762
2.03751
2.03742
2.03738
2.03737
2.03737
2.03737
2.03736
2.03735
2.03737
2.03742
2.03749
2.03758
2.03768
2.03776
2.03778
2.03773
2.03763
2.03755
2.03753
2.03759
2.03768
2.03778
2.03786
2.0379
2.03791
2.03789
2.03784
2.03775
2.03766
2.03758
2.03752
2.0375
2.03752
2.03757
2.03763
2.03768
2.0377
2.03767
2.03761
2.03755
2.03753
2.03752
2.03751
2.0375
2.03748
2.03745
2.03743
2.03744
2.03747
2.03753
2.03758
2.03761
2.0376
2.0376
2.03763
2.03769
2.03774
2.03777
2.03777
2.03775
2.03774
2.03775
2.03776
2.03778
2.03779
2.03779
2.03775
2.03769
2.03762
2.03758
2.03755
2.03753
2.03751
2.03751
2.03753
2.03756
2.03759
2.03759
2.03756
2.03752
2.03749
2.0375
2.03754
2.0376
2.03769
2.03776
2.03781
2.03783
2.03783
2.03783
2.03784
2.03784
2.03782
2.03777
2.0377
2.03763
2.03759
2.03759
2.03761
2.03763
2.03763
2.03758
2.03751
2.03745
2.03744
2.03749
2.03757
2.03764
2.03769
2.03773
2.03776
2.03776
2.03775
2.03774
2.03771
2.03769
2.03768
2.03769
2.03771
2.03772
2.03768
2.03762
2.03757
2.03755
2.03758
2.03765
2.03771
2.03775
2.03775
2.03771
2.03767
2.03766
2.03768
2.0377
2.03771
2.03769
2.03766
2.03761
2.03757
2.03753
2.03749
2.03742
2.03734
2.03726
2.03719
2.03717
2.03719
2.03722
2.03727
2.03734
2.03741
2.03748
2.0375
2.03748
2.03742
2.03736
2.03731
2.03728
2.03727
2.03727
2.03727
2.03727
2.03727
2.03723
2.03718
2.03713
2.0371
2.0371
2.0371
2.03709
2.0371
2.03714
2.0372
2.03727
2.03734
2.03741
2.03748
2.03751
2.03748
2.03738
2.03726
2.03716
2.03712
2.03711
2.03712
2.0371
2.03707
2.03703
2.037
2.03698
2.03697
2.03695
2.03691
2.03687
2.03684
2.03682
2.03683
2.03686
2.03691
2.03696
2.03698
2.03697
2.03696
2.03697
2.037
2.03703
2.03701
2.03697
2.03694
2.03693
2.03695
2.03701
2.03709
2.03714
2.03715
2.03713
2.03711
2.03708
2.03704
2.03699
2.03696
2.03695
2.03696
2.03699
2.03697
2.0369
2.03678
2.03668
2.03667
2.03675
2.03683
2.03684
2.03677
2.03667
2.03661
2.0366
2.03664
2.03671
2.03678
2.03682
2.03685
2.03687
2.03689
2.0369
2.03691
2.03691
2.0369
2.03687
2.03683
2.0368
2.03678
2.03678
2.03679
2.03678
2.03676
2.03675
2.03676
2.03679
2.03685
2.03694
2.03705
2.03714
2.03719
2.03722
2.03719
2.03713
2.03707
2.03702
2.037
2.03697
2.03693
2.03688
2.03684
2.03678
2.03672
2.03667
2.03666
2.0367
2.03677
2.03685
2.0369
2.03693
2.03693
2.03695
2.03701
2.0371
2.0372
2.03725
2.03724
2.03718
2.0371
2.03703
2.03699
2.03695
2.0369
2.03687
2.03688
2.03692
2.03699
2.03706
2.03713
2.03719
2.03723
2.03726
2.03726
2.03722
2.03715
2.03708
2.03702
2.03696
2.03694
2.03696
2.03705
2.03718
2.03731
2.03739
2.03741
2.03735
2.03724
2.03714
2.03708
2.03709
2.03715
2.03724
2.03731
2.03733
2.03731
2.03727
2.03725
2.03724
2.03723
2.0372
2.03712
2.037
2.03688
2.03679
2.03676
2.03679
2.03686
2.03695
2.03703
2.0371
2.03713
2.03715
2.03717
2.0372
2.03725
2.03732
2.03741
2.03749
2.03755
2.03756
2.0375
2.03739
2.0373
2.03723
2.03718
2.03714
2.03708
2.03704
2.03705
2.03713
2.03723
2.0373
2.0373
2.03724
2.03715
2.03709
2.03709
2.03714
2.03721
2.03728
2.03735
2.03741
2.03749
2.03755
2.0376
2.03762
2.03763
2.03764
2.03762
2.03758
2.03753
2.03746
2.03741
2.0374
2.03742
2.03744
2.03745
2.03744
2.03744
2.03744
2.03746
2.03747
2.03744
2.03737
2.03731
2.03728
2.03727
2.03728
2.03725
2.03719
2.03714
2.03712
2.03716
2.03725
2.03735
2.03742
2.03747
2.03751
2.03754
2.03755
2.03755
2.03753
2.03749
2.03744
2.03741
2.03742
2.03743
2.03743
2.03742
2.03741
2.03741
2.03741
2.03744
2.03748
2.03754
2.0376
2.03765
2.03768
2.03767
2.03762
2.03756
2.03753
2.03754
2.03757
2.03761
2.03764
2.03765
2.03762
2.03757
2.03751
2.03749
2.03751
2.03754
2.03755
2.03751
2.03743
2.03737
2.03734
2.03737
2.03747
2.0376
2.03771
2.0378
2.03787
2.03793
2.038
2.03806
2.03808
2.03805
2.03798
2.03788
2.03775
2.03763
2.03754
2.03749
2.03744
2.03739
2.03734
2.03732
2.03733
2.03737
2.03745
2.03754
2.0376
2.03764
2.03763
2.03761
2.0376
2.03761
2.03763
2.03767
2.03769
2.03767
2.03761
2.03757
2.03755
2.03757
2.03761
2.03768
2.03776
2.03781
2.03784
2.03785
2.03785
2.03783
2.0378
2.03774
2.03766
2.0376
2.03754
2.03749
2.03745
2.03743
2.03742
2.03744
2.03746
2.03751
2.03757
2.03765
2.03774
2.03782
2.03786
2.03787
2.03787
2.03785
2.03781
2.03777
2.03773
2.03771
2.03771
2.03772
2.03775
2.03779
2.03783
2.03785
2.03784
2.0378
2.03777
2.03777
2.03782
2.0379
2.03796
2.03796
2.03791
2.03783
2.03776
2.03773
2.03774
2.03776
2.03777
2.03778
2.03777
2.03774
2.03771
2.03772
2.03779
2.03787
2.03794
2.03795
2.03792
2.03787
2.03783
2.03782
2.03785
2.03791
2.03798
2.03806
2.03811
2.03812
2.03809
2.03806
2.03805
2.03806
2.03807
2.03806
2.03806
2.03805
2.03804
2.03801
2.03799
2.03798
2.038
2.03802
2.03805
2.03807
2.03805
2.03802
2.03798
2.03793
2.03789
2.03788
2.03792
2.03798
2.03805
2.03812
2.03818
2.03819
2.03816
2.03809
2.03802
2.03794
2.03788
2.03783
2.0378
2.03778
2.03776
2.03771
2.03765
2.03761
2.03761
2.03764
2.03768
2.03772
2.03778
2.03786
2.03794
2.03799
2.03801
2.03801
2.03802
2.03803
2.03802
2.03799
2.03796
2.03793
2.0379
2.03787
2.03785
2.03784
2.03782
2.0378
2.03782
2.03789
2.03798
2.03808
2.03818
2.03824
2.03828
2.03831
2.03833
2.03833
2.0383
2.03829
2.0383
2.03832
2.03834
2.03834
2.0383
2.03823
2.03814
2.03807
2.03805
2.0381
2.03822
2.03836
2.03849
2.03858
2.03864
2.03867
2.03865
2.03862
2.03859
2.03858
2.03858
2.03857
2.03854
2.03847
2.0384
2.03834
2.03833
2.03835
2.03837
2.03838
2.03837
2.03837
2.03839
2.03841
2.03843
2.03842
2.03836
2.03828
2.0382
2.03814
2.03812
2.03813
2.03816
2.03819
2.03823
2.03827
2.03828
2.03829
2.0383
2.03834
2.03841
2.03849
2.03854
2.03854
2.03851
2.03851
2.03854
2.03859
2.03864
2.03867
2.03868
2.03868
2.03866
2.03863
2.03858
2.03854
2.03852
2.03851
2.0385
2.03849
2.0385
2.03852
2.03853
2.03852
2.03848
2.03845
2.03843
2.0384
2.03835
2.03829
2.03827
2.03828
2.03832
2.03835
2.03837
2.03838
2.03838
2.0384
2.03844
2.03849
2.03852
2.03852
2.03852
2.03853
2.03855
2.03856
2.03857
2.03857
2.03856
2.03855
2.03853
2.03854
2.03857
2.03858
2.03856
2.0385
2.03842
2.03836
2.03832
2.03829
2.03828
2.03828
2.03831
2.03836
2.03844
2.0385
2.03853
2.03852
2.03848
2.03844
2.03839
2.03835
2.03832
2.0383
2.03831
2.03835
2.03841
2.03848
2.03853
2.03857
2.03856
2.03852
2.03847
2.03844
2.03843
2.03843
2.03843
2.03841
2.0384
2.0384
2.03839
2.03839
2.0384
2.03842
2.03845
2.03849
2.03855
2.03861
2.03862
2.0386
2.03854
2.03848
2.03843
2.03841
2.03842
2.03844
2.03846
2.0385
2.03853
2.03857
2.0386
2.03863
2.03864
2.03863
2.0386
2.03857
2.03856
2.03856
2.03858
2.03861
2.03864
2.03866
2.03867
2.03865
2.03865
2.03867
2.03868
2.03868
2.03866
2.03863
2.0386
2.03859
2.03857
2.03856
2.03857
2.0386
2.03864
2.03868
2.03872
2.03876
2.03879
2.03881
2.03883
2.03882
2.0388
2.03877
2.03874
2.03871
2.03869
2.03868
2.03867
2.03867
2.03865
2.0386
2.03856
2.03856
2.03859
2.03864
2.03868
2.0387
2.0387
2.03871
2.03873
2.03873
2.03869
2.03862
2.03853
2.03844
2.03837
2.03837
2.03843
2.03853
2.03863
2.03871
2.03877
2.03883
2.03889
2.03893
2.03895
2.03897
2.03898
2.03896
2.03892
2.03884
2.03875
2.03865
2.03855
2.03843
2.0383
2.03817
2.03806
2.03798
2.03794
2.03794
2.03798
2.03804
2.03811
2.03817
2.03821
2.03823
2.03824
2.03825
2.03828
2.03834
2.03839
2.03842
2.03841
2.03836
2.03831
2.03826
2.03822
2.03817
2.03812
2.03808
2.03808
2.03813
2.03821
2.03831
2.03841
2.03849
2.03855
2.03857
2.03858
2.03857
2.03855
2.03853
2.0385
2.03847
2.03845
2.03845
2.03846
2.03847
2.03848
2.03845
2.03841
2.03838
2.03837
2.03838
2.03838
2.03837
2.03833
2.0383
2.03828
2.03828
2.03828
2.03828
2.03829
2.03833
2.03839
2.03844
2.03846
2.03846
2.03845
2.03844
2.03842
2.03841
2.0384
2.03841
2.03845
2.03851
2.03858
2.03862
2.03863
2.03858
2.03851
2.03845
2.03841
2.03838
2.03836
2.03833
2.03829
2.03827
2.03829
2.03831
2.03831
2.0383
2.0383
2.03831
2.03834
2.0384
2.03845
2.03848
2.0385
2.03851
2.03851
2.03849
2.03848
2.03848
2.03849
2.03853
2.03858
2.03861
2.03862
2.0386
2.03859
2.03858
2.03858
2.03858
2.03859
2.03861
2.03863
2.03865
2.03863
2.0386
2.03854
2.0385
2.03847
2.03847
2.03849
2.03853
2.03859
2.03863
2.03864
2.03861
2.03858
2.03858
2.0386
2.03864
2.0387
2.03876
2.0388
2.03879
2.03873
2.03865
2.03859
2.03859
2.03863
2.03869
2.03874
2.03879
2.03882
2.03883
2.03883
2.03881
2.0388
2.0388
2.03882
2.03884
2.03884
2.03881
2.03875
2.03868
2.03862
2.03858
2.03854
2.03851
2.03849
2.03849
2.0385
2.03854
2.0386
2.03867
2.03872
2.03874
2.03873
2.03871
2.03869
2.03869
2.03871
2.03876
2.03884
2.03893
2.039
2.03903
2.039
2.03894
2.03887
2.0388
2.03875
2.03872
2.03869
2.03868
2.03867
2.03866
2.03867
2.0387
2.03875
2.0388
2.03883
2.03884
2.03883
2.03881
2.03881
2.03882
2.03883
2.03884
2.03884
2.03884
2.03883
2.0388
2.03879
2.03878
2.03879
2.03882
2.03885
2.03888
2.03891
2.0389
2.03888
2.03885
2.0388
2.03875
2.03873
2.03873
2.03876
2.03878
2.03879
2.03877
2.03876
2.03875
2.03876
2.03879
2.03883
2.0389
2.03897
2.03904
2.03908
2.03908
2.03905
2.039
2.03895
2.0389
2.03884
2.03878
2.03875
2.03876
2.0388
2.03885
2.0389
2.03894
2.03899
2.03902
2.03902
2.039
2.03897
2.03896
2.03895
2.03896
2.03896
2.03894
2.0389
2.03886
2.03883
2.03882
2.03882
2.03883
2.03883
2.03881
2.0388
2.03881
2.03884
2.03891
2.039
2.03908
2.03912
2.0391
2.03905
2.03899
2.03894
2.03892
2.03892
2.03893
2.03897
2.03901
2.03904
2.03903
2.03898
2.03891
2.03883
2.03877
2.03874
2.03872
2.03871
2.03871
2.03873
2.03876
2.03882
2.03888
2.03893
2.03896
2.03896
2.03895
2.03895
2.03893
2.03889
2.03883
2.03876
2.03872
2.0387
2.03871
2.03873
2.03878
2.03884
2.03891
2.03897
2.03901
2.03901
2.03899
2.03895
2.0389
2.03888
2.03887
2.03888
2.0389
2.03894
2.03898
2.03901
2.03902
2.03903
2.03903
2.03902
2.03901
2.039
2.03899
2.03898
2.03896
2.03895
2.03894
2.03895
2.03897
2.03899
2.039
2.039
2.03897
2.03893
2.03889
2.03885
2.03883
2.03884
2.03888
2.03893
2.03897
2.03902
2.03906
2.03908
2.0391
2.03909
2.03907
2.03906
2.03907
2.03909
2.03913
2.03916
2.03918
2.03919
2.03918
2.03918
2.03918
2.03918
2.03918
2.03919
2.0392
2.0392
2.03919
2.03919
2.03917
2.03915
2.03912
2.0391
2.0391
2.03913
2.03916
2.03918
2.0392
2.0392
2.03921
2.03924
2.03927
2.03928
2.03926
2.03924
2.03921
2.03917
2.03914
2.03911
2.03911
2.03915
2.03918
2.03919
2.03916
2.03911
2.03906
2.03902
2.03903
2.03906
2.03908
2.03909
2.03908
2.03906
2.03903
2.03901
2.03899
2.03898
2.03899
2.03903
2.03908
2.03912
2.03914
2.03915
2.03914
2.03915
2.03915
2.03914
2.03913
2.03912
2.03912
2.03915
2.03917
2.03919
2.03917
2.03913
2.03909
2.03905
2.03903
2.03901
2.039
2.039
2.03902
2.03906
2.03911
2.03915
2.03918
2.03921
2.03924
2.03926
2.03927
2.03927
2.03926
2.03926
2.03925
2.03924
2.03923
2.03921
2.03917
2.03911
2.03906
2.03903
2.039
2.03897
2.03894
2.03889
2.03884
2.0388
2.03878
2.03878
2.03879
2.03881
2.03884
2.03889
2.03894
2.03901
2.03909
2.03915
2.03919
2.0392
2.03919
2.03919
2.0392
2.03921
2.03921
2.03922
2.0392
2.03917
2.03911
2.03904
2.03898
2.03892
2.03887
2.03883
2.03879
2.03878
2.0388
2.03886
2.03893
2.03901
2.03905
2.03906
2.03904
2.039
2.03896
2.03894
2.03895
2.03898
2.03902
2.03905
2.03908
2.03911
2.03912
2.03912
2.03911
2.0391
2.03909
2.03908
2.03908
2.03907
2.03905
2.03903
2.03903
2.03905
2.03906
2.03908
2.03911
2.03915
2.03918
2.03919
2.03918
2.03917
2.03916
2.03917
2.03917
2.03916
2.03913
2.03908
2.03902
2.03897
2.03894
2.03894
2.03896
2.03899
2.03904
2.03909
2.03913
2.03917
2.0392
2.0392
2.03919
2.03918
2.03918
2.03918
2.03916
2.03914
2.03912
2.03911
2.0391
2.03909
2.03908
2.03908
2.03909
2.03911
2.03915
2.03917
2.03918
2.03917
2.03914
2.03912
2.03911
2.03909
2.03908
2.03905
2.03902
2.039
2.03899
2.039
2.03902
2.03904
2.03904
2.03903
2.03901
2.03896
2.03891
2.03885
2.03881
2.0388
2.03883
2.03887
2.03893
2.03896
2.03897
2.03896
2.03893
2.0389
2.0389
2.03892
2.03896
2.039
2.03904
2.03906
2.03906
2.03906
2.03906
2.03906
2.03906
2.03906
2.03908
2.0391
2.03913
2.03917
2.03921
2.03924
2.03926
2.03924
2.03921
2.03917
2.03913
2.03911
2.03909
2.03907
2.03905
2.03901
2.03898
2.03895
2.03895
2.03894
2.03893
2.03889
2.03886
2.03883
2.03884
2.03887
2.0389
2.03892
2.03893
2.03895
2.03898
2.03902
2.03905
2.03908
2.0391
2.03913
2.03914
2.03915
2.03914
2.03913
2.03912
2.0391
2.03907
2.03904
2.03901
2.03898
2.03898
2.03898
2.03897
2.03896
2.03894
2.03892
2.03892
2.03894
2.03897
2.03901
2.03905
2.03907
2.03908
2.03909
2.03912
2.03915
2.03916
2.03916
2.03915
2.03914
2.03912
2.0391
2.03909
2.03909
2.03908
2.03905
2.03899
2.03893
2.0389
2.03891
2.03892
2.03894
2.03895
2.03895
2.03894
2.03895
2.03896
2.03899
2.03902
2.03906
2.03907
2.03905
2.03901
2.03897
2.03893
2.0389
2.03885
2.03881
2.03877
2.03875
2.03875
2.03878
2.03881
2.03885
2.03888
2.03891
2.03893
2.03894
2.03894
2.03892
2.0389
2.0389
2.03893
2.03899
2.03907
2.03912
2.03913
2.03911
2.03909
2.03907
2.03906
2.03906
2.03907
2.03908
2.03911
2.03914
2.03917
2.0392
2.03922
2.0392
2.03916
2.03911
2.03907
2.03906
2.03905
2.03904
2.03902
2.03901
2.039
2.03899
2.03897
2.03895
2.03893
2.03894
2.03899
2.03905
2.03909
2.03912
2.03911
2.03907
2.03903
2.03899
2.03897
2.03898
2.03899
2.03899
2.039
2.039
2.03899
2.03896
2.03893
2.03891
2.0389
2.03891
2.03894
2.03899
2.03904
2.03906
2.03906
2.03906
2.03906
2.03905
2.03902
2.03899
2.03896
2.03895
2.03894
2.03894
2.03895
2.03895
2.03895
2.03896
2.03899
2.03901
2.03902
2.03901
2.03899
2.03896
2.03892
2.03889
2.03885
2.03881
2.03877
2.03876
2.03877
2.03879
2.03882
2.03885
2.03889
2.03894
2.03898
2.03901
2.03902
2.03901
2.039
2.039
2.03901
2.03904
2.03908
2.03911
2.03911
2.03909
2.03906
2.03905
2.03907
2.0391
2.03913
2.03915
2.03917
2.03919
2.03921
2.0392
2.03917
2.03914
2.03911
2.03912
2.03915
2.03918
2.03918
2.03913
2.03905
2.03899
2.03897
2.039
2.03905
2.03912
2.03917
2.03921
2.03922
2.0392
2.03917
2.03913
2.03911
2.03911
2.03913
2.03915
2.03916
2.03915
2.03915
2.03918
2.03922
2.03926
2.03927
2.03923
2.03917
2.03912
2.03908
2.03906
2.03905
2.03905
2.03907
2.03912
2.03918
2.03924
2.03929
2.03931
2.0393
2.03926
2.03919
2.03911
2.03905
2.03903
2.03904
2.03907
2.03911
2.03914
2.03916
2.03918
2.03919
2.03918
2.03916
2.03912
2.03907
2.03901
2.03895
2.03893
2.03893
2.03895
2.03899
2.03903
2.03907
2.0391
2.03913
2.03915
2.03918
2.03921
2.03922
2.03923
2.03923
2.03921
2.03917
2.03913
2.03912
2.03913
2.03914
2.03915
2.03915
2.03913
2.03911
2.03909
2.03905
2.03902
2.03901
2.03899
2.03898
2.03897
2.03898
2.03899
2.03902
2.03904
2.03905
2.03906
2.03906
2.03904
2.03902
2.039
2.03898
2.03897
2.03897
2.03898
2.039
2.03901
2.03902
2.03901
2.039
2.03898
2.03896
2.03897
2.03899
2.03901
2.03901
2.039
2.039
2.03901
2.03902
2.03902
2.03901
2.039
2.03899
2.03899
2.039
2.03902
2.03903
2.03902
2.03899
2.03894
2.03889
2.03884
2.03879
2.03875
2.03873
2.03873
2.03872
2.0387
2.03867
2.03866
2.03867
2.0387
2.03875
2.03882
2.03889
2.03894
2.03897
2.03895
2.0389
2.03884
2.0388
2.03878
2.03878
2.03879
2.0388
2.0388
2.03879
2.03878
2.03877
2.03877
2.03875
2.03873
2.03871
2.03869
2.03868
2.03866
2.03865
2.03862
2.03859
2.03857
2.03856
2.03856
2.03858
2.03862
2.03867
2.03873
2.03878
2.03879
2.03879
2.03877
2.03877
2.03877
2.03875
2.03873
2.0387
2.03867
2.03866
2.03866
2.03867
2.03867
2.03867
2.03867
2.03867
2.03866
2.03866
2.03867
2.03869
2.03873
2.03877
2.03879
2.03877
2.03873
2.0387
2.03868
2.03869
2.03871
2.03871
2.03869
2.03867
2.03868
2.03873
2.03879
2.03885
2.03889
2.03892
2.03892
2.03892
2.03892
2.03891
2.03891
2.03891
2.0389
2.0389
2.03889
2.03891
2.03893
2.03894
2.03893
2.0389
2.03888
2.03887
2.03887
2.03888
2.03889
2.0389
2.03889
2.03887
2.03884
2.0388
2.03875
2.0387
2.03867
2.03866
2.0387
2.03875
2.03882
2.03888
2.03891
2.03891
2.03888
2.03883
2.03877
2.03872
2.03871
2.03872
2.03875
2.03876
2.03873
2.03868
2.03865
2.03864
2.03866
2.03869
2.03873
2.03877
2.03881
2.03885
2.03888
2.03889
2.03889
2.03888
2.03885
2.0388
2.03877
2.03874
2.03872
2.03872
2.03874
2.03877
2.03881
2.03883
2.03883
2.03882
2.03882
2.03884
2.03888
2.03891
2.03892
2.03891
2.03886
2.0388
2.03875
2.03875
2.03876
2.03877
2.03877
2.03877
2.03879
2.03881
2.03883
2.03885
2.03887
2.03889
2.03891
2.03892
2.03892
2.03892
2.03891
2.03889
2.03887
2.03884
2.0388
2.03876
2.03874
2.03875
2.03879
2.03884
2.03889
2.03893
2.03894
2.03895
2.03895
2.03897
2.039
2.03903
2.03906
2.03909
2.03911
2.03912
2.03908
2.03903
2.03897
2.03893
2.03892
2.03891
2.0389
2.03888
2.03886
2.03882
2.03879
2.03877
2.03878
2.03882
2.03888
2.03894
2.039
2.03904
2.03907
2.03907
2.03905
2.03903
2.03902
2.03901
2.03902
2.03904
2.03906
2.03908
2.03909
2.03909
2.03909
2.03907
2.03906
2.03903
2.03901
2.03898
2.03896
2.03894
2.03891
2.03888
2.03886
2.03887
2.03889
2.03892
2.03892
2.03891
2.03888
2.03885
2.03883
2.03884
2.03888
2.03894
2.039
2.03903
2.03902
2.03901
2.039
2.03901
2.03904
2.03907
2.03908
2.03908
2.03908
2.03907
2.03906
2.03905
2.03905
2.03908
2.03913
2.03919
2.03924
2.03928
2.03929
2.03926
2.03921
2.03914
2.03908
2.03904
2.03904
2.03904
2.03903
2.03901
2.03898
2.03896
2.03895
2.03897
2.03901
2.03905
2.03909
2.03912
2.03914
2.03917
2.03918
2.03918
2.03917
2.03914
2.03912
2.03911
2.03911
2.03913
2.03915
2.03917
2.03919
2.03919
2.03918
2.03917
2.03916
2.03914
2.03913
2.03913
2.03913
2.03914
2.03915
2.03917
2.03918
2.03918
2.03916
2.03915
2.03915
2.03916
2.0392
2.03923
2.03925
2.03925
2.03924
2.03923
2.03922
2.03921
2.03921
2.03919
2.03917
2.03914
2.03912
2.03911
2.03913
2.03918
2.03925
2.03929
2.03929
2.03925
2.0392
2.03915
2.03913
2.03914
2.03917
2.03921
2.03924
2.03925
2.03926
2.03926
2.03925
2.03923
2.0392
2.03918
2.03917
2.03919
2.0392
2.03921
2.03921
2.0392
2.03919
2.03919
2.03919
2.03919
2.0392
2.03921
2.03922
2.0392
2.03917
2.03912
2.0391
2.03909
2.03909
2.03909
2.0391
2.03912
2.03914
2.03917
2.03922
2.03926
2.0393
2.03933
2.03936
2.03937
2.03937
2.03934
2.03931
2.03928
2.03927
2.03927
2.03928
2.0393
2.03931
2.03931
2.03931
2.0393
2.0393
2.03928
2.03926
2.03923
2.03922
2.03924
2.03927
2.0393
2.03933
2.03934
2.03933
2.03931
2.03927
2.03923
2.03919
2.03917
2.03917
2.03919
2.0392
2.03922
2.03925
2.03928
2.03933
2.03939
2.03943
2.03945
2.03945
2.03944
2.03943
2.03941
2.03938
2.03934
2.03932
2.0393
2.0393
2.03931
2.03932
2.03934
2.03936
2.03939
2.0394
2.0394
2.0394
2.03941
2.0394
2.03939
2.03938
2.03937
2.03937
2.03938
2.03938
2.03936
2.03933
2.03929
2.03924
2.03918
2.03913
2.03907
2.03902
2.03897
2.03893
2.03891
2.03892
2.03894
2.03899
2.03904
2.03907
2.03909
2.03911
2.03912
2.03912
2.0391
2.03908
2.03908
2.0391
2.03913
2.03916
2.03918
2.03917
2.03916
2.03914
2.03913
2.03912
2.03913
2.03914
2.03916
2.03916
2.03915
2.03912
2.03909
2.03907
2.03906
2.03905
2.03904
2.03901
2.03897
2.03892
2.03887
2.03881
2.03875
2.0387
2.03866
2.03863
2.03862
2.03861
2.03862
2.03863
2.03866
2.03869
2.03872
2.03874
2.03877
2.03878
2.03879
2.03881
2.03885
2.03889
2.03893
2.03896
2.039
2.03903
2.03905
2.03905
2.03903
2.039
2.03898
2.03896
2.03896
2.03897
2.03898
2.03896
2.0389
2.03884
2.03881
2.03884
2.03888
2.03893
2.03895
2.03896
2.03894
2.03894
2.03894
2.03894
2.03895
2.03894
2.03892
2.0389
2.0389
2.03891
2.03895
2.039
2.03904
2.03907
2.03907
2.03908
2.03908
2.03911
2.03914
2.03917
2.03919
2.03919
2.03915
2.0391
2.03904
2.03899
2.03894
2.03891
2.0389
2.03889
2.03889
2.03889
2.0389
2.03892
2.03895
2.03899
2.03903
2.03906
2.03908
2.03908
2.03907
2.03904
2.03903
2.03903
2.03904
2.03907
2.03909
2.03909
2.03907
2.03905
2.03905
2.03909
2.03916
2.03923
2.03927
2.03925
2.03921
2.03915
2.03911
2.03908
2.03905
2.03903
2.03901
2.03898
2.03897
2.03895
2.03895
2.03894
2.03894
2.03893
2.03894
2.03896
2.039
2.03905
2.03909
2.03912
2.03915
2.03917
2.03919
2.03919
2.03918
2.03917
2.03917
2.03916
2.03916
2.03915
2.03913
2.03911
2.03909
2.03911
2.03913
2.03916
2.03916
2.03914
2.03912
2.0391
2.03908
2.03907
2.03907
2.0391
2.03913
2.03916
2.03918
2.03919
2.0392
2.0392
2.03919
2.03917
2.03915
2.03913
2.03911
2.03911
2.03913
2.03916
2.0392
2.03924
2.03927
2.03928
2.03925
2.03922
2.03919
2.03918
2.03918
2.0392
2.03922
2.03925
2.03926
2.03928
2.0393
2.03933
2.03935
2.03935
2.03934
2.03933
2.03931
2.0393
2.0393
2.03928
2.03927
2.03925
2.03924
2.03926
2.03929
2.03933
2.03936
2.03939
2.03941
2.03942
2.0394
2.03937
2.03935
2.03934
2.03934
2.03935
2.03937
2.03939
2.03941
2.03942
2.03941
2.03939
2.03937
2.03938
2.03941
2.03943
2.03943
2.03941
2.03939
2.03937
2.03936
2.03936
2.03937
2.03937
2.03937
2.03936
2.03934
2.03932
2.03931
2.03932
2.03934
2.03936
2.03937
2.03938
2.03941
2.03945
2.03949
2.03951
2.03951
2.03949
2.03947
2.03947
2.03949
2.0395
2.0395
2.03949
2.03947
2.03945
2.03942
2.0394
2.03939
2.03938
2.03937
2.03937
2.03938
2.0394
2.03941
2.03942
2.03943
2.03945
2.03947
2.03949
2.03948
2.03946
2.03942
2.03939
2.03938
2.0394
2.03943
2.03947
2.03951
2.03956
2.03961
2.03965
2.03968
2.0397
2.03969
2.03965
2.03961
2.03957
2.03954
2.03952
2.03948
2.03944
2.0394
2.03936
2.03933
2.03931
2.03929
2.03928
2.03925
2.03923
2.03923
2.03923
2.03922
2.0392
2.03918
2.03917
2.03918
2.03921
2.03923
2.03924
2.03924
2.03924
2.03923
2.03923
2.03924
2.03925
2.03926
2.03928
2.03929
2.03931
2.03932
2.03933
2.03934
2.03935
2.03935
2.03932
2.03928
2.03923
2.03918
2.03915
2.03914
2.03914
2.03915
2.03917
2.03918
2.03919
2.03918
2.03918
2.03917
2.03916
2.03917
2.03919
2.03921
2.03922
2.03923
2.03924
2.03925
2.03926
2.03928
2.03932
2.03935
2.03936
2.03934
2.0393
2.03926
2.03925
2.03927
2.03931
2.03932
2.0393
2.03926
2.03922
2.03919
2.0392
2.03923
2.03926
2.03929
2.03931
2.03931
2.03929
2.03926
2.03924
2.03923
2.03922
2.03922
2.03921
2.0392
2.03921
2.03922
2.03925
2.03929
2.03932
2.03934
2.03935
2.03935
2.03933
2.0393
2.03928
2.03926
2.03926
2.03926
2.03928
2.0393
2.03931
2.03933
2.03934
2.03934
2.03936
2.03936
2.03936
2.03934
2.03932
2.03928
2.03925
2.03923
2.03922
2.03921
2.03919
2.03918
2.03918
2.03919
2.03921
2.03923
2.03925
2.03928
2.03931
2.03935
2.03938
2.03939
2.03939
2.03937
2.03935
2.03932
2.0393
2.03931
2.03931
2.03928
2.03924
2.03918
2.03914
2.03912
2.03912
2.03913
2.03915
2.03918
2.03922
2.03924
2.03926
2.03927
2.03927
2.03927
2.03927
2.03928
2.03929
2.0393
2.03932
2.03933
2.03934
2.03936
2.03937
2.03939
2.0394
2.0394
2.03939
2.03939
2.03938
2.03939
2.03939
2.0394
2.0394
2.0394
2.0394
2.03939
2.03937
2.03935
2.03934
2.03933
2.03933
2.03932
2.03929
2.03926
2.03923
2.03922
2.03921
2.03922
2.03923
2.03927
2.0393
2.03934
2.03936
2.03937
2.03939
2.0394
2.0394
2.0394
2.03941
2.03942
2.03944
2.03947
2.03948
2.03949
2.03947
2.03946
2.03943
2.03941
2.03938
2.03936
2.03933
2.03932
2.03931
2.03931
2.03932
2.03934
2.03936
2.03939
2.03941
2.03941
2.03937
2.03931
2.03926
2.03923
2.03924
2.03928
2.03933
2.03937
2.03939
2.0394
2.03941
2.03942
2.03943
2.03944
2.03944
2.03943
2.03942
2.03941
2.0394
2.0394
2.03941
2.03942
2.03942
2.0394
2.03938
2.03937
2.03935
2.03934
2.03934
2.03934
2.03936
2.03938
2.03938
2.03936
2.03933
2.0393
2.03929
2.0393
2.03934
2.03938
2.0394
2.0394
2.03939
2.03937
2.03938
2.0394
2.03945
2.0395
2.03954
2.03956
2.03956
2.03956
2.03955
2.03954
2.03954
2.03953
2.03955
2.03959
2.03963
2.03967
2.03967
2.03963
2.03957
2.03953
2.03951
2.03952
2.03953
2.03953
2.0395
2.03945
2.03942
2.03941
2.03943
2.03948
2.03952
2.03954
2.03953
2.03952
2.0395
2.03949
2.03948
2.03945
2.03941
2.03939
2.03938
2.03939
2.03939
2.03938
2.03936
2.03935
2.03937
2.03942
2.03949
2.03954
2.03958
2.0396
2.03961
2.03961
2.03961
2.03961
2.03961
2.03961
2.03962
2.03962
2.0396
2.03953
2.03944
2.03938
2.03937
2.03941
2.03945
2.03948
2.03947
2.03943
2.03939
2.03936
2.03937
2.0394
2.03945
2.03949
2.03953
2.03954
2.03955
2.03956
2.03958
2.03962
2.03964
2.03965
2.03964
2.03962
2.0396
2.03958
2.03955
2.03952
2.0395
2.03949
2.03949
2.03949
2.03949
2.03948
2.03949
2.03951
2.03952
2.0395
2.03949
2.03947
2.03946
2.03945
2.03945
2.03944
2.03945
2.03946
2.03949
2.03953
2.03955
2.03955
2.03953
2.03951
2.03951
2.03952
2.03955
2.03958
2.0396
2.03959
2.03957
2.03955
2.03957
2.03961
2.03967
2.03972
2.03975
2.03975
2.03975
2.03975
2.03975
2.03975
2.03973
2.03969
2.03964
2.0396
2.03956
2.03952
2.03949
2.03945
2.03942
2.0394
2.03938
2.03935
2.03933
2.03933
2.03935
2.03938
2.03943
2.03947
2.03951
2.03954
2.03954
2.03954
2.03954
2.03955
2.03958
2.0396
2.03961
2.03961
2.03958
2.03955
2.03952
2.03951
2.03951
2.03953
2.03954
2.03954
2.03953
2.03953
2.03955
2.03958
2.0396
2.03962
2.03962
2.03961
2.03959
2.03958
2.03957
2.03958
2.03959
2.03959
2.03957
2.03955
2.03951
2.03949
2.03948
2.03949
2.03951
2.03952
2.03952
2.03951
2.03951
2.03952
2.03953
2.03954
2.03954
2.03955
2.03955
2.03953
2.03951
2.0395
2.03951
2.03955
2.03959
2.03964
2.03967
2.03969
2.03969
2.03967
2.03964
2.03961
2.03958
2.03956
2.03955
2.03955
2.03957
2.03959
2.0396
2.03959
2.03957
2.03956
2.03956
2.03957
2.03959
2.03962
2.03964
2.03968
2.03972
2.03974
2.03973
2.03969
2.03964
2.0396
2.03957
2.03956
2.03956
2.03956
2.03955
2.03953
2.03951
2.03949
2.03947
2.03947
2.03947
2.03947
2.03946
2.03947
2.03948
2.0395
2.03952
2.03954
2.03956
2.03958
2.0396
2.03961
2.03961
2.0396
2.03959
2.03959
2.03959
2.03959
2.03958
2.03957
2.03957
2.03958
2.03959
2.0396
2.0396
2.0396
2.0396
2.03959
2.03958
2.03955
2.03953
2.03951
2.03949
2.03949
2.03949
2.0395
2.03951
2.03951
2.03952
2.03951
2.0395
2.0395
2.0395
2.03952
2.03955
2.03957
2.03957
2.03956
2.03955
2.03953
2.03952
2.03951
2.03952
2.03954
2.03956
2.03958
2.0396
2.03961
2.03962
2.03962
2.03964
2.03967
2.03969
2.03971
2.03971
2.03971
2.03969
2.03966
2.03962
2.03959
2.03958
2.03958
2.03957
2.03955
2.03953
2.03951
2.0395
2.0395
2.03951
2.03952
2.03953
2.03955
2.03958
2.03962
2.03966
2.03968
2.03967
2.03963
2.03959
2.03954
2.0395
2.03945
2.03943
2.03942
2.03944
2.03948
2.03953
2.03958
2.0396
2.03961
2.03961
2.03962
2.03962
2.0396
2.03958
2.03956
2.03953
2.03951
2.03951
2.03952
2.03955
2.03958
2.03961
2.03962
2.03962
2.03961
2.03961
2.0396
2.03959
2.03958
2.03957
2.03956
2.03956
2.03956
2.03957
2.03958
2.03957
2.03955
2.03953
2.0395
2.03948
2.03948
2.03949
2.03951
2.03953
2.03953
2.03951
2.0395
2.03949
2.03947
2.03944
2.03941
2.03939
2.0394
2.03942
2.03946
2.03951
2.03956
2.0396
2.03963
2.03966
2.03969
2.0397
2.03969
2.03967
2.03965
2.03964
2.03963
2.03963
2.03963
2.03962
2.0396
2.03957
2.03955
2.03955
2.03957
2.03961
2.03964
2.03965
0
0.0260125
0.0434474
0.0394032
0.0308815
0.0372735
0.044503
0.0430614
0.0381756
0.0343522
0.0312202
0.0285026
0.0262195
0.0243129
0.0226669
0.0212432
0.0203373
0.0199741
0.0204353
0.0219575
0.0238682
0.0248043
0.0242252
0.023201
0.0226181
0.022214
0.0216636
0.0209743
0.0202454
0.0195734
0.0189874
0.0184282
0.0179042
0.0175566
0.0174782
0.0173486
0.017033
0.0166358
0.0162187
0.0158111
0.0154315
0.0151065
0.0147947
0.0144575
0.0141457
0.0139047
0.0137936
0.0137999
0.0138421
0.0138217
0.0136107
0.0133921
0.013693
0.0145775
0.0150328
0.0148214
0.0146255
0.0145752
0.0144337
0.0141917
0.014089
0.014004
0.0137805
0.0137699
0.0140935
0.0143627
0.0143374
0.0141313
0.0139894
0.0140241
0.0141565
0.0141787
0.0140277
0.0138369
0.0136536
0.0134732
0.0133076
0.0131813
0.0131461
0.0132142
0.0132753
0.0131986
0.0130478
0.0128995
0.0128182
0.0128756
0.0130072
0.0130574
0.012953
0.0128177
0.0127917
0.0128542
0.0129249
0.0129863
0.0130507
0.0130722
0.012984
0.012853
0.0127666
0.0126727
0.0125529
0.0124303
0.0123208
0.0122127
0.0120963
0.0119923
0.0119378
0.0119433
0.0119659
0.0119546
0.0118889
0.0117913
0.0116867
0.0115849
0.0114875
0.0113989
0.0113329
0.0112875
0.011231
0.0111489
0.0110563
0.010978
0.010917
0.0108565
0.0107859
0.0107053
0.010621
0.0105381
0.0104564
0.0103758
0.0103001
0.0102364
0.0101718
0.0100983
0.0100251
0.00996724
0.00993206
0.0098945
0.00983882
0.0097711
0.00970198
0.00964367
0.0096014
0.00955639
0.00949423
0.00943185
0.00939088
0.00935922
0.0093044
0.00925082
0.0092645
0.00931737
0.0093376
0.00932372
0.00929188
0.00924527
0.00918931
0.00913136
0.00907506
0.0090283
0.00899398
0.00895494
0.0089026
0.00885075
0.0088266
0.00885082
0.00887751
0.00884878
0.0087973
0.00877823
0.00878143
0.008772
0.00873744
0.00868873
0.00863932
0.00859364
0.00855484
0.00852047
0.00848149
0.0084349
0.00839236
0.00836355
0.00833888
0.00830434
0.00826034
0.00821706
0.00817643
0.00813339
0.00809215
0.00806275
0.00805364
0.00806568
0.00808921
0.00811256
0.00811659
0.00808409
0.00804629
0.00802777
0.00800889
0.00797785
0.00794259
0.00790951
0.00787778
0.00784259
0.00780485
0.00776701
0.00772946
0.00769274
0.00766048
0.0076307
0.007597
0.00756116
0.00752974
0.00750284
0.00747537
0.0074452
0.00741333
0.00738048
0.00734671
0.00731775
0.00729338
0.00726794
0.0072425
0.0072147
0.00718269
0.00715243
0.00712431
0.00709602
0.00706589
0.00703541
0.00701226
0.00700509
0.00700124
0.0069743
0.0069525
0.00695087
0.00695246
0.00694175
0.00691646
0.00688875
0.00687324
0.00685876
0.00683156
0.00680915
0.00680392
0.00680765
0.00680156
0.00677686
0.00675822
0.00678982
0.00686216
0.00690445
0.00689326
0.00686622
0.00684874
0.0068354
0.00681754
0.006796
0.00677416
0.0067534
0.00673306
0.00671103
0.0066859
0.00666227
0.00664645
0.00663585
0.00662508
0.00661137
0.00659417
0.0065737
0.00654957
0.00653106
0.00653676
0.00657221
0.0066261
0.00668473
0.00673659
0.00676736
0.00676505
0.00674182
0.00672395
0.00672295
0.00673014
0.00673324
0.00672575
0.00670793
0.00668646
0.00666576
0.00664577
0.00662357
0.00660108
0.00658006
0.00655816
0.00653582
0.00651366
0.00649179
0.00647085
0.00644994
0.0064284
0.00640694
0.00638567
0.00636449
0.00634463
0.00632767
0.00630848
0.00628938
0.00628246
0.00628011
0.00626726
0.00624702
0.00623458
0.0062266
0.00620948
0.00619144
0.00618524
0.0061831
0.00617352
0.00615591
0.00613703
0.00612483
0.00612939
0.00615325
0.00617204
0.00616585
0.00614701
0.00613047
0.00611629
0.0061075
0.00611644
0.00614486
0.00616683
0.00616968
0.00616419
0.00615784
0.00615002
0.00613823
0.00612283
0.0061059
0.00608827
0.00607052
0.00605655
0.00604812
0.00604327
0.00604211
0.00604465
0.00605117
0.0060644
0.00608207
0.00608958
0.0060788
0.0060617
0.00604491
0.00603487
0.0060354
0.00603513
0.00602397
0.00600933
0.00602528
0.00606612
0.00609841
0.00610955
0.00610789
0.00610196
0.00609405
0.00608192
0.00606533
0.00605242
0.00604082
0.00602587
0.00600977
0.00599356
0.00597754
0.00596189
0.00594611
0.00593023
0.00591452
0.00589884
0.00588402
0.00587564
0.00587165
0.00586068
0.00584541
0.00583016
0.00581598
0.00580191
0.00578686
0.00577506
0.00577271
0.00577054
0.0057592
0.00574453
0.00573046
0.0057173
0.00570441
0.00569306
0.00568441
0.00567597
0.00566468
0.00565128
0.0056374
0.00562485
0.00561977
0.00562148
0.00561676
0.00560443
0.00559068
0.00557899
0.00556826
0.00555517
0.00554163
0.00552813
0.00551534
0.00550272
0.0054895
0.00548023
0.00547643
0.00547157
0.00546055
0.00544859
0.00544809
0.00545343
0.00544637
0.00543394
0.005427
0.00541859
0.00540752
0.00539644
0.00538663
0.00537711
0.00536626
0.00535454
0.00534281
0.00533086
0.00531872
0.00531065
0.00530942
0.00530835
0.00530045
0.00528877
0.00527675
0.00526507
0.00525394
0.00524268
0.00523087
0.005222
0.00522224
0.00523552
0.0052637
0.00530089
0.00532849
0.00533467
0.00532636
0.00531474
0.005311
0.00532571
0.00535462
0.00538562
0.00541393
0.00543479
0.00544425
0.00544403
0.00543774
0.00542812
0.00541681
0.00540524
0.00539663
0.00539902
0.00541768
0.00544747
0.00548242
0.00551115
0.00552165
0.00551567
0.00550403
0.00549621
0.00549456
0.00549499
0.0054936
0.00548898
0.00548047
0.00546969
0.00545841
0.00544711
0.00543663
0.00542766
0.00541735
0.00540681
0.00539896
0.00538911
0.00537829
0.00536877
0.00535838
0.00534752
0.00533708
0.00532645
0.00531571
0.00530509
0.00529443
0.00528409
0.0052754
0.00526948
0.0052641
0.00525525
0.00524501
0.00523672
0.00522753
0.00521753
0.00520846
0.00520318
0.00519922
0.00519144
0.00518137
0.00517127
0.00516136
0.00515139
0.00514191
0.0051355
0.00513347
0.0051316
0.00512455
0.00511484
0.00511015
0.00510792
0.00510216
0.00509282
0.00508354
0.00507446
0.00506498
0.00505792
0.00505237
0.00504629
0.00503941
0.00503168
0.00502328
0.00501469
0.005006
0.00499673
0.00498822
0.00498265
0.00497855
0.00497182
0.00496268
0.00495854
0.00496007
0.00495806
0.0049504
0.00494135
0.00493237
0.00492339
0.00491444
0.00490565
0.00489749
0.00489061
0.00488538
0.00488073
0.00487464
0.00486713
0.0048596
0.00485427
0.00485406
0.0048564
0.00485433
0.00484667
0.00483877
0.00483458
0.00483116
0.00482539
0.0048172
0.00480919
0.00480289
0.00479674
0.0047889
0.00478077
0.00477406
0.00476821
0.00476312
0.00475693
0.00474872
0.00474169
0.00473627
0.00473031
0.00472294
0.00471499
0.00470693
0.00469895
0.00469229
0.00468857
0.00468503
0.00467844
0.00467056
0.00466543
0.00466477
0.00466505
0.00466198
0.00465555
0.00464787
0.00464013
0.00463301
0.0046263
0.00461915
0.00461153
0.00460412
0.00459845
0.00459449
0.00459
0.00458326
0.00457583
0.00457046
0.0045669
0.00456306
0.00455762
0.00455128
0.00454567
0.00454312
0.00454533
0.00454719
0.00454118
0.00453672
0.00454453
0.00455923
0.00457275
0.00458116
0.00458264
0.00457895
0.00457311
0.00456653
0.00455955
0.0045523
0.00454707
0.00454704
0.00454918
0.00454755
0.00454215
0.00453563
0.00452933
0.00452362
0.00451742
0.00451033
0.00450448
0.00450145
0.00450067
0.00450082
0.00450096
0.00449917
0.00449351
0.00448669
0.00448162
0.00447759
0.00447459
0.00447322
0.00447104
0.00446508
0.00445856
0.00445315
0.00444665
0.00444021
0.00443467
0.00442838
0.00442166
0.00441509
0.0044086
0.00440285
0.00439922
0.00439611
0.00439047
0.00438389
0.00437781
0.00437169
0.00436538
0.00435905
0.00435256
0.00434647
0.00434077
0.0043345
0.00432807
0.00432173
0.00431595
0.00431072
0.00430519
0.00429894
0.00429277
0.00428723
0.0042825
0.00427959
0.00427782
0.00427303
0.00426709
0.00426595
0.00427206
0.00428146
0.00428554
0.00428096
0.00427544
0.00427215
0.00426819
0.00426255
0.00425644
0.00425036
0.00424427
0.00423821
0.00423216
0.00422618
0.00422018
0.00421458
0.00421111
0.0042096
0.00420876
0.00420808
0.00420561
0.00420021
0.00419465
0.00419016
0.00418474
0.00417904
0.00417508
0.00417244
0.00416902
0.00416364
0.00415815
0.00415352
0.00414789
0.00414262
0.00413791
0.00413256
0.00412686
0.00412159
0.00411674
0.00411211
0.00410838
0.0041063
0.00410448
0.00410123
0.00409714
0.00409303
0.00408846
0.004083
0.0040775
0.00407197
0.00406702
0.00406245
0.00405696
0.00405355
0.00405403
0.00405641
0.00405631
0.0040521
0.00404668
0.00404176
0.00403725
0.00403327
0.00402978
0.00402716
0.00402663
0.00402747
0.00402602
0.00402123
0.00401624
0.00401245
0.0040084
0.00400335
0.0039981
0.00399285
0.00398833
0.00398642
0.003984
0.0039788
0.00397675
0.00397755
0.0039757
0.0039707
0.00396674
0.00396565
0.00396498
0.00396186
0.00395678
0.00395286
0.00395062
0.00394705
0.00394199
0.00393747
0.00393256
0.00392826
0.00392515
0.00392031
0.00391661
0.00391545
0.00391317
0.00390868
0.00390376
0.00389945
0.00389633
0.00389249
0.00388758
0.00388319
0.00387891
0.00387425
0.00386954
0.00386565
0.00386374
0.00386383
0.00386406
0.0038615
0.00385671
0.00385285
0.00384873
0.003844
0.0038405
0.00383806
0.0038357
0.00383281
0.00382909
0.0038247
0.00381999
0.00381575
0.00381373
0.00381533
0.00381848
0.00382021
0.00381979
0.00381703
0.00381246
0.00380869
0.00380701
0.00380496
0.00380063
0.00379663
0.0037934
0.00378897
0.0037848
0.00378151
0.00377785
0.00377345
0.00376891
0.00376458
0.00376211
0.00376285
0.00376652
0.00377274
0.00377914
0.00378097
0.0037772
0.0037737
0.00377547
0.00378748
0.00381072
0.00382752
0.00382766
0.00382322
0.00382018
0.00381603
0.00381203
0.00381074
0.00381133
0.00380995
0.00380556
0.00380318
0.0038048
0.00380559
0.00380161
0.00380085
0.0038117
0.00382235
0.00382261
0.00381828
0.00382188
0.00383848
0.00385908
0.00387097
0.00387072
0.00386629
0.00386382
0.00386193
0.00385965
0.00385686
0.00385325
0.00384916
0.00384487
0.00384051
0.00383669
0.00383329
0.00382924
0.00382528
0.00382503
0.00382828
0.00382954
0.00382641
0.00382241
0.00382222
0.00382597
0.00382928
0.00382889
0.00382533
0.00382119
0.00381899
0.00381778
0.00381481
0.00381069
0.00380645
0.00380226
0.00379851
0.00379616
0.00379489
0.00379196
0.00378777
0.00378524
0.00378563
0.00378688
0.00378566
0.00378171
0.00377845
0.00377772
0.00377688
0.00377384
0.00376972
0.00376588
0.00376201
0.00375791
0.00375387
0.00374991
0.00374616
0.00374343
0.00374185
0.00373959
0.00373608
0.00373206
0.00372808
0.00372426
0.00372074
0.00371747
0.0037141
0.00371052
0.00370671
0.00370274
0.00369896
0.0036958
0.00369366
0.00369336
0.00369594
0.00370013
0.00370283
0.00370205
0.00369827
0.00369645
0.00370176
0.00371109
0.00371585
0.00371364
0.00370976
0.00370645
0.00370271
0.00369926
0.00369782
0.00369624
0.00369274
0.00368907
0.00368666
0.00368574
0.00368581
0.00368571
0.00368446
0.00368133
0.00367752
0.00367393
0.00367012
0.00366652
0.00366316
0.0036599
0.00365646
0.00365272
0.00364934
0.00364889
0.0036524
0.00365702
0.00365913
0.00365685
0.00365321
0.00365104
0.00364851
0.00364488
0.00364142
0.00363839
0.00363486
0.00363131
0.00362859
0.00362606
0.00362323
0.00362017
0.00361679
0.00361314
0.00360964
0.00360642
0.00360319
0.00359974
0.00359613
0.00359253
0.00358903
0.00358559
0.00358233
0.00358046
0.00358276
0.00358638
0.00358528
0.00358174
0.0035786
0.00357612
0.00357382
0.00357123
0.00356797
0.00356446
0.00356151
0.00355875
0.0035555
0.00355202
0.00354939
0.00354767
0.00354529
0.00354215
0.00353886
0.00353546
0.00353205
0.00352954
0.00352797
0.00352593
0.00352319
0.00352031
0.00351773
0.00351557
0.00351329
0.00351046
0.00350737
0.0035043
0.00350096
0.00349832
0.00349786
0.00349782
0.00349749
0.00349713
0.00349668
0.00349654
0.00349609
0.00349372
0.00349039
0.00348938
0.00349225
0.00349515
0.00349649
0.00349687
0.00349631
0.00349483
0.00349258
0.00348979
0.003487
0.00348533
0.00348599
0.00348707
0.00348566
0.00348237
0.00348123
0.0034848
0.00348992
0.0034931
0.00349385
0.00349326
0.00349192
0.00348961
0.00348654
0.00348327
0.00348036
0.00347933
0.00348113
0.0034834
0.00348338
0.00348088
0.00347764
0.0034747
0.00347148
0.00346882
0.00346724
0.00346543
0.00346266
0.00345952
0.00345847
0.00346128
0.00346491
0.00346499
0.00346186
0.00346057
0.00346349
0.00346767
0.00346818
0.00346522
0.00346254
0.00346056
0.00345799
0.00345485
0.0034518
0.00344885
0.00344589
0.00344285
0.00343973
0.00343665
0.00343374
0.00343085
0.00342776
0.00342474
0.00342182
0.00341873
0.00341629
0.00341461
0.00341227
0.0034092
0.003407
0.0034062
0.0034058
0.00340435
0.00340172
0.00339869
0.00339569
0.00339282
0.00339025
0.00338804
0.0033858
0.0033832
0.00338023
0.0033773
0.00337443
0.00337147
0.00336982
0.00337002
0.00336907
0.00336614
0.00336426
0.00336337
0.00336143
0.00335873
0.0033559
0.003353
0.00335045
0.0033513
0.00335469
0.00335697
0.00335769
0.00335757
0.00335649
0.00335422
0.00335131
0.00334854
0.00334603
0.0033436
0.00334126
0.00333924
0.00333801
0.00333808
0.00333949
0.0033416
0.00334264
0.00334091
0.00333803
0.00333568
0.00333348
0.00333128
0.00332961
0.00332905
0.00332894
0.00332787
0.00332541
0.00332269
0.00332178
0.00332318
0.00332416
0.00332291
0.00332054
0.00331797
0.00331523
0.00331252
0.00331074
0.00330922
0.00330691
0.00330417
0.00330137
0.00329866
0.00329647
0.0032952
0.00329347
0.00329072
0.00328817
0.00328559
0.00328284
0.00328039
0.00327778
0.00327502
0.00327228
0.0032696
0.00326696
0.00326422
0.00326184
0.00326026
0.0032591
0.00325746
0.00325489
0.00325248
0.00325086
0.0032486
0.00324593
0.00324372
0.00324159
0.00323931
0.00323695
0.00323453
0.00323216
0.0032303
0.0032292
0.00322803
0.00322598
0.00322333
0.00322218
0.0032249
0.00323032
0.00323424
0.00323418
0.00323165
0.00322964
0.00322926
0.00322902
0.00322742
0.00322498
0.00322243
0.00322006
0.00321803
0.00321595
0.00321334
0.00321128
0.00320958
0.0032072
0.00320462
0.00320225
0.00319972
0.0031972
0.00319481
0.00319225
0.00318978
0.00318762
0.0031854
0.00318285
0.00318056
0.0031787
0.00317646
0.003174
0.00317319
0.00317437
0.00317512
0.00317398
0.0031717
0.00316919
0.00316717
0.00316552
0.00316363
0.00316147
0.00315913
0.00315673
0.00315454
0.00315275
0.00315091
0.00314864
0.00314616
0.00314391
0.0031421
0.00314015
0.00313774
0.00313538
0.00313345
0.00313139
0.00312894
0.00312684
0.00312547
0.00312495
0.00312522
0.00312494
0.00312295
0.00312056
0.00311843
0.00311625
0.003114
0.00311161
0.00310923
0.00310706
0.00310514
0.00310326
0.00310089
0.00309887
0.00309776
0.00309702
0.00309602
0.00309438
0.0030922
0.00308984
0.00308828
0.00308739
0.0030856
0.00308322
0.0030812
0.00307925
0.00307694
0.0030748
0.00307383
0.00307379
0.00307309
0.00307137
0.00306913
0.00306683
0.00306521
0.00306507
0.00306554
0.00306459
0.00306266
0.0030607
0.00305912
0.00305756
0.00305543
0.00305312
0.00305094
0.00304874
0.00304646
0.00304417
0.00304193
0.00303967
0.00303745
0.00303572
0.00303425
0.00303224
0.00303
0.00302822
0.0030266
0.00302475
0.00302265
0.00302041
0.00301818
0.00301627
0.00301444
0.00301221
0.00301139
0.00301157
0.00301072
0.00300854
0.00300698
0.00300627
0.00300457
0.00300234
0.00300071
0.00300016
0.00299991
0.00299902
0.00299758
0.00299605
0.00299449
0.00299248
0.00299035
0.00298895
0.00298731
0.00298511
0.00298323
0.00298142
0.00297965
0.00297823
0.00297684
0.00297484
0.00297272
0.00297137
0.00297149
0.00297255
0.00297286
0.00297231
0.00297153
0.00297026
0.00296811
0.00296696
0.00296691
0.00296642
0.00296483
0.00296271
0.00296104
0.00295899
0.00295714
0.00295584
0.00295409
0.00295197
0.00294998
0.00294844
0.00294716
0.00294581
0.00294428
0.00294242
0.00294032
0.00293886
0.00293774
0.00293573
0.00293448
0.00293481
0.00293337
0.00293159
0.00293132
0.00293085
0.0029293
0.00292725
0.00292518
0.00292312
0.00292105
0.00291908
0.00291705
0.00291499
0.002913
0.00291103
0.00290907
0.00290712
0.00290511
0.00290307
0.00290131
0.00289998
0.00289852
0.00289655
0.0028946
0.00289285
0.00289087
0.00288921
0.0028895
0.0028914
0.00289233
0.00289113
0.0028891
0.00288725
0.00288534
0.00288341
0.00288195
0.00288199
0.00288275
0.00288241
0.00288065
0.00287883
0.00287775
0.0028764
0.00287444
0.00287274
0.00287215
0.00287249
0.002872
0.00287034
0.00286836
0.00286645
0.00286472
0.00286301
0.00286125
0.0028598
0.00285825
0.00285629
0.0028545
0.00285269
0.00285073
0.00284882
0.00284689
0.00284533
0.00284416
0.0028432
0.00284213
0.00284052
0.00283859
0.00283744
0.00283762
0.0028378
0.0028366
0.00283467
0.0028331
0.00283202
0.00283145
0.0028313
0.00283115
0.00283057
0.00282915
0.00282725
0.00282637
0.00282699
0.00282768
0.00282723
0.00282611
0.00282552
0.00282654
0.00282864
0.00282955
0.00282814
0.00282656
0.00282739
0.0028308
0.00283477
0.00283732
0.00283814
0.00283795
0.00283702
0.00283518
0.00283423
0.00283659
0.0028402
0.00284095
0.00283919
0.00283767
0.00283652
0.00283495
0.00283307
0.00283132
0.00282959
0.00282773
0.00282587
0.00282406
0.0028222
0.00282042
0.00281927
0.00281929
0.00282041
0.00282106
0.00281991
0.00281806
0.00281675
0.00281583
0.00281464
0.00281295
0.00281111
0.00280928
0.00280746
0.00280562
0.00280379
0.00280202
0.00280089
0.00280078
0.00280059
0.0027995
0.00279781
0.002796
0.00279418
0.00279237
0.00279057
0.00278877
0.00278704
0.00278539
0.0027837
0.00278191
0.00278015
0.00277921
0.00278079
0.00278437
0.00278681
0.00278652
0.00278483
0.00278311
0.00278173
0.00278115
0.00278201
0.00278372
0.00278465
0.00278451
0.00278353
0.0027819
0.00278016
0.0027785
0.00277693
0.00277531
0.00277357
0.00277183
0.00277053
0.00276995
0.00276964
0.00276944
0.00277004
0.00277172
0.00277281
0.00277209
0.00277042
0.00276868
0.00276708
0.0027659
0.00276537
0.00276503
0.00276418
0.00276265
0.00276095
0.00275988
0.00275913
0.00275771
0.00275605
0.00275572
0.00275696
0.00275782
0.00275674
0.00275513
0.00275544
0.00275773
0.00275951
0.0027592
0.0027576
0.00275601
0.00275522
0.00275532
0.00275513
0.00275354
0.00275214
0.0027512
0.00275014
0.00274895
0.00274768
0.00274616
0.00274445
0.002743
0.00274183
0.00274033
0.00273864
0.00273694
0.00273526
0.00273385
0.00273323
0.00273276
0.00273142
0.00272974
0.00272816
0.00272648
0.00272482
0.00272316
0.00272153
0.00271998
0.00271847
0.00271703
0.00271558
0.00271393
0.00271247
0.00271155
0.00271036
0.0027087
0.00270744
0.00270651
0.00270565
0.00270462
0.00270332
0.0027019
0.00270046
0.0026989
0.00269726
0.00269571
0.00269415
0.00269253
0.0026909
0.00268941
0.00268827
0.00268706
0.00268554
0.00268399
0.0026829
0.00268323
0.00268483
0.00268535
0.00268393
0.00268267
0.00268194
0.00268053
0.00267898
0.00267766
0.00267605
0.00267523
0.00267659
0.00267843
0.00267805
0.00267647
0.00267634
0.00267756
0.00267933
0.00268106
0.00268136
0.00268004
0.00267855
0.00267777
0.0026773
0.0026763
0.00267478
0.00267322
0.00267201
0.00267078
0.00266927
0.00266917
0.00267022
0.002671
0.00267132
0.00267123
0.00267032
0.00266874
0.0026676
0.00266675
0.00266543
0.00266386
0.00266229
0.00266082
0.00265993
0.00265919
0.00265798
0.00265643
0.00265512
0.00265443
0.00265383
0.00265281
0.00265132
0.00264992
0.0026496
0.00265012
0.0026494
0.00264796
0.00264871
0.00265087
0.00265141
0.00265016
0.00264869
0.00264795
0.00264778
0.00264694
0.00264541
0.00264494
0.002645
0.00264386
0.00264245
0.00264162
0.00264059
0.00263907
0.00263799
0.00263786
0.00263798
0.00263763
0.0026366
0.00263524
0.00263381
0.00263239
0.00263099
0.00262949
0.00262805
0.00262668
0.00262524
0.00262381
0.00262257
0.00262197
0.00262248
0.00262328
0.00262311
0.00262198
0.0026205
0.002619
0.00261751
0.00261603
0.00261455
0.0026131
0.00261211
0.0026117
0.00261175
0.00261205
0.00261173
0.00261036
0.00260931
0.00260973
0.00260968
0.00260823
0.00260729
0.00260741
0.0026079
0.00260771
0.00260654
0.00260507
0.00260363
0.00260266
0.00260271
0.0026029
0.00260272
0.00260187
0.00260047
0.00259909
0.0025981
0.00259723
0.00259623
0.00259487
0.00259355
0.00259285
0.00259202
0.00259071
0.00258927
0.00258782
0.0025864
0.00258505
0.00258375
0.00258237
0.00258093
0.0025797
0.00257887
0.00257809
0.00257683
0.00257542
0.002574
0.00257278
0.00257206
0.00257122
0.00256993
0.00256851
0.00256714
0.00256573
0.00256431
0.00256293
0.00256156
0.00256018
0.00255877
0.00255763
0.00255702
0.00255641
0.00255542
0.00255418
0.00255288
0.00255152
0.00255012
0.00254878
0.0025476
0.00254635
0.00254495
0.00254371
0.00254265
0.00254141
0.00254002
0.00253891
0.00253846
0.0025384
0.0025381
0.00253725
0.00253595
0.00253456
0.00253318
0.00253181
0.00253043
0.00252913
0.00252824
0.0025279
0.00252751
0.00252647
0.0025251
0.00252381
0.00252254
0.00252117
0.00252025
0.00251995
0.00251922
0.00251786
0.00251693
0.00251671
0.0025164
0.00251566
0.00251461
0.00251337
0.00251202
0.00251068
0.00250937
0.00250813
0.00250689
0.00250555
0.00250423
0.00250297
0.00250163
0.00250058
0.00250002
0.00249918
0.00249787
0.00249673
0.00249619
0.00249574
0.00249474
0.00249341
0.00249243
0.00249144
0.00249013
0.00248887
0.00248765
0.00248634
0.00248505
0.00248396
0.00248303
0.00248208
0.00248107
0.00248019
0.00247971
0.00247974
0.00247986
0.0024793
0.00247808
0.00247681
0.00247574
0.00247494
0.0024745
0.00247432
0.00247385
0.00247268
0.0024715
0.00247089
0.00247035
0.00246947
0.00246834
0.00246707
0.00246577
0.00246448
0.00246319
0.0024619
0.00246087
0.0024602
0.00245939
0.00245822
0.00245694
0.00245565
0.00245437
0.00245309
0.00245206
0.00245165
0.00245145
0.00245114
0.00245086
0.00245046
0.00244942
0.00244834
0.00244911
0.00245106
0.00245167
0.00245077
0.0024495
0.00244823
0.002447
0.00244595
0.00244499
0.00244391
0.00244272
0.00244149
0.00244031
0.00243929
0.00243839
0.00243738
0.00243618
0.00243493
0.00243384
0.00243308
0.00243236
0.00243124
0.00243
0.00242878
0.00242755
0.0024265
0.00242536
0.00242414
0.00242325
0.0024223
0.00242108
0.00241999
0.00241947
0.00241931
0.00241868
0.00241748
0.00241632
0.00241526
0.00241421
0.00241327
0.00241245
0.00241149
0.00241028
0.00240911
0.00240798
0.00240679
0.00240662
0.00240831
0.00240922
0.00240802
0.00240795
0.00240814
0.00240694
0.00240673
0.0024074
0.00240707
0.00240588
0.00240501
0.00240492
0.00240474
0.00240389
0.00240277
0.00240165
0.00240053
0.00239939
0.0023982
0.00239699
0.00239585
0.00239484
0.0023939
0.00239293
0.0023918
0.0023906
0.00238942
0.00238823
0.00238713
0.00238598
0.0023848
0.00238382
0.00238348
0.00238408
0.00238508
0.00238554
0.00238509
0.00238399
0.00238292
0.00238247
0.00238227
0.00238152
0.00238044
0.00237938
0.00237859
0.00237789
0.00237712
0.00237657
0.00237631
0.00237569
0.00237452
0.00237374
0.00237367
0.00237361
0.00237308
0.00237206
0.00237089
0.00236978
0.00236925
0.00236991
0.00237077
0.00237029
0.00236914
0.00236887
0.00236914
0.00236889
0.00236813
0.0023673
0.00236658
0.00236563
0.00236448
0.00236378
0.0023635
0.00236335
0.00236326
0.00236289
0.00236216
0.00236115
0.00236
0.00235917
0.00235892
0.00235887
0.00235863
0.00235806
0.00235705
0.00235602
0.00235649
0.00235896
0.00236132
0.00236171
0.00236063
0.00236016
0.00236159
0.00236277
0.0023623
0.00236116
0.0023608
0.00236126
0.00236116
0.00236012
0.00235908
0.00235818
0.00235715
0.00235602
0.0023549
0.00235406
0.0023543
0.002356
0.0023579
0.00235835
0.00235742
0.00235642
0.00235626
0.00235682
0.00235729
0.00235702
0.00235616
0.00235511
0.00235406
0.00235314
0.00235254
0.00235247
0.00235288
0.00235326
0.00235285
0.00235173
0.00235133
0.00235255
0.0023534
0.00235319
0.00235256
0.00235193
0.00235151
0.00235078
0.00234971
0.00234989
0.00235103
0.00235102
0.00234991
0.00234977
0.00235043
0.00235006
0.00234895
0.00234842
0.00234841
0.00234834
0.00234813
0.00234797
0.00234798
0.00234782
0.00234711
0.00234609
0.00234503
0.00234393
0.00234289
0.00234212
0.00234163
0.00234143
0.00234087
0.0023398
0.00233878
0.00233778
0.00233669
0.0023356
0.00233451
0.00233343
0.00233238
0.0023313
0.00233038
0.0023302
0.00232996
0.0023291
0.00232802
0.00232693
0.00232598
0.00232561
0.0023252
0.00232416
0.00232342
0.00232391
0.00232488
0.00232507
0.00232457
0.0023238
0.00232286
0.00232181
0.00232073
0.00231974
0.00231901
0.00231846
0.00231754
0.00231648
0.00231543
0.00231436
0.00231331
0.00231225
0.00231118
0.00231013
0.00230918
0.00230853
0.00230816
0.00230785
0.00230737
0.00230648
0.00230545
0.00230493
0.00230459
0.00230372
0.00230268
0.00230186
0.00230118
0.00230035
0.0022993
0.00229843
0.00229804
0.00229766
0.00229675
0.00229578
0.00229504
0.00229401
0.00229339
0.00229354
0.00229345
0.00229256
0.00229178
0.00229272
0.00229512
0.00229713
0.00229783
0.0022977
0.00229753
0.00229758
0.00229726
0.0022963
0.00229542
0.00229547
0.00229691
0.0022994
0.0023015
0.00230208
0.00230165
0.00230106
0.00230061
0.00230003
0.00229912
0.00229809
0.00229753
0.00229778
0.00229832
0.00229827
0.00229747
0.00229643
0.00229549
0.0022945
0.00229348
0.00229261
0.00229186
0.00229092
0.00229
0.00228961
0.00228906
0.00228809
0.00228711
0.00228654
0.00228668
0.00228693
0.00228655
0.00228568
0.00228468
0.00228366
0.00228268
0.00228197
0.0022818
0.00228191
0.00228188
0.00228163
0.00228118
0.0022805
0.00227959
0.00227857
0.0022776
0.00227675
0.00227616
0.00227595
0.0022763
0.00227709
0.00227749
0.00227689
0.00227592
0.00227492
0.002274
0.00227334
0.00227279
0.00227206
0.00227114
0.00227014
0.00226919
0.00226841
0.00226772
0.00226706
0.00226618
0.00226521
0.00226455
0.00226383
0.00226283
0.00226236
0.00226278
0.00226268
0.00226169
0.00226132
0.00226177
0.00226183
0.00226104
0.00226006
0.00225915
0.00225821
0.00225723
0.00225626
0.00225543
0.0022546
0.00225364
0.00225352
0.00225421
0.00225412
0.00225316
0.00225238
0.00225186
0.00225126
0.00225032
0.00224953
0.00224941
0.00224968
0.00224988
0.00224949
0.00224852
0.00224773
0.00224696
0.002246
0.00224505
0.00224409
0.00224312
0.00224215
0.00224119
0.00224028
0.00223947
0.00223861
0.00223764
0.00223671
0.00223592
0.00223517
0.00223423
0.00223331
0.00223256
0.00223205
0.00223165
0.00223101
0.00223005
0.00222934
0.00222918
0.00222943
0.00222974
0.00222946
0.00222853
0.00222785
0.0022278
0.0022281
0.00222845
0.00222845
0.00222795
0.00222717
0.0022263
0.00222552
0.0022251
0.00222499
0.0022244
0.00222346
0.00222272
0.0022221
0.00222162
0.00222153
0.00222192
0.00222229
0.00222195
0.00222107
0.00222013
0.0022192
0.0022183
0.00221737
0.00221663
0.00221591
0.00221521
0.00221451
0.00221371
0.00221284
0.00221197
0.00221113
0.00221022
0.00220937
0.0022093
0.00221036
0.0022119
0.00221295
0.00221295
0.0022123
0.00221155
0.00221076
0.00220983
0.00220903
0.00220813
0.00220722
0.00220639
0.00220553
0.0022046
0.00220397
0.00220429
0.00220509
0.0022052
0.00220437
0.00220399
0.00220605
0.00220978
0.00221258
0.0022137
0.00221365
0.00221285
0.00221198
0.00221132
0.00221058
0.00220969
0.00220877
0.00220787
0.00220718
0.00220718
0.00220764
0.00220746
0.00220657
0.00220577
0.002205
0.00220409
0.00220318
0.00220227
0.00220141
0.00220063
0.00219978
0.00219892
0.00219871
0.00219929
0.00219982
0.00219964
0.00219884
0.00219795
0.00219722
0.00219665
0.00219611
0.00219544
0.00219461
0.00219372
0.00219285
0.00219228
0.00219243
0.0021929
0.00219256
0.00219166
0.00219089
0.00218999
0.00218933
0.00218898
0.00218855
0.00218782
0.00218695
0.00218605
0.0021852
0.00218454
0.00218413
0.00218361
0.00218282
0.00218196
0.0021811
0.00218022
0.00217935
0.00217857
0.00217771
0.00217688
0.00217632
0.00217567
0.00217488
0.0021742
0.00217394
0.00217377
0.00217302
0.0021722
0.00217163
0.002171
0.00217019
0.00216932
0.00216843
0.00216765
0.00216723
0.00216687
0.00216618
0.00216531
0.00216443
0.00216357
0.00216274
0.0021619
0.00216104
0.00216017
0.00215931
0.00215852
0.00215769
0.00215685
0.00215616
0.00215534
0.0021546
0.00215466
0.00215514
0.0021552
0.00215473
0.00215398
0.00215316
0.00215229
0.00215158
0.00215145
0.00215184
0.0021519
0.00215122
0.00215039
0.00214982
0.00214941
0.002149
0.00214849
0.00214789
0.00214713
0.00214629
0.00214582
0.00214583
0.00214602
0.00214593
0.00214529
0.00214445
0.00214396
0.00214362
0.00214298
0.00214214
0.00214129
0.00214045
0.00213963
0.00213881
0.00213797
0.00213712
0.00213628
0.00213545
0.00213471
0.00213408
0.00213366
0.00213359
0.00213343
0.00213267
0.00213198
0.00213189
0.00213198
0.00213164
0.0021309
0.00213006
0.00212931
0.00212865
0.00212804
0.00212748
0.00212694
0.00212636
0.00212569
0.00212489
0.00212407
0.00212339
0.00212277
0.00212201
0.00212118
0.00212044
0.00211981
0.00211922
0.0021185
0.00211767
0.00211687
0.00211604
0.00211526
0.00211449
0.00211366
0.00211295
0.00211236
0.00211168
0.00211091
0.00211012
0.00210934
0.00210853
0.00210798
0.0021076
0.00210712
0.00210661
0.00210612
0.00210553
0.00210485
0.00210408
0.00210327
0.00210259
0.00210197
0.00210134
0.00210071
0.0021
0.00209922
0.00209841
0.0020976
0.00209692
0.00209651
0.00209607
0.00209528
0.00209469
0.00209452
0.00209414
0.00209341
0.0020926
0.00209181
0.00209108
0.00209027
0.00208974
0.00209008
0.00209136
0.00209276
0.0020929
0.0020921
0.00209221
0.00209359
0.00209498
0.00209575
0.00209606
0.00209611
0.00209594
0.0020955
0.00209486
0.00209413
0.00209335
0.00209259
0.00209233
0.00209292
0.00209411
0.00209551
0.00209725
0.00209981
0.0021031
0.00210623
0.00210828
0.00210902
0.00210868
0.00210787
0.00210748
0.0021077
0.00210808
0.00210814
0.00210769
0.00210696
0.00210616
0.0021054
0.00210491
0.00210484
0.00210472
0.0021041
0.00210335
0.00210309
0.00210294
0.00210261
0.00210222
0.00210193
0.00210177
0.00210133
0.00210053
0.00210025
0.00210097
0.00210241
0.00210393
0.00210484
0.00210484
0.00210421
0.00210342
0.00210265
0.00210189
0.00210121
0.00210067
0.00210013
0.00209943
0.00209864
0.00209788
0.00209714
0.00209636
0.00209574
0.00209542
0.00209485
0.00209407
0.0020933
0.00209252
0.00209177
0.00209129
0.00209083
0.00209011
0.00208933
0.00208855
0.00208777
0.00208703
0.00208667
0.00208665
0.00208644
0.00208582
0.00208505
0.0020843
0.00208359
0.00208288
0.00208214
0.00208137
0.00208062
0.00208018
0.00208027
0.00208054
0.00208031
0.00207954
0.00207926
0.00207962
0.00207977
0.00207947
0.00207888
0.00207823
0.00207771
0.00207725
0.00207653
0.0020758
0.00207514
0.00207437
0.00207363
0.00207287
0.00207215
0.00207171
0.00207167
0.00207153
0.00207103
0.00207034
0.00206959
0.00206883
0.0020681
0.00206739
0.00206663
0.00206593
0.00206547
0.00206523
0.0020648
0.00206405
0.00206337
0.00206267
0.00206192
0.00206116
0.0020604
0.00205967
0.00205903
0.0020584
0.00205767
0.00205696
0.00205655
0.00205646
0.00205625
0.00205568
0.00205493
0.0020543
0.00205408
0.00205411
0.00205376
0.00205302
0.00205246
0.00205193
0.00205118
0.00205058
0.00205031
0.00205033
0.00205042
0.00205007
0.00204934
0.00204957
0.00205056
0.0020505
0.00204975
0.00204938
0.00204937
0.0020494
0.00204921
0.0020487
0.00204799
0.00204725
0.00204657
0.00204587
0.00204513
0.00204446
0.0020438
0.00204306
0.00204254
0.00204263
0.00204304
0.00204317
0.00204292
0.00204251
0.00204202
0.00204137
0.00204063
0.00203995
0.00203958
0.00203984
0.00204021
0.00203999
0.00203934
0.00203861
0.00203798
0.00203734
0.00203661
0.00203601
0.00203601
0.00203676
0.00203778
0.00203826
0.00203775
0.00203713
0.00203728
0.00203794
0.00203831
0.00203814
0.0020377
0.00203714
0.00203648
0.00203579
0.00203507
0.00203437
0.00203392
0.00203378
0.00203357
0.00203307
0.00203236
0.00203167
0.00203101
0.00203029
0.0020296
0.00202893
0.00202822
0.0020275
0.00202678
0.00202609
0.00202548
0.00202485
0.00202413
0.00202344
0.00202285
0.00202237
0.00202195
0.00202136
0.00202064
0.00202005
0.00201966
0.00201946
0.00201926
0.00201875
0.00201804
0.00201751
0.00201697
0.00201627
0.0020156
0.00201496
0.00201425
0.00201357
0.00201302
0.00201277
0.00201307
0.00201382
0.00201431
0.002014
0.0020133
0.00201289
0.00201279
0.00201266
0.00201256
0.00201278
0.00201301
0.00201254
0.00201187
0.00201156
0.00201145
0.00201134
0.00201124
0.00201102
0.0020105
0.00200979
0.00200917
0.00200863
0.00200799
0.00200729
0.00200659
0.00200589
0.00200527
0.0020049
0.0020046
0.00200411
0.00200345
0.00200275
0.00200207
0.00200138
0.00200073
0.00200006
0.00199938
0.00199898
0.00199946
0.00200072
0.00200152
0.00200118
0.00200052
0.00200043
0.00200068
0.00200058
0.00200005
0.00199936
0.00199875
0.00199841
0.00199815
0.00199762
0.00199695
0.00199686
0.00199756
0.00199833
0.00199851
0.00199814
0.00199753
0.00199686
0.00199617
0.00199556
0.00199517
0.00199517
0.00199538
0.00199533
0.00199485
0.00199417
0.00199349
0.00199282
0.00199222
0.00199197
0.00199224
0.00199261
0.00199243
0.00199182
0.00199115
0.00199061
0.00199049
0.00199091
0.00199152
0.00199173
0.00199132
0.00199064
0.00199011
0.00198985
0.00198958
0.00198906
0.00198839
0.00198773
0.0019872
0.00198693
0.00198665
0.00198615
0.00198552
0.00198485
0.00198417
0.00198351
0.00198287
0.00198222
0.00198155
0.00198091
0.00198032
0.00197971
0.00197904
0.00197839
0.00197781
0.00197724
0.0019766
0.00197595
0.00197546
0.00197518
0.00197496
0.00197464
0.00197407
0.00197342
0.00197307
0.00197299
0.00197295
0.00197279
0.00197249
0.00197201
0.00197137
0.00197071
0.00197013
0.0019695
0.00196885
0.00196837
0.00196804
0.00196768
0.00196712
0.00196646
0.0019658
0.00196514
0.00196448
0.00196383
0.00196317
0.00196253
0.00196189
0.00196123
0.00196058
0.00195994
0.00195932
0.0019588
0.00195842
0.00195788
0.00195724
0.00195678
0.00195638
0.00195585
0.00195522
0.00195458
0.00195396
0.00195348
0.00195302
0.0019524
0.00195179
0.00195135
0.00195092
0.00195051
0.00195019
0.00194974
0.0019491
0.00194872
0.00194834
0.0019477
0.00194721
0.00194715
0.00194732
0.00194694
0.0019463
0.00194584
0.00194534
0.00194471
0.00194409
0.00194354
0.00194303
0.00194255
0.00194204
0.00194142
0.00194085
0.00194061
0.00194055
0.00194028
0.00193975
0.00193912
0.00193848
0.00193784
0.0019372
0.00193656
0.00193599
0.0019354
0.00193477
0.0019343
0.00193387
0.00193326
0.00193268
0.00193238
0.00193229
0.00193203
0.00193151
0.00193094
0.00193035
0.00192972
0.0019292
0.00192905
0.00192906
0.00192887
0.00192847
0.00192804
0.00192764
0.00192716
0.00192655
0.00192592
0.0019253
0.00192468
0.00192406
0.00192344
0.00192284
0.00192232
0.00192213
0.00192232
0.00192237
0.00192208
0.00192164
0.00192121
0.00192093
0.00192085
0.00192089
0.00192074
0.00192022
0.00191959
0.001919
0.00191849
0.00191816
0.00191808
0.00191829
0.00191891
0.00191978
0.00192026
0.00192001
0.0019194
0.0019188
0.00191818
0.00191756
0.00191697
0.00191636
0.00191574
0.00191516
0.00191487
0.00191509
0.00191565
0.00191612
0.0019163
0.00191633
0.00191634
0.00191613
0.00191554
0.00191508
0.0019153
0.00191624
0.00191697
0.00191687
0.00191627
0.00191579
0.00191564
0.00191544
0.00191488
0.00191431
0.0019139
0.00191358
0.00191328
0.00191296
0.00191254
0.00191196
0.00191136
0.00191078
0.0019102
0.0019096
0.00190899
0.00190839
0.00190782
0.00190732
0.00190677
0.00190616
0.0019056
0.00190502
0.0019045
0.00190423
0.00190408
0.00190369
0.0019031
0.00190251
0.00190194
0.00190135
0.00190074
0.00190014
0.00189956
0.00189923
0.0018993
0.0018995
0.00189958
0.0018992
0.0018986
0.00189807
0.00189779
0.00189775
0.00189773
0.00189767
0.00189748
0.00189706
0.00189646
0.0018959
0.00189532
0.00189472
0.00189412
0.00189358
0.00189312
0.00189262
0.00189206
0.00189148
0.0018909
0.00189031
0.00188972
0.00188914
0.00188868
0.00188837
0.00188798
0.0018874
0.00188685
0.00188644
0.00188599
0.00188545
0.00188489
0.00188438
0.00188394
0.00188357
0.00188314
0.00188256
0.00188201
0.00188154
0.00188101
0.00188042
0.00187986
0.00187944
0.00187934
0.00187955
0.00187976
0.0018796
0.00187904
0.00187858
0.00187859
0.00187874
0.00187847
0.00187791
0.00187736
0.00187697
0.00187655
0.00187597
0.00187547
0.0018753
0.00187529
0.00187507
0.00187458
0.001874
0.00187342
0.00187283
0.00187225
0.00187167
0.00187109
0.00187055
0.00187012
0.00186982
0.00186958
0.0018694
0.00186914
0.0018686
0.00186809
0.00186782
0.00186763
0.00186732
0.0018669
0.00186641
0.00186592
0.00186552
0.00186528
0.00186507
0.00186464
0.00186407
0.00186349
0.00186298
0.00186271
0.00186253
0.00186208
0.00186152
0.00186115
0.00186082
0.00186035
0.00185982
0.00185935
0.00185905
0.00185882
0.00185854
0.00185817
0.00185776
0.00185733
0.00185682
0.00185626
0.00185569
0.00185515
0.00185462
0.00185415
0.00185379
0.00185355
0.00185328
0.00185282
0.00185227
0.0018517
0.00185113
0.0018506
0.00185015
0.00184966
0.00184909
0.00184859
0.00184828
0.00184824
0.00184812
0.00184767
0.00184711
0.00184661
0.00184628
0.00184591
0.00184538
0.00184482
0.00184427
0.00184376
0.00184328
0.00184279
0.00184225
0.00184169
0.00184115
0.00184085
0.00184121
0.00184157
0.00184125
0.00184069
0.00184022
0.00183975
0.00183921
0.00183865
0.00183809
0.00183754
0.00183702
0.00183663
0.00183642
0.00183618
0.00183566
0.00183521
0.00183509
0.00183496
0.0018347
0.00183454
0.00183458
0.00183452
0.00183425
0.00183381
0.00183325
0.00183284
0.00183263
0.00183243
0.00183215
0.00183181
0.00183138
0.00183087
0.00183032
0.00182986
0.00182943
0.00182888
0.00182864
0.00182912
0.00183006
0.00183031
0.0018298
0.00182934
0.00182895
0.00182848
0.00182795
0.00182741
0.00182687
0.00182637
0.00182597
0.0018257
0.00182549
0.00182519
0.00182469
0.0018242
0.00182418
0.00182435
0.00182413
0.00182365
0.00182312
0.0018226
0.00182211
0.00182162
0.00182111
0.00182058
0.00182013
0.00181978
0.00181931
0.00181881
0.00181883
0.00181926
0.00181937
0.00181896
0.00181844
0.00181825
0.00181825
0.00181806
0.00181759
0.00181705
0.00181653
0.00181601
0.00181548
0.00181494
0.00181444
0.00181414
0.00181386
0.00181346
0.00181295
0.00181244
0.00181225
0.00181239
0.00181236
0.00181192
0.00181139
0.00181085
0.00181031
0.00180981
0.00180945
0.00180917
0.00180881
0.00180834
0.00180782
0.00180729
0.00180676
0.00180623
0.0018057
0.00180519
0.00180483
0.00180449
0.001804
0.00180349
0.00180315
0.00180292
0.00180268
0.00180243
0.00180232
0.00180238
0.0018022
0.0018017
0.0018012
0.00180081
0.00180049
0.00180025
0.00180014
0.00180016
0.00180011
0.0017998
0.0017993
0.00179878
0.00179827
0.00179774
0.00179726
0.00179692
0.00179673
0.00179645
0.00179593
0.00179556
0.00179525
0.00179474
0.00179434
0.00179407
0.00179371
0.00179332
0.00179294
0.00179254
0.00179206
0.00179154
0.00179124
0.00179111
0.00179075
0.00179024
0.00179001
0.00178977
0.00178925
0.00178949
0.00179071
0.00179123
0.00179079
0.00179046
0.00179079
0.00179142
0.00179176
0.00179158
0.00179108
0.00179063
0.00179042
0.00179031
0.00178993
0.00178942
0.001789
0.0017886
0.0017881
0.00178759
0.00178708
0.00178674
0.00178673
0.00178659
0.00178609
0.00178586
0.0017863
0.00178669
0.00178656
0.00178619
0.00178572
0.00178521
0.00178487
0.00178501
0.00178554
0.00178607
0.00178623
0.00178587
0.00178539
0.00178543
0.00178639
0.00178762
0.00178797
0.00178759
0.00178709
0.00178686
0.00178685
0.00178665
0.00178623
0.00178576
0.00178528
0.00178477
0.0017844
0.00178436
0.00178467
0.00178516
0.00178542
0.00178514
0.00178463
0.00178431
0.00178419
0.00178412
0.00178399
0.00178378
0.00178349
0.00178315
0.00178285
0.00178253
0.00178213
0.00178164
0.00178114
0.00178078
0.00178068
0.00178054
0.00178009
0.0017796
0.00177918
0.00177869
0.0017782
0.00177775
0.00177735
0.00177705
0.00177686
0.00177658
0.00177617
0.0017757
0.00177523
0.00177475
0.00177424
0.00177382
0.00177345
0.00177307
0.00177265
0.00177217
0.00177168
0.00177128
0.00177089
0.00177049
0.00177008
0.00176962
0.00176912
0.00176867
0.00176829
0.00176785
0.00176735
0.00176687
0.00176644
0.00176606
0.0017656
0.00176512
0.00176477
0.00176434
0.00176384
0.00176336
0.00176286
0.00176239
0.00176192
0.00176143
0.00176095
0.00176049
0.00176002
0.00175953
0.00175906
0.00175865
0.00175817
0.00175771
0.00175749
0.00175756
0.00175775
0.00175797
0.00175823
0.00175827
0.00175788
0.00175739
0.00175691
0.00175656
0.00175627
0.00175583
0.00175536
0.00175517
0.00175547
0.00175623
0.00175712
0.00175753
0.00175721
0.00175681
0.001757
0.00175747
0.00175757
0.00175722
0.00175673
0.00175628
0.00175584
0.00175535
0.00175489
0.00175444
0.00175396
0.0017535
0.00175306
0.00175267
0.0017523
0.00175193
0.00175153
0.0017511
0.00175067
0.00175034
0.00175012
0.0017498
0.00174935
0.00174887
0.00174849
0.00174847
0.00174886
0.00174936
0.00174943
0.00174902
0.00174855
0.0017481
0.00174762
0.00174714
0.00174672
0.00174643
0.00174624
0.00174595
0.0017455
0.00174502
0.00174455
0.00174407
0.00174359
0.00174311
0.00174264
0.00174216
0.00174168
0.00174121
0.00174086
0.00174084
0.00174081
0.00174041
0.00174001
0.00173992
0.00173979
0.00173937
0.00173892
0.00173854
0.00173806
0.00173775
0.00173738
0.00173697
0.00173719
0.00173781
0.00173828
0.00173831
0.00173798
0.00173752
0.00173705
0.00173658
0.00173611
0.00173563
0.00173516
0.00173469
0.00173424
0.00173377
0.00173336
0.00173304
0.00173259
0.00173217
0.00173185
0.00173149
0.00173108
0.00173061
0.00173018
0.00172979
0.00172934
0.0017289
0.00172861
0.00172845
0.00172845
0.00172867
0.00172886
0.00172869
0.00172822
0.00172806
0.00172857
0.00172938
0.00172987
0.00172973
0.00172926
0.0017291
0.00172951
0.00173004
0.00173012
0.00172972
0.00172931
0.00172905
0.00172861
0.00172834
0.00172856
0.00172851
0.00172805
0.0017277
0.00172751
0.00172743
0.00172748
0.0017276
0.0017276
0.00172733
0.0017269
0.00172644
0.00172603
0.0017259
0.00172594
0.00172585
0.00172562
0.00172526
0.00172479
0.00172441
0.00172426
0.00172422
0.00172395
0.00172349
0.00172308
0.00172262
0.00172231
0.00172217
0.00172197
0.00172159
0.00172116
0.00172136
0.00172219
0.00172234
0.00172189
0.00172148
0.00172105
0.00172058
0.00172013
0.00171973
0.00171943
0.00171911
0.00171873
0.00171836
0.00171804
0.00171772
0.00171731
0.00171685
0.0017164
0.00171597
0.00171556
0.00171523
0.00171504
0.00171508
0.00171514
0.00171483
0.00171441
0.00171446
0.00171485
0.0017151
0.00171498
0.00171459
0.00171414
0.00171369
0.00171335
0.00171315
0.00171298
0.00171277
0.00171256
0.00171227
0.00171181
0.00171167
0.00171221
0.0017127
0.00171257
0.00171218
0.00171174
0.00171132
0.00171096
0.00171073
0.00171066
0.00171055
0.00171019
0.00170978
0.00170983
0.00171038
0.00171106
0.00171156
0.00171168
0.00171139
0.00171094
0.00171055
0.00171023
0.00170984
0.00170939
0.00170896
0.00170857
0.00170822
0.00170789
0.00170749
0.00170705
0.00170661
0.00170621
0.00170586
0.00170556
0.00170534
0.00170511
0.0017048
0.00170447
0.00170425
0.00170408
0.00170371
0.00170328
0.001703
0.00170269
0.00170225
0.00170186
0.00170166
0.00170149
0.00170112
0.00170071
0.00170073
0.00170131
0.00170179
0.00170158
0.00170114
0.00170078
0.00170036
0.00169996
0.00169982
0.00169964
0.00169924
0.0016988
0.00169835
0.00169792
0.00169753
0.00169712
0.00169668
0.00169641
0.0016966
0.00169725
0.00169778
0.00169772
0.00169729
0.001697
0.0016973
0.00169831
0.00169914
0.00169902
0.00169858
0.00169813
0.00169774
0.00169745
0.00169721
0.0016969
0.00169647
0.00169613
0.00169614
0.00169624
0.00169615
0.00169593
0.00169567
0.00169541
0.00169505
0.00169461
0.00169425
0.00169394
0.00169362
0.00169324
0.00169281
0.00169245
0.00169218
0.00169188
0.00169149
0.00169106
0.00169063
0.00169024
0.00168986
0.00168948
0.00168908
0.00168865
0.00168822
0.00168782
0.00168747
0.00168711
0.00168669
0.00168625
0.00168586
0.00168549
0.00168506
0.00168472
0.0016846
0.00168446
0.00168411
0.00168368
0.00168326
0.00168288
0.00168249
0.00168206
0.00168164
0.00168128
0.00168103
0.00168083
0.00168053
0.0016801
0.00167979
0.00168009
0.00168083
0.00168094
0.00168051
0.00168055
0.00168094
0.00168107
0.00168078
0.00168037
0.00168029
0.0016803
0.00168007
0.00167968
0.00167926
0.00167883
0.00167841
0.0016781
0.00167796
0.00167772
0.0016773
0.00167694
0.0016766
0.00167619
0.00167577
0.00167536
0.00167495
0.00167452
0.00167409
0.00167367
0.00167326
0.00167286
0.00167244
0.00167208
0.00167201
0.00167211
0.00167192
0.00167151
0.00167108
0.00167066
0.00167027
0.00166996
0.0016697
0.0016696
0.00166968
0.00166984
0.0016699
0.00166981
0.0016696
0.00166924
0.00166883
0.00166862
0.00166853
0.0016683
0.00166792
0.0016675
0.00166711
0.00166673
0.00166633
0.00166591
0.00166549
0.00166508
0.00166467
0.0016643
0.00166406
0.00166386
0.00166347
0.00166314
0.00166304
0.00166294
0.00166268
0.00166229
0.00166189
0.00166164
0.00166162
0.00166179
0.00166176
0.00166141
0.001661
0.00166062
0.00166031
0.00166
0.00165973
0.00165969
0.00166011
0.00166065
0.00166071
0.00166037
0.00165996
0.00165955
0.00165916
0.00165889
0.00165881
0.00165878
0.00165859
0.00165822
0.0016578
0.0016574
0.00165702
0.0016567
0.00165645
0.00165619
0.00165584
0.00165542
0.00165501
0.0016546
0.00165419
0.00165381
0.00165346
0.00165307
0.00165266
0.00165225
0.00165184
0.00165149
0.00165138
0.00165152
0.0016519
0.00165241
0.00165293
0.00165343
0.00165381
0.00165407
0.00165411
0.00165384
0.00165343
0.00165325
0.00165345
0.0016537
0.00165367
0.00165341
0.00165308
0.0016527
0.00165229
0.00165196
0.00165163
0.00165122
0.00165092
0.00165084
0.00165072
0.00165038
0.00164997
0.00164962
0.00164931
0.00164899
0.0016486
0.00164821
0.0016479
0.00164756
0.00164715
0.00164679
0.00164656
0.00164643
0.00164618
0.00164581
0.00164542
0.00164507
0.00164492
0.00164502
0.00164531
0.00164577
0.00164638
0.00164698
0.0016474
0.00164753
0.00164735
0.00164702
0.00164663
0.00164623
0.00164591
0.0016457
0.00164555
0.0016454
0.0016452
0.00164495
0.00164461
0.00164426
0.00164397
0.00164389
0.001644
0.00164408
0.00164411
0.00164413
0.00164405
0.00164374
0.00164334
0.00164306
0.00164286
0.00164266
0.00164238
0.00164198
0.00164165
0.00164127
0.00164105
0.00164169
0.00164241
0.00164216
0.00164191
0.00164215
0.00164237
0.00164218
0.00164178
0.00164142
0.00164104
0.00164064
0.00164025
0.00163985
0.00163949
0.00163918
0.00163887
0.00163848
0.00163815
0.00163818
0.00163847
0.00163863
0.00163844
0.00163807
0.00163767
0.00163729
0.00163704
0.00163692
0.0016368
0.00163655
0.00163615
0.0016361
0.00163665
0.00163732
0.00163776
0.00163791
0.00163776
0.00163743
0.00163705
0.00163665
0.00163626
0.00163587
0.00163562
0.00163561
0.00163567
0.00163564
0.00163554
0.00163528
0.00163489
0.00163456
0.0016343
0.00163396
0.00163357
0.00163324
0.00163304
0.00163275
0.00163235
0.00163204
0.00163178
0.00163139
0.00163147
0.00163265
0.00163376
0.00163373
0.00163339
0.00163364
0.00163416
0.00163439
0.0016343
0.00163405
0.00163379
0.00163359
0.00163337
0.00163308
0.00163273
0.00163235
0.00163197
0.00163159
0.0016312
0.00163082
0.00163059
0.00163061
0.00163086
0.00163102
0.00163097
0.00163082
0.00163063
0.00163034
0.00162995
0.0016296
0.00162925
0.00162887
0.00162848
0.0016281
0.00162773
0.00162742
0.00162722
0.0016269
0.00162655
0.0016264
0.00162619
0.0016258
0.00162551
0.00162533
0.00162506
0.00162474
0.00162439
0.001624
0.00162375
0.00162368
0.00162359
0.00162335
0.00162302
0.00162265
0.00162226
0.00162193
0.00162167
0.00162141
0.00162116
0.00162086
0.00162047
0.00162019
0.00162016
0.00162032
0.00162046
0.00162032
0.00161994
0.00161972
0.00161974
0.0016196
0.00161925
0.00161887
0.00161856
0.00161835
0.00161812
0.00161779
0.00161749
0.00161735
0.00161724
0.00161696
0.00161658
0.00161623
0.00161592
0.00161561
0.00161526
0.0016149
0.00161455
0.00161428
0.00161402
0.00161365
0.00161337
0.00161331
0.00161335
0.00161333
0.00161322
0.00161299
0.00161262
0.00161234
0.00161224
0.00161202
0.00161168
0.0016113
0.00161095
0.00161068
0.00161048
0.00161025
0.00160989
0.00160956
0.00160934
0.001609
0.00160865
0.00160846
0.00160823
0.00160785
0.00160758
0.0016074
0.00160711
0.00160676
0.00160638
0.00160601
0.00160564
0.00160527
0.00160493
0.00160465
0.00160438
0.00160404
0.00160368
0.00160342
0.00160314
0.00160281
0.0016025
0.00160234
0.00160244
0.00160258
0.00160241
0.00160204
0.00160185
0.00160162
0.00160125
0.00160098
0.00160067
0.0016003
0.00159996
0.00159971
0.00159955
0.00159937
0.00159909
0.00159875
0.00159841
0.00159807
0.0015977
0.00159736
0.00159707
0.00159675
0.0015964
0.00159607
0.00159582
0.00159561
0.00159531
0.00159494
0.00159476
0.00159485
0.00159479
0.00159443
0.00159416
0.00159406
0.0015941
0.00159438
0.00159481
0.00159517
0.00159534
0.00159527
0.00159495
0.00159462
0.00159459
0.00159481
0.00159488
0.00159474
0.00159458
0.00159459
0.00159483
0.00159502
0.00159504
0.00159494
0.00159473
0.00159444
0.00159417
0.00159402
0.00159379
0.00159343
0.00159306
0.00159272
0.00159251
0.0015923
0.00159194
0.00159162
0.00159142
0.0015912
0.00159089
0.00159053
0.00159017
0.00158981
0.00158945
0.00158909
0.00158876
0.00158848
0.00158821
0.0015879
0.00158758
0.00158727
0.00158695
0.00158664
0.0015863
0.00158594
0.00158578
0.00158596
0.00158634
0.00158666
0.00158664
0.00158634
0.00158598
0.00158565
0.00158535
0.00158504
0.0015847
0.00158434
0.001584
0.00158366
0.0015833
0.00158295
0.00158267
0.00158243
0.00158215
0.00158184
0.0015815
0.00158116
0.00158082
0.00158062
0.00158063
0.0015806
0.00158029
0.00158004
0.00158031
0.00158049
0.00158015
0.00157999
0.00157997
0.00157967
0.00157941
0.00157953
0.00157972
0.00157958
0.00157923
0.00157915
0.00157917
0.00157907
0.0015788
0.00157844
0.00157819
0.00157809
0.0015779
0.00157759
0.00157723
0.00157688
0.00157655
0.0015762
0.00157585
0.00157559
0.00157551
0.00157553
0.00157545
0.00157523
0.00157491
0.00157456
0.00157429
0.00157415
0.00157401
0.00157376
0.00157341
0.00157307
0.0015728
0.00157255
0.00157229
0.00157198
0.00157165
0.00157132
0.001571
0.00157066
0.00157032
0.00157004
0.00156988
0.00156989
0.00156989
0.00156967
0.00156937
0.00156905
0.00156877
0.00156846
0.00156811
0.0015678
0.00156756
0.00156737
0.00156719
0.00156705
0.00156705
0.00156715
0.00156703
0.00156672
0.00156637
0.00156609
0.00156597
0.00156588
0.00156558
0.00156523
0.00156488
0.0015647
0.00156506
0.00156568
0.00156587
0.00156563
0.00156528
0.00156495
0.00156472
0.00156474
0.0015648
0.00156469
0.00156442
0.00156409
0.00156374
0.00156339
0.00156304
0.00156271
0.00156242
0.00156212
0.00156182
0.00156152
0.00156124
0.00156097
0.00156068
0.00156041
0.0015601
0.00155975
0.00155942
0.00155909
0.00155875
0.00155841
0.00155807
0.00155772
0.00155739
0.00155704
0.0015567
0.00155639
0.00155619
0.00155597
0.00155566
0.00155532
0.00155498
0.00155468
0.00155453
0.00155454
0.00155442
0.00155414
0.0015538
0.00155346
0.00155321
0.00155316
0.00155325
0.00155327
0.00155311
0.00155284
0.00155255
0.00155223
0.0015519
0.00155156
0.00155122
0.00155092
0.00155072
0.00155055
0.00155029
0.00154996
0.00154965
0.00154942
0.00154926
0.00154909
0.00154894
0.00154883
0.00154869
0.00154845
0.00154814
0.0015478
0.00154749
0.00154728
0.00154717
0.00154711
0.00154692
0.00154658
0.00154676
0.00154762
0.00154813
0.00154796
0.00154765
0.00154774
0.00154818
0.00154837
0.00154819
0.00154788
0.00154757
0.00154726
0.00154695
0.00154663
0.00154629
0.00154596
0.00154566
0.00154539
0.00154509
0.00154475
0.00154448
0.00154419
0.00154386
0.00154361
0.0015434
0.00154317
0.00154291
0.00154262
0.00154229
0.00154196
0.00154173
0.00154151
0.00154118
0.00154095
0.001541
0.00154099
0.00154069
0.00154044
0.0015405
0.00154065
0.00154051
0.00154017
0.00153991
0.00153964
0.00153931
0.00153918
0.00153947
0.00153992
0.00154011
0.00153994
0.00153961
0.00153929
0.00153897
0.00153865
0.00153833
0.001538
0.00153775
0.00153789
0.00153827
0.00153831
0.00153797
0.00153812
0.00153885
0.00153922
0.00153899
0.00153868
0.00153841
0.00153809
0.00153808
0.00153842
0.0015385
0.00153819
0.00153805
0.00153837
0.00153858
0.00153836
0.00153803
0.00153778
0.00153753
0.00153724
0.00153697
0.00153692
0.00153707
0.0015369
0.00153657
0.00153626
0.00153593
0.00153567
0.00153547
0.00153515
0.00153498
0.00153543
0.00153642
0.00153717
0.00153733
0.00153713
0.00153681
0.00153648
0.00153615
0.00153582
0.00153549
0.00153517
0.00153486
0.00153452
0.00153443
0.00153555
0.00153763
0.00153855
0.00153825
0.00153833
0.0015387
0.00153859
0.00153829
0.00153844
0.00153883
0.00153873
0.00153841
0.00153842
0.00153882
0.00153922
0.00153923
0.00153896
0.00153864
0.00153837
0.00153826
0.00153828
0.00153816
0.00153785
0.00153755
0.00153733
0.00153712
0.00153695
0.00153688
0.00153686
0.00153673
0.00153643
0.0015361
0.00153578
0.00153545
0.00153512
0.00153482
0.00153457
0.00153426
0.00153397
0.00153375
0.0015335
0.00153321
0.0015329
0.00153258
0.00153226
0.00153193
0.00153166
0.00153165
0.00153182
0.00153169
0.00153137
0.00153121
0.00153102
0.0015307
0.00153047
0.00153042
0.00153037
0.00153012
0.00152981
0.00152965
0.00152939
0.00152915
0.00152948
0.00153026
0.00153072
0.00153061
0.0015303
0.00152997
0.00152965
0.00152933
0.00152901
0.00152881
0.00152894
0.00152932
0.00152962
0.00152978
0.00152991
0.00153002
0.00153007
0.00153
0.00152983
0.0015297
0.00152963
0.00152943
0.0015291
0.00152888
0.00152893
0.00152928
0.0015297
0.0015299
0.00152977
0.00152946
0.00152914
0.00152882
0.00152855
0.00152842
0.00152828
0.00152801
0.0015277
0.00152755
0.00152756
0.00152752
0.00152727
0.00152696
0.00152673
0.00152647
0.00152615
0.00152586
0.00152554
0.00152532
0.00152523
0.00152512
0.00152489
0.00152457
0.00152429
0.00152409
0.00152385
0.00152354
0.00152323
0.00152294
0.00152262
0.00152237
0.0015223
0.00152231
0.00152219
0.00152188
0.0015216
0.00152138
0.0015211
0.00152078
0.00152048
0.00152016
0.00151986
0.00151957
0.00151927
0.00151898
0.00151868
0.00151836
0.00151814
0.00151798
0.0015177
0.00151743
0.00151744
0.00151779
0.00151821
0.00151829
0.00151805
0.00151773
0.00151752
0.00151746
0.00151747
0.00151745
0.0015173
0.00151701
0.0015167
0.00151647
0.00151627
0.00151599
0.00151569
0.00151548
0.0015152
0.00151489
0.00151462
0.00151442
0.00151429
0.00151423
0.00151432
0.00151449
0.00151433
0.00151406
0.00151426
0.00151469
0.00151489
0.0015148
0.00151455
0.00151424
0.00151392
0.00151362
0.00151339
0.00151328
0.00151315
0.00151288
0.00151257
0.00151226
0.00151195
0.00151164
0.00151133
0.00151107
0.00151087
0.00151071
0.00151055
0.00151037
0.00151017
0.00150994
0.00150966
0.00150935
0.00150905
0.00150875
0.00150844
0.00150813
0.00150783
0.00150752
0.00150723
0.00150692
0.00150664
0.00150639
0.00150609
0.00150578
0.00150547
0.00150516
0.00150486
0.00150464
0.00150454
0.00150443
0.00150423
0.00150398
0.00150369
0.00150338
0.00150309
0.00150282
0.00150254
0.00150223
0.00150193
0.00150166
0.00150136
0.00150107
0.0015009
0.00150086
0.00150067
0.00150036
0.00150008
0.00149984
0.00149963
0.00149939
0.00149909
0.00149881
0.0014986
0.00149847
0.00149835
0.00149816
0.00149789
0.00149759
0.0014973
0.0014971
0.00149699
0.00149688
0.00149668
0.00149639
0.0014961
0.00149593
0.00149596
0.00149609
0.00149605
0.00149579
0.00149549
0.00149519
0.00149497
0.00149485
0.00149469
0.0014944
0.0014941
0.00149381
0.00149352
0.00149325
0.00149306
0.00149307
0.00149334
0.00149356
0.00149338
0.00149312
0.00149321
0.00149353
0.00149395
0.0014944
0.00149468
0.00149462
0.00149433
0.00149412
0.00149437
0.00149508
0.00149552
0.00149541
0.00149512
0.00149482
0.00149452
0.00149422
0.00149396
0.00149379
0.00149372
0.00149366
0.00149348
0.00149319
0.00149293
0.00149289
0.00149299
0.00149293
0.00149268
0.00149237
0.00149208
0.00149178
0.00149149
0.00149122
0.00149099
0.00149074
0.00149046
0.00149016
0.00148987
0.00148959
0.00148929
0.001489
0.00148881
0.00148874
0.00148868
0.0014885
0.00148821
0.00148797
0.00148784
0.00148762
0.00148733
0.00148709
0.00148688
0.00148664
0.00148642
0.00148639
0.0014865
0.00148633
0.00148605
0.00148603
0.00148629
0.00148673
0.00148713
0.00148739
0.00148752
0.00148752
0.0014874
0.00148714
0.00148686
0.00148669
0.00148654
0.0014863
0.00148602
0.00148572
0.00148543
0.00148516
0.00148502
0.00148499
0.00148481
0.00148452
0.0014844
0.00148447
0.00148445
0.00148423
