10000
100
1.09736
1.0968
1.09574
1.08931
1.08341
1.08403
1.0844
1.08144
1.08295
1.08499
1.08463
1.08499
1.08525
1.08627
1.08882
1.0895
1.0891
1.09048
1.0892
1.08865
1.08784
1.08844
1.08796
1.08721
1.08796
1.08927
1.08908
1.08943
1.08885
1.08796
1.08761
1.08708
1.08715
1.0879
1.08697
1.08743
1.08724
1.08663
1.08609
1.08546
1.08527
1.08572
1.08585
1.08611
1.08719
1.08714
1.08719
1.08696
1.08664
1.08724
1.0872
1.08708
1.08715
1.08724
1.08708
1.08675
1.08705
1.08732
1.08771
1.08743
1.08752
1.08732
1.08711
1.08708
1.08733
1.08764
1.08786
1.0881
1.08827
1.08827
1.08871
1.08918
1.08964
1.08966
1.08912
1.08892
1.08893
1.08872
1.08856
1.08843
1.08825
1.08836
1.08838
1.08813
1.08808
1.08799
1.08825
1.08852
1.08859
1.08845
1.08807
1.08786
1.08756
1.08767
1.08766
1.08783
1.08804
1.0881
1.08815
1.08779
0
0.00056553
0.00110974
0.00647034
0.00774506
0.00635442
0.005383
0.00552198
0.00509903
0.00499569
0.00453323
0.0041542
0.00382994
0.00369179
0.00427884
0.00405949
0.00383397
0.00386879
0.00387825
0.00372022
0.00363072
0.00351487
0.00339338
0.00333442
0.00328623
0.00341599
0.00329268
0.00319213
0.00313307
0.00315654
0.00307295
0.00302127
0.00292918
0.00293822
0.00300013
0.00295078
0.00287586
0.00286472
0.00284226
0.00284057
0.00277722
0.00274816
0.00268638
0.00263733
0.00279542
0.00273444
0.00267622
0.00263011
0.00259558
0.0026133
0.00256186
0.00251536
0.00246846
0.00242392
0.00238431
0.00236506
0.0023429
0.00231713
0.00231073
0.00228866
0.00225261
0.00222496
0.00219969
0.00216522
0.00214656
0.00213666
0.00211544
0.00209817
0.00207447
0.00204462
0.00206155
0.0020876
0.00210872
0.00208019
0.00212197
0.00210413
0.00207666
0.00206097
0.00204049
0.0020192
0.00200183
0.00197994
0.00195603
0.0019477
0.00192543
0.00190505
0.00190152
0.00189842
0.00187815
0.00186244
0.00187879
0.00187093
0.00187468
0.0018582
0.00183863
0.00182821
0.00182041
0.00180282
0.00178531
0.00180329
