10000
5000
1.39861
1.41595
1.44313
1.45958
1.45645
1.43814
1.41719
1.40438
1.40179
1.4043
1.40632
1.40657
1.40672
1.40763
1.40845
1.40758
1.40496
1.40123
1.39604
1.38916
1.38146
1.37488
1.37154
1.37193
1.37462
1.37769
1.38004
1.3814
1.38176
1.38126
1.38029
1.37944
1.37861
1.37691
1.37434
1.37199
1.37044
1.36952
1.36905
1.36884
1.36846
1.36766
1.36691
1.36671
1.36712
1.36805
1.36956
1.37146
1.37345
1.37523
1.3761
1.37536
1.37278
1.36902
1.36595
1.36506
1.36599
1.36761
1.36878
1.36869
1.36741
1.36608
1.36599
1.36758
1.37014
1.37261
1.37416
1.37445
1.37355
1.37185
1.36982
1.36816
1.36741
1.36744
1.36761
1.36754
1.36718
1.36646
1.36521
1.36356
1.36194
1.36094
1.36061
1.36031
1.35941
1.35787
1.35608
1.35457
1.35387
1.35419
1.35534
1.35685
1.3584
1.35991
1.36144
1.36279
1.36352
1.36336
1.36266
1.36204
1.36177
1.36188
1.36224
1.36258
1.36266
1.36232
1.36154
1.36043
1.35924
1.35822
1.35755
1.35725
1.3572
1.35731
1.35751
1.35784
1.35841
1.35912
1.35974
1.36009
1.36007
1.35972
1.3592
1.35868
1.35828
1.35805
1.358
1.35805
1.35811
1.35815
1.35833
1.3587
1.35904
1.35919
1.35932
1.3597
1.36028
1.36083
1.3612
1.36136
1.3613
1.361
1.36053
1.3601
1.35992
1.36008
1.36052
1.36103
1.36129
1.36103
1.36024
1.35927
1.35845
1.35783
1.35735
1.35702
1.35686
1.3568
1.3567
1.35641
1.35599
1.35563
1.35548
1.35563
1.35611
1.35689
1.35768
1.35812
1.35803
1.35752
1.35687
1.3563
1.35594
1.35583
1.35588
1.35605
1.35632
1.35665
1.3569
1.35697
1.3568
1.35644
1.35604
1.35576
1.35567
1.35577
1.35592
1.35599
1.35587
1.35556
1.35508
1.35445
1.35377
1.35308
1.35251
1.35226
1.35241
1.35281
1.3532
1.35345
1.35363
1.35384
1.35407
1.35423
1.35429
1.35432
1.35434
1.35428
1.35411
1.35389
1.35376
1.35378
1.35395
1.35419
1.35441
1.35458
1.35471
1.3548
1.35479
1.35462
1.35438
1.35416
1.35395
1.35377
1.35374
1.35385
1.35399
1.35413
1.35421
1.35416
1.35395
1.35357
1.35317
1.35303
1.35325
1.35367
1.3541
1.35444
1.35459
1.35451
1.35423
1.35393
1.35385
1.35404
1.35441
1.35484
1.3552
1.35533
1.35511
1.35451
1.35374
1.35308
1.35277
1.3528
1.35304
1.35333
1.35356
1.35373
1.35389
1.35407
1.35426
1.3544
1.35446
1.35435
1.35412
1.35383
1.35354
1.35328
1.35308
1.35292
1.35289
1.35307
1.35349
1.35407
1.35475
1.35545
1.35612
1.35669
1.35706
1.35713
1.35694
1.35657
1.35614
1.35574
1.35543
1.35525
1.35514
1.35502
1.35488
1.35481
1.35486
1.35495
1.35501
1.35501
1.35499
1.35503
1.3551
1.35517
1.35519
1.35518
1.3552
1.3552
1.35512
1.35497
1.35488
1.35497
1.35525
1.35556
1.35577
1.35576
1.35556
1.3553
1.35517
1.35527
1.35554
1.35585
1.35609
1.35619
1.35614
1.35594
1.35558
1.3551
1.35464
1.35438
1.35435
1.35446
1.35462
1.35485
1.35524
1.35574
1.35622
1.35656
1.35683
1.35708
1.35732
1.35751
1.35764
1.35772
1.35776
1.35773
1.35759
1.35737
1.3571
1.35681
1.35648
1.35612
1.35571
1.35528
1.35491
1.35472
1.35468
1.35463
1.35444
1.35413
1.35383
1.35366
1.35377
1.35418
1.35474
1.35526
1.35565
1.35593
1.35618
1.3564
1.35655
1.35657
1.35643
1.35627
1.35618
1.35615
1.35614
1.35617
1.35621
1.35624
1.35624
1.35622
1.35621
1.35628
1.35647
1.35671
1.35687
1.35689
1.3569
1.35697
1.35705
1.35705
1.35692
1.35667
1.35641
1.35628
1.35626
1.35631
1.3564
1.35649
1.35662
1.35679
1.35696
1.35708
1.35714
1.35718
1.35727
1.35748
1.35776
1.35797
1.35806
1.35804
1.35794
1.35782
1.35777
1.35778
1.35778
1.35772
1.35766
1.35768
1.35782
1.35803
1.35823
1.35833
1.35826
1.35802
1.35772
1.35755
1.3576
1.35777
1.35791
1.358
1.35809
1.3582
1.35832
1.35841
1.35847
1.35853
1.35857
1.35855
1.35841
1.35818
1.35795
1.35781
1.35776
1.35777
1.35781
1.35787
1.35792
1.35792
1.3578
1.35757
1.35723
1.35679
1.35631
1.35588
1.35559
1.35546
1.35549
1.35568
1.35604
1.35647
1.35693
1.35736
1.35776
1.35808
1.35832
1.35848
1.35858
1.35863
1.35861
1.35849
1.35823
1.35785
1.3574
1.35693
1.35648
1.35615
1.35598
1.35598
1.35612
1.35634
1.35658
1.3568
1.35699
1.35711
1.35716
1.35718
1.35717
1.35711
1.35701
1.35694
1.35699
1.35712
1.35719
1.35716
1.35708
1.35703
1.35704
1.35708
1.35711
1.3571
1.35708
1.35708
1.35712
1.35721
1.35736
1.35751
1.3576
1.35757
1.35747
1.3574
1.35736
1.35728
1.35713
1.35696
1.35686
1.35684
1.35685
1.35682
1.3568
1.35685
1.35698
1.35717
1.35736
1.35747
1.35745
1.3573
1.35711
1.35698
1.35694
1.35698
1.35703
1.357
1.3569
1.35676
1.35664
1.35653
1.35644
1.35638
1.35632
1.35626
1.35624
1.3563
1.35643
1.35658
1.35669
1.35667
1.35652
1.35631
1.35613
1.35605
1.35605
1.35606
1.35607
1.35607
1.3561
1.35615
1.35625
1.35637
1.35651
1.35661
1.35669
1.35676
1.35688
1.35707
1.35729
1.35746
1.35752
1.35747
1.35733
1.35718
1.35707
1.35704
1.35708
1.35718
1.35727
1.35732
1.35729
1.35721
1.35711
1.35699
1.3569
1.35688
1.35696
1.35706
1.35716
1.35722
1.35724
1.35725
1.35723
1.35716
1.35702
1.35689
1.35681
1.35683
1.35693
1.35711
1.35729
1.35743
1.35751
1.35753
1.35752
1.35747
1.3574
1.35735
1.35733
1.35737
1.35746
1.35758
1.35769
1.35775
1.35773
1.35764
1.35751
1.35739
1.3573
1.35723
1.35714
1.357
1.35681
1.35661
1.35654
1.35665
1.35689
1.35719
1.35748
1.35774
1.35793
1.35805
1.35813
1.35818
1.35822
1.35821
1.35812
1.35795
1.35775
1.3576
1.35752
1.35747
1.35741
1.35733
1.35727
1.35727
1.35734
1.35746
1.35762
1.35779
1.35796
1.3581
1.35818
1.35815
1.35807
1.35796
1.35784
1.35769
1.35755
1.35749
1.35753
1.3576
1.35764
1.3576
1.35753
1.35749
1.35749
1.35752
1.35754
1.3576
1.35771
1.35783
1.35789
1.35788
1.35784
1.35779
1.35777
1.35774
1.35773
1.35777
1.35782
1.35785
1.35785
1.35787
1.35792
1.35798
1.35804
1.35806
1.35803
1.35798
1.3579
1.35779
1.35766
1.35759
1.35762
1.35776
1.35797
1.35822
1.35841
1.35849
1.35844
1.35834
1.35825
1.3582
1.3582
1.35821
1.35821
1.35821
1.3582
1.35819
1.35818
1.35822
1.35832
1.35845
1.35859
1.35873
1.35884
1.35888
1.35885
1.35877
1.35873
1.35876
1.35884
1.35895
1.35905
1.35909
1.35905
1.35899
1.35896
1.35901
1.35907
1.3591
1.3591
1.35906
1.35901
1.35895
1.35886
1.35875
1.35863
1.35854
1.35846
1.35839
1.35833
1.35831
1.35832
1.35832
1.35828
1.35822
1.35822
1.35831
1.35845
1.35862
1.35876
1.35882
1.35882
1.35878
1.35872
1.35865
1.35857
1.35847
1.35834
1.35819
1.35807
1.35803
1.35806
1.35814
1.3582
1.35823
1.35822
1.35822
1.35827
1.35838
1.35848
1.35848
1.35838
1.35823
1.35812
1.3581
1.35816
1.35828
1.35841
1.35849
1.3585
1.35844
1.35834
1.35827
1.35826
1.3583
1.35833
1.35828
1.35819
1.35817
1.35824
1.35835
1.35845
1.35849
1.35848
1.35843
1.35835
1.35829
1.35829
1.35833
1.35838
1.35841
1.35843
1.35849
1.35859
1.35872
1.35885
1.35894
1.35894
1.35889
1.35884
1.35885
1.35892
1.35901
1.3591
1.35918
1.35923
1.35927
1.35927
1.35923
1.35914
1.35899
1.35883
1.35868
1.35856
1.35848
1.35846
1.35852
1.35862
1.35871
1.35874
1.3587
1.35863
1.35861
1.35864
1.35871
1.35876
1.35879
1.35879
1.35881
1.35889
1.35903
1.35919
1.35938
1.35957
1.35972
1.35977
1.35971
1.35956
1.35933
1.35902
1.35875
1.35863
1.35864
1.35872
1.35875
1.35871
1.3586
1.35847
1.35837
1.35836
1.35844
1.35858
1.35872
1.35876
1.35864
1.35842
1.35819
1.35806
1.35808
1.35825
1.35851
1.35881
1.35904
1.35916
1.35916
1.35907
1.35898
1.35889
1.35882
1.35877
1.35874
1.35872
1.35873
1.35877
1.35883
1.35886
1.35882
1.3587
1.35854
1.35841
1.35834
1.35838
1.35849
1.35866
1.35882
1.35894
1.35899
1.35896
1.35888
1.35878
1.35871
1.35869
1.35869
1.35867
1.35863
1.35855
1.35845
1.35839
1.35839
1.35847
1.35859
1.35873
1.35883
1.35885
1.3588
1.35869
1.35859
1.35853
1.35852
1.35855
1.35858
1.35858
1.35857
1.35855
1.35852
1.35845
1.35836
1.35828
1.35824
1.35823
1.35824
1.35827
1.35831
1.35836
1.3584
1.35844
1.35846
1.35847
1.35844
1.35839
1.35831
1.3582
1.35806
1.35789
1.35775
1.35764
1.35762
1.35771
1.35788
1.35809
1.35826
1.35833
1.35832
1.35828
1.35825
1.35829
1.35838
1.35847
1.3585
1.35848
1.35841
1.35831
1.3582
1.35809
1.358
1.35795
1.35796
1.35798
1.35799
1.35796
1.35792
1.35788
1.35785
1.35784
1.35787
1.35798
1.35813
1.3583
1.35843
1.3585
1.35848
1.35841
1.35835
1.35833
1.35836
1.35841
1.35843
1.35841
1.35835
1.35829
1.35824
1.3582
1.35817
1.35816
1.35818
1.35822
1.35826
1.35828
1.35829
1.35828
1.35826
1.35824
1.35821
1.35813
1.358
1.35784
1.35776
1.35775
1.35778
1.35784
1.3579
1.35796
1.35799
1.35798
1.35794
1.35789
1.35786
1.35787
1.35792
1.358
1.35806
1.35809
1.35811
1.35813
1.35811
1.35806
1.35798
1.35792
1.35787
1.35783
1.35778
1.35771
1.35765
1.35761
1.35758
1.35755
1.35753
1.35758
1.35768
1.35778
1.35788
1.35797
1.35807
1.35817
1.35826
1.35832
1.35831
1.35822
1.35809
1.35795
1.35783
1.35772
1.35762
1.35755
1.35749
1.35745
1.35741
1.35734
1.35723
1.35711
1.35703
1.35703
1.35711
1.35726
1.35742
1.35756
1.35767
1.35776
1.35784
1.3579
1.35792
1.35792
1.35789
1.3578
1.35768
1.35755
1.35745
1.3574
1.35741
1.35744
1.35744
1.3574
1.35733
1.35726
1.35723
1.35724
1.35732
1.35746
1.3576
1.3577
1.35772
1.35764
1.35751
1.35735
1.35725
1.35722
1.35726
1.35732
1.35736
1.35737
1.35735
1.35733
1.3573
1.35729
1.35728
1.35729
1.35732
1.35734
1.35735
1.35734
1.35731
1.35731
1.35736
1.35742
1.35747
1.35747
1.35742
1.35734
1.35725
1.35718
1.35714
1.35713
1.35714
1.35717
1.3572
1.35725
1.3573
1.35734
1.35735
1.35733
1.35731
1.35732
1.35739
1.35748
1.35756
1.35757
1.35752
1.35744
1.35738
1.35735
1.35733
1.35732
1.35736
1.35746
1.3576
1.35772
1.35783
1.35792
1.35799
1.35804
1.35805
1.35803
1.35799
1.35795
1.35791
1.35786
1.35779
1.3577
1.35758
1.35746
1.35735
1.3573
1.3573
1.35734
1.35738
1.35743
1.35749
1.35757
1.35766
1.35773
1.35777
1.35775
1.35767
1.35756
1.35745
1.35739
1.35735
1.35732
1.3573
1.35732
1.35738
1.35744
1.35748
1.35749
1.35749
1.35747
1.35743
1.35736
1.35731
1.3573
1.35733
1.35735
1.35734
1.35731
1.35729
1.35729
1.35729
1.35727
1.35726
1.35726
1.35729
1.35735
1.35742
1.35747
1.35749
1.35746
1.35741
1.35737
1.35738
1.35742
1.35746
1.35749
1.35752
1.35755
1.35758
1.35763
1.35769
1.35776
1.3578
1.3578
1.35773
1.35761
1.35746
1.35732
1.35723
1.35721
1.35726
1.35734
1.35742
1.35747
1.3575
1.35751
1.35754
1.35758
1.35762
1.35762
1.35758
1.35753
1.35751
1.35752
1.35754
1.35755
1.35754
1.35752
1.35751
1.35753
1.35756
1.35759
1.3576
1.35757
1.35753
1.3575
1.35751
1.35758
1.35769
1.35778
1.35785
1.35787
1.35787
1.35783
1.35778
1.35774
1.3577
1.35768
1.35766
1.35764
1.35759
1.35755
1.35752
1.35752
1.35755
1.35759
1.35763
1.35764
1.35762
1.35759
1.35755
1.35755
1.35758
1.35764
1.35771
1.3578
1.35787
1.35791
1.3579
1.35787
1.35784
1.35782
1.35781
1.35782
1.35785
1.35788
1.35792
1.35793
1.3579
1.35784
1.35777
1.35771
1.35767
1.35764
1.35765
1.3577
1.35776
1.3578
1.3578
1.35777
1.35773
1.35772
1.35775
1.35781
1.35789
1.35796
1.358
1.35801
1.358
1.35796
1.35788
1.35779
1.35773
1.3577
1.35767
1.35762
1.35758
1.35755
1.35756
1.35758
1.3576
1.3576
1.35761
1.35762
1.35763
1.35762
1.35758
1.35753
1.35751
1.35752
1.35755
1.35759
1.35763
1.35765
1.35766
1.35765
1.35762
1.35758
1.35759
1.35765
1.35774
1.3578
1.35781
1.35777
1.3577
1.35767
1.35767
1.35771
1.35777
1.35785
1.35791
1.35795
1.358
1.35804
1.35806
1.35805
1.358
1.35796
1.35796
1.35799
1.35802
1.35806
1.3581
1.35815
1.35817
1.35816
1.35811
1.35803
1.35794
1.35786
1.35779
1.35773
1.35768
1.35768
1.35773
1.35781
1.35787
1.35791
1.3579
1.35787
1.35785
1.35788
1.35793
1.35796
1.35796
1.35794
1.35791
1.35786
1.35781
1.35777
1.35775
1.35775
1.35779
1.35785
1.35786
1.35781
1.35773
1.35769
1.35772
1.35779
1.35786
1.35789
1.3579
1.3579
1.35789
1.35789
1.35791
1.35792
1.35792
1.3579
1.35789
1.35787
1.35785
1.35784
1.35785
1.35788
1.35792
1.35796
1.35797
1.35796
1.35793
1.35792
1.35795
1.35803
1.35813
1.35821
1.35826
1.35826
1.35824
1.35822
1.35821
1.35817
1.3581
1.35802
1.35795
1.35793
1.35795
1.358
1.35804
1.35805
1.35802
1.35796
1.35788
1.35782
1.35779
1.35779
1.3578
1.35783
1.35785
1.35788
1.35791
1.35794
1.35795
1.35793
1.35791
1.35791
1.35792
1.35791
1.35788
1.35784
1.35779
1.35774
1.35771
1.35772
1.35776
1.35783
1.35791
1.35795
1.35795
1.35792
1.35787
1.35781
1.35775
1.35768
1.35762
1.35759
1.35759
1.35764
1.35772
1.3578
1.35786
1.35791
1.35797
1.35805
1.35815
1.35824
1.35827
1.35824
1.35816
1.35805
1.35792
1.35782
1.35774
1.35767
1.35762
1.35761
1.35766
1.35776
1.35788
1.35796
1.35798
1.35795
1.3579
1.35788
1.35787
1.35789
1.35791
1.35792
1.35791
1.3579
1.3579
1.35791
1.35795
1.35802
1.35811
1.35819
1.35823
1.35823
1.35819
1.35814
1.3581
1.35808
1.35808
1.35807
1.35806
1.35806
1.35806
1.35805
1.35801
1.35794
1.35788
1.35784
1.35782
1.35781
1.35781
1.35781
1.3578
1.35779
1.35778
1.35776
1.35774
1.35774
1.35775
1.35779
1.35788
1.358
1.3581
1.35816
1.35818
1.35816
1.35813
1.35808
1.358
1.3579
1.35782
1.35776
1.35771
1.35769
1.35768
1.35767
1.35764
1.35762
1.35761
1.35762
1.35766
1.35771
1.35777
1.35783
1.35791
1.358
1.35809
1.35814
1.35815
1.35815
1.35813
1.35809
1.35803
1.35797
1.35793
1.3579
1.35791
1.35796
1.358
1.35803
1.35802
1.35796
1.35787
1.35779
1.35775
1.35777
1.35784
1.35794
1.35803
1.35809
1.35811
1.35809
1.35805
1.35798
1.35792
1.3579
1.35793
1.35797
1.35801
1.35805
1.35808
1.3581
1.3581
1.35808
1.35804
1.35802
1.35801
1.35802
1.35802
1.35805
1.3581
1.35815
1.35818
1.35818
1.35816
1.35816
1.35816
1.35817
1.35818
1.3582
1.35822
1.35824
1.35827
1.35827
1.35825
1.35821
1.35817
1.35818
1.35821
1.35825
1.35829
1.35833
1.35836
1.35838
1.35841
1.35842
1.35842
1.3584
1.35839
1.35838
1.35838
1.35836
1.35832
1.35829
1.35828
1.35826
1.35823
1.35816
1.35807
1.358
1.35798
1.35801
1.35805
1.35807
1.35806
1.35804
1.35803
1.35808
1.35816
1.35825
1.3583
1.3583
1.35824
1.35816
1.35807
1.35798
1.35791
1.35788
1.3579
1.35794
1.358
1.35803
1.35805
1.35804
1.35801
1.35798
1.35799
1.35805
1.35813
1.3582
1.35827
1.35833
1.35837
1.35837
1.35834
1.3583
1.35828
1.35827
1.35828
1.35826
1.35822
1.35818
1.35815
1.35814
1.35817
1.35821
1.35826
1.3583
1.35831
1.35829
1.35824
1.35817
1.35812
1.35814
1.35821
1.35831
1.35838
1.3584
1.35839
1.35834
1.35829
1.35825
1.35825
1.3583
1.35836
1.35839
1.35838
1.35834
1.3583
1.3583
1.35833
1.35839
1.35845
1.3585
1.35854
1.35856
1.35857
1.35859
1.3586
1.35861
1.3586
1.35858
1.35856
1.35855
1.35853
1.35848
1.35841
1.35834
1.35828
1.35825
1.35824
1.35825
1.35825
1.35824
1.35823
1.35824
1.35828
1.35833
1.35839
1.35845
1.3585
1.35852
1.35849
1.35842
1.35836
1.35835
1.35839
1.35845
1.35852
1.35857
1.3586
1.3586
1.35859
1.35856
1.3585
1.35844
1.35838
1.35835
1.35833
1.35835
1.35838
1.35842
1.35845
1.35847
1.35845
1.35841
1.35837
1.35835
1.35835
1.35834
1.35833
1.35832
1.3583
1.35829
1.35829
1.35831
1.35835
1.35839
1.35841
1.3584
1.3584
1.35842
1.35846
1.3585
1.35851
1.35851
1.3585
1.3585
1.3585
1.35851
1.35852
1.35853
1.35853
1.3585
1.35846
1.35842
1.35839
1.35837
1.35835
1.35834
1.35834
1.35835
1.35837
1.35839
1.35839
1.35838
1.35835
1.35833
1.35833
1.35836
1.3584
1.35846
1.35851
1.35854
1.35856
1.35855
1.35855
1.35856
1.35856
1.35855
1.35852
1.35847
1.35842
1.35839
1.35839
1.35841
1.35842
1.35842
1.35839
1.35834
1.3583
1.3583
1.35833
1.35838
1.35843
1.35846
1.35849
1.3585
1.35851
1.3585
1.35849
1.35848
1.35846
1.35845
1.35846
1.35848
1.35848
1.35845
1.35841
1.35838
1.35837
1.35839
1.35843
1.35848
1.3585
1.3585
1.35847
1.35844
1.35844
1.35845
1.35847
1.35847
1.35846
1.35844
1.35841
1.35838
1.35835
1.35832
1.35828
1.35823
1.35817
1.35813
1.35811
1.35812
1.35815
1.35818
1.35822
1.35827
1.35832
1.35833
1.35832
1.35828
1.35824
1.35821
1.35819
1.35818
1.35818
1.35818
1.35818
1.35818
1.35815
1.35812
1.35808
1.35807
1.35807
1.35807
1.35806
1.35807
1.35809
1.35813
1.35818
1.35823
1.35827
1.35832
1.35834
1.35832
1.35825
1.35817
1.35811
1.35808
1.35808
1.35808
1.35807
1.35805
1.35802
1.358
1.35799
1.35798
1.35797
1.35794
1.35791
1.35789
1.35788
1.35788
1.3579
1.35794
1.35797
1.35799
1.35798
1.35797
1.35798
1.358
1.35802
1.35801
1.35798
1.35796
1.35795
1.35797
1.35801
1.35806
1.35809
1.3581
1.35809
1.35807
1.35805
1.35803
1.358
1.35797
1.35796
1.35798
1.35799
1.35798
1.35793
1.35786
1.35779
1.35778
1.35783
1.35789
1.35789
1.35785
1.35778
1.35774
1.35773
1.35776
1.35781
1.35785
1.35788
1.3579
1.35791
1.35792
1.35794
1.35794
1.35794
1.35793
1.35791
1.35789
1.35786
1.35785
1.35785
1.35786
1.35786
1.35784
1.35783
1.35784
1.35786
1.3579
1.35796
1.35803
1.35809
1.35813
1.35814
1.35813
1.35809
1.35804
1.35801
1.358
1.35798
1.35795
1.35792
1.35789
1.35786
1.35781
1.35778
1.35777
1.3578
1.35785
1.3579
1.35793
1.35795
1.35796
1.35797
1.358
1.35807
1.35813
1.35817
1.35816
1.35812
1.35806
1.35802
1.35799
1.35796
1.35793
1.35791
1.35792
1.35795
1.35799
1.35804
1.35809
1.35813
1.35816
1.35817
1.35817
1.35815
1.3581
1.35805
1.35801
1.35798
1.35796
1.35797
1.35803
1.35812
1.35821
1.35826
1.35827
1.35824
1.35816
1.35809
1.35806
1.35806
1.3581
1.35816
1.3582
1.35822
1.3582
1.35818
1.35817
1.35816
1.35816
1.35813
1.35808
1.358
1.35792
1.35786
1.35784
1.35786
1.3579
1.35796
1.35802
1.35806
1.35809
1.3581
1.35811
1.35813
1.35817
1.35821
1.35827
1.35833
1.35837
1.35837
1.35833
1.35826
1.3582
1.35815
1.35812
1.35809
1.35805
1.35802
1.35803
1.35809
1.35815
1.3582
1.3582
1.35816
1.3581
1.35806
1.35806
1.35809
1.35814
1.35819
1.35823
1.35828
1.35832
1.35837
1.3584
1.35841
1.35842
1.35842
1.35841
1.35839
1.35835
1.35831
1.35827
1.35827
1.35828
1.35829
1.3583
1.35829
1.35829
1.3583
1.35831
1.35831
1.35829
1.35825
1.35821
1.35818
1.35818
1.35818
1.35817
1.35813
1.35809
1.35808
1.35811
1.35817
1.35823
1.35828
1.35832
1.35834
1.35836
1.35837
1.35836
1.35835
1.35833
1.35829
1.35827
1.35828
1.35829
1.35828
1.35828
1.35827
1.35827
1.35828
1.35829
1.35832
1.35836
1.3584
1.35843
1.35845
1.35844
1.35841
1.35837
1.35835
1.35836
1.35838
1.35841
1.35843
1.35843
1.35842
1.35838
1.35834
1.35832
1.35834
1.35836
1.35837
1.35834
1.35829
1.35824
1.35823
1.35825
1.35831
1.3584
1.35848
1.35854
1.35858
1.35862
1.35867
1.35871
1.35872
1.3587
1.35865
1.35858
1.3585
1.35842
1.35836
1.35833
1.3583
1.35826
1.35823
1.35821
1.35822
1.35825
1.3583
1.35836
1.3584
1.35842
1.35842
1.35841
1.3584
1.3584
1.35842
1.35845
1.35846
1.35845
1.35841
1.35838
1.35837
1.35838
1.35841
1.35846
1.35851
1.35854
1.35856
1.35857
1.35857
1.35856
1.35853
1.35849
1.35844
1.3584
1.35836
1.35832
1.3583
1.35828
1.35828
1.35829
1.35831
1.35834
1.35838
1.35843
1.35849
1.35854
1.35857
1.35858
1.35858
1.35857
1.35854
1.35851
1.35849
1.35848
1.35847
1.35848
1.3585
1.35853
1.35855
1.35857
1.35856
1.35854
1.35851
1.35851
1.35854
1.3586
1.35864
1.35864
1.35861
1.35855
1.35851
1.35849
1.35849
1.3585
1.35851
1.35852
1.35851
1.35849
1.35848
1.35848
1.35852
1.35858
1.35862
1.35863
1.35861
1.35858
1.35855
1.35854
1.35856
1.35861
1.35866
1.3587
1.35874
1.35874
1.35872
1.3587
1.3587
1.35871
1.35871
1.35871
1.35871
1.3587
1.35869
1.35867
1.35866
1.35866
1.35866
1.35868
1.3587
1.35871
1.3587
1.35868
1.35865
1.35862
1.35859
1.35859
1.35861
1.35865
1.3587
1.35875
1.35879
1.35879
1.35877
1.35873
1.35868
1.35863
1.35858
1.35855
1.35854
1.35852
1.3585
1.35847
1.35843
1.3584
1.35841
1.35843
1.35845
1.35848
1.35852
1.35857
1.35863
1.35866
1.35867
1.35867
1.35868
1.35869
1.35868
1.35866
1.35864
1.35862
1.3586
1.35858
1.35857
1.35856
1.35854
1.35854
1.35855
1.35859
1.35865
1.35872
1.35878
1.35883
1.35885
1.35887
1.35889
1.35888
1.35887
1.35886
1.35887
1.35888
1.35889
1.35889
1.35887
1.35882
1.35876
1.35871
1.3587
1.35873
1.35881
1.35891
1.35899
1.35905
1.3591
1.35911
1.3591
1.35908
1.35906
1.35905
1.35905
1.35905
1.35902
1.35898
1.35893
1.35889
1.35888
1.3589
1.35892
1.35892
1.35892
1.35892
1.35893
1.35894
1.35895
1.35894
1.35891
1.35885
1.3588
1.35876
1.35875
1.35875
1.35877
1.3588
1.35882
1.35884
1.35886
1.35886
1.35887
1.3589
1.35894
1.35899
1.35903
1.35903
1.35901
1.35901
1.35903
1.35906
1.35909
1.35911
1.35912
1.35912
1.35911
1.35909
1.35906
1.35903
1.35901
1.35901
1.359
1.35899
1.359
1.35901
1.35902
1.35901
1.35899
1.35897
1.35895
1.35893
1.3589
1.35886
1.35884
1.35886
1.35888
1.3589
1.35891
1.35892
1.35892
1.35893
1.35896
1.35899
1.35901
1.35902
1.35902
1.35902
1.35903
1.35904
1.35904
1.35905
1.35904
1.35903
1.35902
1.35903
1.35905
1.35906
1.35904
1.359
1.35895
1.35891
1.35888
1.35886
1.35885
1.35885
1.35887
1.35891
1.35896
1.359
1.35902
1.35901
1.35899
1.35896
1.35893
1.3589
1.35888
1.35887
1.35887
1.3589
1.35894
1.35899
1.35902
1.35904
1.35904
1.35901
1.35898
1.35896
1.35896
1.35895
1.35895
1.35894
1.35894
1.35893
1.35893
1.35893
1.35893
1.35895
1.35897
1.359
1.35903
1.35907
1.35908
1.35907
1.35903
1.35899
1.35896
1.35894
1.35894
1.35896
1.35898
1.359
1.35902
1.35904
1.35907
1.35908
1.35909
1.35909
1.35907
1.35905
1.35904
1.35904
1.35905
1.35907
1.35909
1.35911
1.35911
1.3591
1.3591
1.35911
1.35912
1.35912
1.3591
1.35908
1.35907
1.35906
1.35905
1.35904
1.35904
1.35907
1.3591
1.35912
1.35915
1.35917
1.35919
1.35921
1.35922
1.35921
1.3592
1.35918
1.35916
1.35914
1.35913
1.35912
1.35912
1.35911
1.3591
1.35907
1.35904
1.35904
1.35906
1.35909
1.35912
1.35913
1.35913
1.35914
1.35915
1.35915
1.35913
1.35908
1.35902
1.35896
1.35891
1.35891
1.35896
1.35902
1.35908
1.35914
1.35918
1.35922
1.35926
1.35928
1.3593
1.35931
1.35932
1.35931
1.35928
1.35923
1.35917
1.3591
1.35903
1.35895
1.35887
1.35878
1.35871
1.35865
1.35862
1.35862
1.35865
1.3587
1.35874
1.35878
1.35881
1.35882
1.35882
1.35883
1.35886
1.35889
1.35893
1.35895
1.35894
1.35891
1.35887
1.35884
1.35881
1.35878
1.35875
1.35872
1.35872
1.35875
1.35881
1.35887
1.35894
1.35899
1.35903
1.35905
1.35905
1.35904
1.35904
1.35902
1.359
1.35898
1.35897
1.35896
1.35897
1.35898
1.35898
1.35897
1.35894
1.35892
1.35891
1.35892
1.35892
1.35891
1.35889
1.35886
1.35885
1.35885
1.35885
1.35885
1.35886
1.35889
1.35893
1.35896
1.35897
1.35898
1.35897
1.35896
1.35895
1.35894
1.35893
1.35894
1.35897
1.35901
1.35905
1.35908
1.35908
1.35905
1.35901
1.35897
1.35894
1.35892
1.3589
1.35888
1.35886
1.35885
1.35886
1.35887
1.35887
1.35887
1.35886
1.35887
1.3589
1.35893
1.35897
1.35899
1.359
1.35901
1.359
1.359
1.35899
1.35899
1.359
1.35902
1.35905
1.35907
1.35908
1.35907
1.35906
1.35905
1.35905
1.35905
1.35906
1.35907
1.35909
1.3591
1.35909
1.35906
1.35903
1.359
1.35898
1.35898
1.35899
1.35902
1.35906
1.35909
1.35909
1.35907
1.35905
1.35905
1.35907
1.3591
1.35913
1.35917
1.3592
1.3592
1.35915
1.3591
1.35906
1.35906
1.35909
1.35912
1.35916
1.35919
1.35921
1.35922
1.35922
1.35921
1.3592
1.3592
1.35921
1.35922
1.35922
1.3592
1.35917
1.35912
1.35908
1.35905
1.35903
1.35901
1.35899
1.35899
1.359
1.35903
1.35907
1.35911
1.35915
1.35916
1.35915
1.35914
1.35913
1.35912
1.35914
1.35918
1.35923
1.35928
1.35933
1.35935
1.35934
1.3593
1.35925
1.3592
1.35917
1.35915
1.35913
1.35912
1.35911
1.35911
1.35911
1.35914
1.35917
1.3592
1.35922
1.35922
1.35922
1.35921
1.3592
1.35921
1.35922
1.35923
1.35923
1.35923
1.35922
1.3592
1.35919
1.35919
1.3592
1.35921
1.35923
1.35926
1.35927
1.35927
1.35925
1.35923
1.3592
1.35917
1.35915
1.35915
1.35917
1.35919
1.35919
1.35918
1.35917
1.35917
1.35918
1.35919
1.35922
1.35926
1.35931
1.35936
1.35939
1.35939
1.35936
1.35933
1.3593
1.35927
1.35923
1.35918
1.35916
1.35917
1.3592
1.35923
1.35926
1.3593
1.35933
1.35934
1.35935
1.35933
1.35932
1.35931
1.3593
1.3593
1.3593
1.35929
1.35927
1.35924
1.35922
1.35921
1.35922
1.35922
1.35922
1.35921
1.3592
1.35921
1.35923
1.35927
1.35933
1.35939
1.35941
1.3594
1.35937
1.35933
1.3593
1.35928
1.35928
1.35929
1.35931
1.35934
1.35936
1.35935
1.35932
1.35927
1.35922
1.35918
1.35916
1.35914
1.35914
1.35914
1.35915
1.35918
1.35921
1.35925
1.35928
1.3593
1.35931
1.3593
1.3593
1.35929
1.35926
1.35922
1.35917
1.35914
1.35913
1.35914
1.35915
1.35918
1.35923
1.35928
1.35932
1.35934
1.35934
1.35932
1.3593
1.35927
1.35925
1.35925
1.35925
1.35927
1.3593
1.35932
1.35934
1.35935
1.35935
1.35935
1.35935
1.35934
1.35933
1.35933
1.35932
1.35931
1.3593
1.3593
1.3593
1.35932
1.35933
1.35934
1.35933
1.35931
1.35929
1.35926
1.35923
1.35922
1.35923
1.35925
1.35928
1.35932
1.35935
1.35937
1.35939
1.3594
1.35939
1.35938
1.35937
1.35938
1.3594
1.35942
1.35944
1.35946
1.35946
1.35946
1.35945
1.35945
1.35945
1.35945
1.35946
1.35947
1.35947
1.35946
1.35946
1.35945
1.35943
1.35941
1.3594
1.3594
1.35942
1.35944
1.35946
1.35946
1.35947
1.35947
1.35949
1.35951
1.35952
1.35951
1.35949
1.35947
1.35945
1.35943
1.35941
1.35941
1.35943
1.35945
1.35946
1.35944
1.35941
1.35937
1.35935
1.35935
1.35937
1.35939
1.35939
1.35938
1.35937
1.35936
1.35934
1.35932
1.35932
1.35933
1.35935
1.35939
1.35941
1.35943
1.35943
1.35943
1.35943
1.35943
1.35943
1.35942
1.35941
1.35941
1.35943
1.35945
1.35946
1.35945
1.35942
1.35939
1.35937
1.35935
1.35934
1.35933
1.35933
1.35934
1.35937
1.35941
1.35943
1.35945
1.35947
1.35949
1.35951
1.35951
1.35951
1.35951
1.3595
1.3595
1.35949
1.35949
1.35947
1.35945
1.35941
1.35938
1.35935
1.35933
1.35932
1.35929
1.35926
1.35923
1.3592
1.35918
1.35918
1.35919
1.35921
1.35923
1.35926
1.3593
1.35934
1.35939
1.35944
1.35946
1.35947
1.35946
1.35946
1.35946
1.35947
1.35948
1.35948
1.35947
1.35945
1.35941
1.35936
1.35932
1.35928
1.35925
1.35922
1.35919
1.35918
1.3592
1.35924
1.35929
1.35934
1.35937
1.35937
1.35936
1.35933
1.3593
1.35929
1.3593
1.35932
1.35934
1.35937
1.35939
1.35941
1.35942
1.35941
1.3594
1.3594
1.35939
1.35939
1.35939
1.35938
1.35936
1.35935
1.35936
1.35936
1.35937
1.35938
1.35941
1.35944
1.35945
1.35946
1.35946
1.35945
1.35944
1.35945
1.35945
1.35944
1.35942
1.35939
1.35935
1.35932
1.3593
1.35929
1.3593
1.35933
1.35936
1.35939
1.35942
1.35945
1.35946
1.35947
1.35946
1.35945
1.35945
1.35945
1.35944
1.35943
1.35941
1.3594
1.3594
1.35939
1.35939
1.35939
1.35939
1.35941
1.35943
1.35945
1.35946
1.35945
1.35943
1.35941
1.3594
1.3594
1.35938
1.35937
1.35935
1.35933
1.35933
1.35934
1.35935
1.35936
1.35936
1.35935
1.35934
1.35931
1.35927
1.35924
1.35921
1.3592
1.35922
1.35925
1.35928
1.35931
1.35931
1.3593
1.35929
1.35927
1.35927
1.35928
1.3593
1.35933
1.35936
1.35937
1.35937
1.35937
1.35937
1.35937
1.35937
1.35938
1.35938
1.3594
1.35942
1.35945
1.35947
1.35949
1.3595
1.35949
1.35947
1.35944
1.35942
1.35941
1.35939
1.35938
1.35937
1.35934
1.35932
1.3593
1.3593
1.3593
1.35929
1.35926
1.35924
1.35922
1.35923
1.35925
1.35927
1.35928
1.35929
1.3593
1.35932
1.35935
1.35937
1.35939
1.3594
1.35942
1.35943
1.35943
1.35943
1.35942
1.35941
1.3594
1.35938
1.35936
1.35934
1.35932
1.35932
1.35932
1.35932
1.35931
1.35929
1.35928
1.35928
1.35929
1.35931
1.35934
1.35937
1.35938
1.35939
1.3594
1.35942
1.35943
1.35944
1.35944
1.35943
1.35942
1.35941
1.3594
1.35939
1.35939
1.35939
1.35937
1.35933
1.35929
1.35927
1.35927
1.35928
1.35929
1.3593
1.3593
1.3593
1.3593
1.35931
1.35932
1.35935
1.35937
1.35938
1.35936
1.35934
1.35931
1.35929
1.35926
1.35923
1.3592
1.35918
1.35917
1.35917
1.35918
1.35921
1.35923
1.35925
1.35927
1.35929
1.35929
1.35929
1.35928
1.35926
1.35927
1.35929
1.35933
1.35938
1.35941
1.35942
1.35941
1.35939
1.35938
1.35938
1.35938
1.35938
1.35939
1.3594
1.35943
1.35945
1.35947
1.35948
1.35947
1.35944
1.3594
1.35938
1.35937
1.35937
1.35936
1.35935
1.35934
1.35933
1.35933
1.35932
1.3593
1.35929
1.35929
1.35932
1.35936
1.3594
1.35941
1.3594
1.35938
1.35935
1.35933
1.35932
1.35932
1.35932
1.35933
1.35933
1.35934
1.35933
1.35931
1.35929
1.35927
1.35927
1.35927
1.3593
1.35933
1.35936
1.35937
1.35937
1.35937
1.35937
1.35936
1.35935
1.35933
1.35931
1.3593
1.35929
1.3593
1.3593
1.3593
1.3593
1.35931
1.35932
1.35934
1.35935
1.35934
1.35933
1.3593
1.35928
1.35926
1.35923
1.3592
1.35918
1.35917
1.35918
1.3592
1.35921
1.35924
1.35926
1.35929
1.35932
1.35934
1.35934
1.35934
1.35934
1.35933
1.35934
1.35936
1.35938
1.3594
1.35941
1.35939
1.35937
1.35937
1.35938
1.3594
1.35942
1.35943
1.35945
1.35946
1.35947
1.35947
1.35945
1.35942
1.35941
1.35941
1.35943
1.35946
1.35945
1.35942
1.35937
1.35933
1.35931
1.35933
1.35937
1.35941
1.35945
1.35947
1.35948
1.35947
1.35945
1.35942
1.35941
1.35941
1.35942
1.35943
1.35944
1.35944
1.35944
1.35945
1.35948
1.35951
1.35951
1.35949
1.35945
1.35941
1.35939
1.35937
1.35936
1.35936
1.35938
1.35941
1.35945
1.35949
1.35953
1.35954
1.35954
1.35951
1.35946
1.3594
1.35937
1.35935
1.35936
1.35938
1.35941
1.35943
1.35944
1.35945
1.35946
1.35946
1.35944
1.35941
1.35938
1.35934
1.3593
1.35928
1.35928
1.3593
1.35933
1.35935
1.35938
1.3594
1.35942
1.35943
1.35945
1.35947
1.35948
1.35949
1.35949
1.35947
1.35945
1.35942
1.35941
1.35942
1.35943
1.35943
1.35943
1.35942
1.35941
1.35939
1.35937
1.35935
1.35934
1.35933
1.35932
1.35932
1.35932
1.35933
1.35934
1.35936
1.35937
1.35937
1.35937
1.35936
1.35934
1.35933
1.35932
1.35931
1.35931
1.35932
1.35933
1.35934
1.35935
1.35934
1.35933
1.35932
1.35931
1.35931
1.35933
1.35934
1.35934
1.35933
1.35933
1.35934
1.35935
1.35935
1.35934
1.35934
1.35933
1.35933
1.35934
1.35935
1.35935
1.35934
1.35932
1.35929
1.35926
1.35923
1.35919
1.35917
1.35915
1.35915
1.35915
1.35913
1.35911
1.3591
1.35911
1.35913
1.35917
1.35921
1.35926
1.3593
1.35931
1.3593
1.35927
1.35923
1.3592
1.35918
1.35918
1.35919
1.3592
1.3592
1.3592
1.35919
1.35918
1.35918
1.35917
1.35916
1.35914
1.35913
1.35912
1.35911
1.3591
1.35908
1.35906
1.35905
1.35904
1.35904
1.35905
1.35908
1.35912
1.35916
1.35918
1.3592
1.35919
1.35918
1.35918
1.35918
1.35917
1.35915
1.35913
1.35911
1.35911
1.35911
1.35911
1.35912
1.35912
1.35911
1.35911
1.35911
1.35911
1.35911
1.35913
1.35915
1.35918
1.35919
1.35918
1.35915
1.35913
1.35912
1.35913
1.35914
1.35914
1.35912
1.35911
1.35912
1.35915
1.3592
1.35923
1.35926
1.35928
1.35928
1.35928
1.35928
1.35928
1.35928
1.35927
1.35927
1.35926
1.35926
1.35927
1.35929
1.35929
1.35928
1.35927
1.35926
1.35925
1.35924
1.35925
1.35926
1.35927
1.35926
1.35925
1.35922
1.3592
1.35916
1.35913
1.35911
1.35911
1.35913
1.35917
1.35921
1.35925
1.35927
1.35928
1.35925
1.35922
1.35918
1.35915
1.35914
1.35915
1.35917
1.35917
1.35915
1.35912
1.3591
1.35909
1.35911
1.35913
1.35915
1.35918
1.35921
1.35924
1.35925
1.35926
1.35926
1.35925
1.35923
1.3592
1.35918
1.35916
1.35915
1.35915
1.35916
1.35918
1.3592
1.35922
1.35922
1.35921
1.35921
1.35923
1.35925
1.35927
1.35928
1.35927
1.35924
1.3592
1.35917
1.35916
1.35917
1.35918
1.35918
1.35918
1.35919
1.35921
1.35922
1.35923
1.35924
1.35926
1.35927
1.35928
1.35928
1.35928
1.35927
1.35926
1.35925
1.35923
1.3592
1.35917
1.35916
1.35917
1.35919
1.35923
1.35926
1.35928
1.3593
1.3593
1.3593
1.35931
1.35933
1.35936
1.35937
1.35939
1.35941
1.35941
1.35939
1.35935
1.35931
1.35929
1.35928
1.35927
1.35927
1.35926
1.35924
1.35921
1.35919
1.35918
1.35919
1.35921
1.35925
1.35929
1.35933
1.35936
1.35938
1.35938
1.35937
1.35935
1.35934
1.35934
1.35935
1.35936
1.35937
1.35938
1.35939
1.3594
1.35939
1.35938
1.35937
1.35936
1.35934
1.35932
1.3593
1.35929
1.35927
1.35925
1.35924
1.35925
1.35926
1.35928
1.35928
1.35927
1.35925
1.35923
1.35922
1.35923
1.35925
1.35929
1.35933
1.35935
1.35935
1.35934
1.35933
1.35934
1.35936
1.35938
1.35939
1.35939
1.35939
1.35938
1.35937
1.35937
1.35937
1.35939
1.35942
1.35946
1.3595
1.35952
1.35952
1.35951
1.35948
1.35943
1.35938
1.35936
1.35936
1.35936
1.35935
1.35934
1.35932
1.35931
1.3593
1.35931
1.35934
1.35937
1.35939
1.35941
1.35943
1.35944
1.35945
1.35945
1.35944
1.35943
1.35942
1.35941
1.35941
1.35942
1.35943
1.35945
1.35946
1.35946
1.35946
1.35945
1.35944
1.35943
1.35942
1.35942
1.35942
1.35942
1.35944
1.35945
1.35945
1.35945
1.35944
1.35943
1.35943
1.35944
1.35946
1.35949
1.3595
1.3595
1.3595
1.35949
1.35948
1.35948
1.35947
1.35946
1.35945
1.35943
1.35941
1.35941
1.35942
1.35946
1.3595
1.35953
1.35953
1.3595
1.35946
1.35943
1.35942
1.35943
1.35945
1.35947
1.35949
1.3595
1.3595
1.35951
1.3595
1.35949
1.35947
1.35945
1.35945
1.35946
1.35947
1.35947
1.35947
1.35947
1.35946
1.35946
1.35946
1.35946
1.35947
1.35947
1.35948
1.35947
1.35944
1.35942
1.3594
1.35939
1.35939
1.35939
1.3594
1.35941
1.35943
1.35945
1.35948
1.35951
1.35953
1.35956
1.35957
1.35958
1.35958
1.35956
1.35954
1.35952
1.35951
1.35952
1.35952
1.35953
1.35954
1.35954
1.35954
1.35953
1.35953
1.35952
1.35951
1.35949
1.35948
1.35949
1.35951
1.35954
1.35955
1.35956
1.35955
1.35954
1.35951
1.35948
1.35946
1.35945
1.35945
1.35946
1.35947
1.35948
1.3595
1.35952
1.35956
1.35959
1.35962
1.35963
1.35963
1.35963
1.35962
1.35961
1.35959
1.35956
1.35954
1.35954
1.35954
1.35954
1.35955
1.35956
1.35958
1.35959
1.3596
1.3596
1.3596
1.3596
1.3596
1.3596
1.35959
1.35958
1.35958
1.35958
1.35958
1.35957
1.35955
1.35953
1.35949
1.35945
1.35942
1.35938
1.35935
1.35932
1.35929
1.35928
1.35928
1.3593
1.35933
1.35936
1.35938
1.3594
1.35941
1.35941
1.35941
1.3594
1.35939
1.35939
1.3594
1.35942
1.35944
1.35945
1.35945
1.35944
1.35943
1.35942
1.35941
1.35942
1.35943
1.35944
1.35944
1.35943
1.35942
1.3594
1.35938
1.35937
1.35937
1.35936
1.35934
1.35931
1.35928
1.35925
1.35921
1.35917
1.35913
1.35911
1.35909
1.35908
1.35907
1.35908
1.35909
1.35911
1.35913
1.35914
1.35916
1.35918
1.35919
1.3592
1.35921
1.35923
1.35926
1.35928
1.35931
1.35933
1.35936
1.35937
1.35937
1.35935
1.35934
1.35932
1.35931
1.3593
1.35932
1.35932
1.3593
1.35927
1.35922
1.35921
1.35922
1.35926
1.35929
1.3593
1.3593
1.3593
1.35929
1.35929
1.3593
1.3593
1.35929
1.35928
1.35927
1.35926
1.35927
1.3593
1.35933
1.35936
1.35938
1.35938
1.35938
1.35939
1.3594
1.35942
1.35944
1.35946
1.35946
1.35943
1.3594
1.35936
1.35932
1.3593
1.35928
1.35927
1.35926
1.35926
1.35926
1.35926
1.35928
1.3593
1.35933
1.35935
1.35937
1.35939
1.35939
1.35938
1.35936
1.35935
1.35935
1.35936
1.35938
1.35939
1.35939
1.35938
1.35937
1.35937
1.35939
1.35944
1.35949
1.35951
1.3595
1.35947
1.35943
1.3594
1.35938
1.35937
1.35936
1.35934
1.35932
1.35931
1.3593
1.3593
1.35929
1.35929
1.35929
1.35929
1.35931
1.35933
1.35936
1.35939
1.35941
1.35943
1.35945
1.35946
1.35946
1.35945
1.35945
1.35944
1.35944
1.35944
1.35943
1.35942
1.35941
1.3594
1.3594
1.35942
1.35944
1.35944
1.35943
1.35941
1.3594
1.35939
1.35938
1.35938
1.3594
1.35942
1.35944
1.35945
1.35946
1.35947
1.35947
1.35946
1.35944
1.35943
1.35942
1.35941
1.3594
1.35942
1.35944
1.35947
1.3595
1.35951
1.35952
1.3595
1.35948
1.35946
1.35945
1.35946
1.35947
1.35948
1.3595
1.35951
1.35952
1.35954
1.35956
1.35957
1.35957
1.35956
1.35955
1.35954
1.35954
1.35953
1.35952
1.35951
1.3595
1.35949
1.35951
1.35953
1.35955
1.35957
1.35959
1.35961
1.35961
1.3596
1.35958
1.35957
1.35956
1.35956
1.35956
1.35958
1.35959
1.35961
1.35961
1.35961
1.35959
1.35958
1.35959
1.35961
1.35962
1.35962
1.35961
1.35959
1.35958
1.35957
1.35957
1.35958
1.35958
1.35958
1.35957
1.35956
1.35955
1.35954
1.35955
1.35956
1.35957
1.35958
1.35959
1.35961
1.35963
1.35966
1.35968
1.35967
1.35966
1.35964
1.35964
1.35966
1.35967
1.35967
1.35966
1.35965
1.35963
1.35961
1.3596
1.3596
1.35959
1.35958
1.35958
1.35959
1.3596
1.35961
1.35961
1.35962
1.35963
1.35965
1.35966
1.35965
1.35964
1.35961
1.35959
1.35959
1.3596
1.35962
1.35964
1.35967
1.35971
1.35974
1.35977
1.35979
1.3598
1.35979
1.35977
1.35974
1.35971
1.3597
1.35968
1.35966
1.35963
1.3596
1.35957
1.35956
1.35954
1.35953
1.35952
1.3595
1.35949
1.35948
1.35949
1.35948
1.35947
1.35945
1.35945
1.35946
1.35947
1.35949
1.35949
1.3595
1.35949
1.35949
1.35949
1.35949
1.3595
1.35951
1.35952
1.35953
1.35954
1.35955
1.35955
1.35956
1.35957
1.35956
1.35955
1.35952
1.35949
1.35946
1.35943
1.35943
1.35943
1.35943
1.35944
1.35945
1.35946
1.35946
1.35945
1.35945
1.35944
1.35945
1.35946
1.35947
1.35948
1.35949
1.3595
1.3595
1.35951
1.35952
1.35954
1.35957
1.35957
1.35956
1.35953
1.3595
1.3595
1.35951
1.35954
1.35955
1.35953
1.35951
1.35948
1.35946
1.35947
1.35949
1.35951
1.35953
1.35954
1.35954
1.35953
1.35951
1.35949
1.35948
1.35948
1.35948
1.35947
1.35947
1.35947
1.35948
1.3595
1.35953
1.35955
1.35956
1.35957
1.35956
1.35955
1.35954
1.35952
1.35951
1.3595
1.35951
1.35952
1.35953
1.35954
1.35955
1.35956
1.35956
1.35957
1.35957
1.35957
1.35956
1.35955
1.35952
1.3595
1.35949
1.35948
1.35947
1.35946
1.35945
1.35945
1.35946
1.35947
1.35949
1.3595
1.35952
1.35954
1.35957
1.35959
1.35959
1.35959
1.35958
1.35956
1.35954
1.35954
1.35954
1.35954
1.35952
1.35949
1.35945
1.35943
1.35941
1.35941
1.35942
1.35943
1.35945
1.35948
1.35949
1.35951
1.35951
1.35951
1.35951
1.35951
1.35952
1.35953
1.35954
1.35954
1.35955
1.35956
1.35957
1.35958
1.35959
1.3596
1.3596
1.3596
1.35959
1.35959
1.35959
1.3596
1.3596
1.3596
1.3596
1.3596
1.35959
1.35958
1.35957
1.35956
1.35956
1.35955
1.35954
1.35953
1.35951
1.35949
1.35948
1.35948
1.35948
1.35949
1.35951
1.35953
1.35956
1.35957
1.35958
1.35959
1.3596
1.3596
1.3596
1.35961
1.35961
1.35963
1.35964
1.35965
1.35966
1.35965
1.35964
1.35962
1.35961
1.35959
1.35957
1.35956
1.35954
1.35954
1.35954
1.35954
1.35956
1.35958
1.3596
1.35961
1.35961
1.35958
1.35954
1.35951
1.35949
1.3595
1.35952
1.35955
1.35958
1.35959
1.3596
1.35961
1.35961
1.35962
1.35963
1.35963
1.35962
1.35961
1.3596
1.3596
1.3596
1.35961
1.35962
1.35961
1.3596
1.35959
1.35958
1.35957
1.35956
1.35956
1.35956
1.35957
1.35959
1.35959
1.35958
1.35955
1.35953
1.35952
1.35954
1.35956
1.35958
1.3596
1.3596
1.35959
1.35958
1.35958
1.3596
1.35963
1.35966
1.35969
1.35971
1.35971
1.35971
1.3597
1.3597
1.35969
1.35969
1.3597
1.35973
1.35976
1.35978
1.35978
1.35975
1.35971
1.35968
1.35967
1.35968
1.35969
1.35969
1.35966
1.35963
1.35961
1.3596
1.35962
1.35965
1.35968
1.35969
1.35969
1.35968
1.35967
1.35966
1.35965
1.35963
1.35961
1.35959
1.35959
1.35959
1.35959
1.35958
1.35957
1.35957
1.35958
1.35962
1.35966
1.3597
1.35972
1.35974
1.35974
1.35974
1.35974
1.35974
1.35974
1.35974
1.35975
1.35975
1.35973
1.35969
1.35963
1.35959
1.35958
1.35961
1.35964
1.35965
1.35965
1.35962
1.35959
1.35957
1.35958
1.3596
1.35963
1.35966
1.35968
1.35969
1.3597
1.35971
1.35972
1.35974
1.35976
1.35977
1.35976
1.35975
1.35973
1.35972
1.3597
1.35968
1.35966
1.35966
1.35966
1.35966
1.35966
1.35966
1.35966
1.35967
1.35968
1.35967
1.35966
1.35965
1.35964
1.35964
1.35963
1.35963
1.35963
1.35964
1.35966
1.35969
1.3597
1.3597
1.35969
1.35967
1.35967
1.35968
1.3597
1.35972
1.35973
1.35973
1.35971
1.3597
1.35971
1.35974
1.35978
1.35981
1.35983
1.35983
1.35983
1.35983
1.35983
1.35983
1.35982
1.35979
1.35976
1.35973
1.35971
1.35968
1.35966
1.35963
1.35962
1.3596
1.35959
1.35957
1.35955
1.35955
1.35957
1.35959
1.35962
1.35965
1.35968
1.35969
1.3597
1.35969
1.35969
1.3597
1.35972
1.35973
1.35974
1.35974
1.35972
1.3597
1.35968
1.35967
1.35968
1.35969
1.3597
1.3597
1.35969
1.35969
1.3597
1.35972
1.35974
1.35975
1.35975
1.35974
1.35973
1.35972
1.35972
1.35972
1.35973
1.35973
1.35972
1.3597
1.35968
1.35966
1.35966
1.35966
1.35967
1.35968
1.35968
1.35968
1.35968
1.35968
1.35969
1.35969
1.3597
1.3597
1.3597
1.35969
1.35967
1.35967
1.35968
1.3597
1.35973
1.35976
1.35978
1.35979
1.35979
1.35978
1.35976
1.35974
1.35972
1.3597
1.3597
1.3597
1.35971
1.35972
1.35973
1.35973
1.35971
1.35971
1.35971
1.35972
1.35973
1.35974
1.35976
1.35979
1.35981
1.35983
1.35982
1.35979
1.35976
1.35973
1.35972
1.35971
1.3597
1.3597
1.3597
1.35969
1.35967
1.35966
1.35965
1.35965
1.35965
1.35964
1.35964
1.35964
1.35965
1.35967
1.35968
1.35969
1.35971
1.35972
1.35973
1.35974
1.35974
1.35973
1.35973
1.35973
1.35972
1.35972
1.35972
1.35972
1.35971
1.35972
1.35973
1.35973
1.35973
1.35973
1.35973
1.35973
1.35972
1.3597
1.35968
1.35967
1.35966
1.35966
1.35966
1.35966
1.35967
1.35968
1.35968
1.35967
1.35967
1.35966
1.35967
1.35968
1.3597
1.35971
1.35971
1.35971
1.3597
1.35969
1.35968
1.35967
1.35968
1.35969
1.35971
1.35972
1.35973
1.35974
1.35974
1.35975
1.35976
1.35978
1.35979
1.35981
1.35981
1.3598
1.35979
1.35977
1.35975
1.35973
1.35972
1.35972
1.35971
1.3597
1.35969
1.35967
1.35967
1.35967
1.35967
1.35968
1.35969
1.3597
1.35972
1.35975
1.35977
1.35979
1.35978
1.35976
1.35973
1.3597
1.35966
1.35964
1.35962
1.35961
1.35963
1.35965
1.35969
1.35972
1.35974
1.35974
1.35974
1.35975
1.35974
1.35974
1.35972
1.35971
1.35969
1.35967
1.35967
1.35968
1.3597
1.35972
1.35974
1.35975
1.35974
1.35974
1.35974
1.35974
1.35973
1.35972
1.35971
1.35971
1.35971
1.35971
1.35972
1.35972
1.35971
1.3597
1.35968
1.35967
1.35965
1.35965
1.35966
1.35968
1.35969
1.35969
1.35968
1.35967
1.35966
1.35965
1.35963
1.3596
1.35959
1.3596
1.35962
1.35964
1.35967
1.3597
1.35973
1.35976
1.35978
1.35979
1.3598
1.35979
1.35978
1.35977
1.35976
1.35975
1.35975
1.35975
1.35975
1.35973
1.35971
1.3597
1.3597
1.35972
1.35974
1.35976
1.35977
0
0.0173425
0.0289648
0.0262684
0.0205873
0.0248493
0.0296687
0.0287078
0.0254506
0.0229016
0.0208137
0.0190019
0.0174798
0.0162088
0.0151114
0.0141623
0.0135584
0.0133162
0.0136236
0.0146384
0.0159122
0.0165362
0.0161502
0.0154674
0.0150788
0.0148094
0.0144424
0.0139828
0.013497
0.0130489
0.0126583
0.0122855
0.0119361
0.0117044
0.0116521
0.0115657
0.0113553
0.0110905
0.0108124
0.0105407
0.0102877
0.010071
0.00986311
0.00963833
0.00943047
0.00926978
0.00919573
0.0091999
0.00922808
0.00921447
0.00907379
0.00892807
0.00912869
0.00971833
0.0100219
0.00988095
0.00975031
0.00971679
0.00962247
0.00946114
0.00939267
0.00933602
0.00918701
0.00917994
0.00939566
0.0095751
0.00955822
0.00942087
0.00932626
0.00934941
0.00943763
0.00945242
0.00935179
0.00922458
0.0091024
0.00898212
0.00887168
0.00878747
0.00876404
0.0088094
0.00885014
0.008799
0.00869849
0.00859961
0.00854543
0.00858367
0.00867144
0.00870493
0.00863528
0.00854513
0.00852776
0.00856943
0.00861658
0.00865752
0.00870047
0.0087148
0.00865596
0.00856865
0.00851106
0.00844846
0.00836856
0.00828682
0.00821381
0.00814177
0.00806419
0.00799483
0.0079585
0.00796221
0.00797729
0.00796971
0.00792595
0.00786084
0.00779109
0.00772323
0.00765831
0.00759928
0.00755528
0.00752499
0.00748731
0.00743256
0.00737089
0.00731864
0.00727797
0.00723765
0.00719062
0.00713688
0.00708068
0.00702539
0.00697094
0.00691721
0.00686669
0.00682426
0.00678121
0.00673221
0.00668341
0.00664482
0.00662137
0.00659633
0.00655921
0.00651407
0.00646798
0.00642911
0.00640093
0.00637092
0.00632948
0.0062879
0.00626059
0.00623948
0.00620293
0.00616721
0.00617633
0.00621158
0.00622506
0.00621581
0.00619459
0.00616351
0.0061262
0.00608757
0.00605004
0.00601886
0.00599598
0.00596996
0.00593506
0.0059005
0.0058844
0.00590055
0.00591833
0.00589918
0.00586486
0.00585215
0.00585429
0.005848
0.00582496
0.00579248
0.00575954
0.00572909
0.00570323
0.00568031
0.00565432
0.00562326
0.0055949
0.0055757
0.00555925
0.00553622
0.00550689
0.00547803
0.00545095
0.00542225
0.00539476
0.00537516
0.00536909
0.00537712
0.0053928
0.00540837
0.00541106
0.00538939
0.00536419
0.00535184
0.00533926
0.00531856
0.00529506
0.00527301
0.00525185
0.00522839
0.00520323
0.005178
0.00515297
0.00512849
0.00510698
0.00508713
0.00506466
0.00504077
0.00501982
0.00500189
0.00498357
0.00496346
0.00494222
0.00492032
0.00489781
0.0048785
0.00486225
0.00484529
0.00482833
0.00480979
0.00478846
0.00476828
0.00474954
0.00473068
0.00471059
0.00469027
0.00467483
0.00467006
0.00466749
0.00464953
0.004635
0.00463391
0.00463497
0.00462783
0.00461097
0.0045925
0.00458216
0.0045725
0.00455437
0.00453943
0.00453595
0.00453843
0.00453437
0.0045179
0.00450548
0.00452654
0.00457477
0.00460296
0.00459551
0.00457748
0.00456582
0.00455693
0.00454503
0.00453067
0.00451611
0.00450226
0.0044887
0.00447402
0.00445726
0.00444151
0.00443097
0.0044239
0.00441672
0.00440758
0.00439611
0.00438246
0.00436638
0.00435404
0.00435784
0.00438147
0.0044174
0.00445648
0.00449106
0.00451157
0.00451003
0.00449454
0.00448263
0.00448196
0.00448676
0.00448883
0.00448383
0.00447195
0.00445764
0.00444384
0.00443051
0.00441571
0.00440072
0.0043867
0.0043721
0.00435721
0.00434243
0.00432786
0.0043139
0.00429995
0.0042856
0.00427129
0.00425711
0.00424299
0.00422975
0.00421844
0.00420565
0.00419292
0.0041883
0.00418673
0.00417817
0.00416468
0.00415638
0.00415106
0.00413965
0.00412762
0.00412349
0.00412206
0.00411568
0.00410394
0.00409135
0.00408321
0.00408626
0.00410216
0.00411469
0.00411057
0.004098
0.00408698
0.00407753
0.00407166
0.00407763
0.00409657
0.00411122
0.00411312
0.00410946
0.00410523
0.00410001
0.00409215
0.00408189
0.0040706
0.00405884
0.00404701
0.0040377
0.00403208
0.00402884
0.00402807
0.00402976
0.00403411
0.00404293
0.00405471
0.00405971
0.00405253
0.00404113
0.00402994
0.00402324
0.0040236
0.00402342
0.00401598
0.00400621
0.00401685
0.00404408
0.0040656
0.00407303
0.00407192
0.00406797
0.0040627
0.00405461
0.00404355
0.00403494
0.00402721
0.00401724
0.00400651
0.0039957
0.00398502
0.00397459
0.00396407
0.00395349
0.00394301
0.00393256
0.00392268
0.00391709
0.00391444
0.00390712
0.00389694
0.00388677
0.00387732
0.00386794
0.0038579
0.00385004
0.00384847
0.00384703
0.00383947
0.00382968
0.00382031
0.00381153
0.00380294
0.00379537
0.0037896
0.00378398
0.00377645
0.00376752
0.00375827
0.0037499
0.00374651
0.00374765
0.0037445
0.00373628
0.00372712
0.00371932
0.00371217
0.00370344
0.00369442
0.00368542
0.00367689
0.00366847
0.00365966
0.00365349
0.00365095
0.00364771
0.00364036
0.00363239
0.00363206
0.00363562
0.00363091
0.00362263
0.003618
0.00361239
0.00360501
0.00359763
0.00359109
0.00358474
0.00357751
0.00356969
0.00356187
0.0035539
0.00354581
0.00354043
0.00353961
0.0035389
0.00353363
0.00352585
0.00351783
0.00351005
0.00350262
0.00349512
0.00348724
0.00348133
0.00348149
0.00349035
0.00350913
0.00353393
0.00355233
0.00355645
0.00355091
0.00354316
0.00354066
0.00355047
0.00356975
0.00359041
0.00360929
0.0036232
0.0036295
0.00362936
0.00362516
0.00361875
0.00361121
0.00360349
0.00359775
0.00359935
0.00361179
0.00363165
0.00365495
0.0036741
0.0036811
0.00367712
0.00366935
0.00366414
0.00366304
0.00366333
0.0036624
0.00365932
0.00365365
0.00364646
0.00363894
0.00363141
0.00362442
0.00361844
0.00361157
0.00360454
0.00359931
0.00359274
0.00358553
0.00357918
0.00357225
0.00356502
0.00355805
0.00355097
0.00354381
0.00353673
0.00352962
0.00352273
0.00351693
0.00351299
0.0035094
0.0035035
0.00349668
0.00349115
0.00348502
0.00347836
0.00347231
0.00346879
0.00346615
0.00346096
0.00345425
0.00344752
0.00344091
0.00343426
0.00342794
0.00342367
0.00342232
0.00342107
0.00341637
0.00340989
0.00340677
0.00340528
0.00340144
0.00339522
0.00338903
0.00338298
0.00337666
0.00337195
0.00336825
0.0033642
0.00335961
0.00335445
0.00334885
0.00334313
0.00333734
0.00333116
0.00332548
0.00332177
0.00331904
0.00331455
0.00330845
0.0033057
0.00330672
0.00330537
0.00330027
0.00329424
0.00328825
0.00328226
0.00327629
0.00327044
0.003265
0.0032604
0.00325692
0.00325382
0.00324976
0.00324476
0.00323973
0.00323618
0.00323604
0.0032376
0.00323622
0.00323112
0.00322585
0.00322306
0.00322078
0.00321693
0.00321147
0.00320613
0.00320193
0.00319783
0.0031926
0.00318718
0.00318271
0.00317881
0.00317542
0.00317129
0.00316582
0.00316113
0.00315752
0.00315354
0.00314863
0.00314333
0.00313796
0.00313264
0.0031282
0.00312571
0.00312335
0.00311896
0.00311371
0.00311029
0.00310985
0.00311003
0.00310799
0.0031037
0.00309858
0.00309342
0.00308867
0.0030842
0.00307943
0.00307435
0.00306941
0.00306563
0.003063
0.00306
0.00305551
0.00305055
0.00304697
0.0030446
0.00304204
0.00303841
0.00303419
0.00303045
0.00302875
0.00303023
0.00303146
0.00302746
0.00302448
0.00302969
0.00303949
0.0030485
0.00305411
0.0030551
0.00305264
0.00304874
0.00304436
0.0030397
0.00303487
0.00303138
0.00303136
0.00303279
0.00303171
0.00302811
0.00302375
0.00301956
0.00301575
0.00301161
0.00300689
0.00300299
0.00300097
0.00300045
0.00300055
0.00300064
0.00299945
0.00299568
0.00299113
0.00298775
0.00298506
0.00298306
0.00298215
0.0029807
0.00297672
0.00297238
0.00296877
0.00296444
0.00296014
0.00295645
0.00295225
0.00294777
0.0029434
0.00293907
0.00293523
0.00293282
0.00293074
0.00292698
0.0029226
0.00291854
0.00291447
0.00291026
0.00290604
0.00290171
0.00289765
0.00289385
0.00288967
0.00288538
0.00288116
0.0028773
0.00287382
0.00287013
0.00286597
0.00286185
0.00285815
0.002855
0.00285306
0.00285188
0.00284869
0.00284473
0.00284397
0.00284804
0.00285431
0.00285703
0.00285397
0.0028503
0.00284811
0.00284546
0.0028417
0.00283763
0.00283357
0.00282952
0.00282548
0.00282144
0.00281745
0.00281345
0.00280972
0.00280741
0.0028064
0.00280584
0.00280539
0.00280374
0.00280014
0.00279644
0.00279344
0.00278983
0.00278603
0.00278339
0.00278163
0.00277935
0.00277576
0.0027721
0.00276902
0.00276526
0.00276175
0.00275861
0.00275504
0.00275124
0.00274773
0.00274449
0.00274141
0.00273892
0.00273754
0.00273632
0.00273416
0.00273143
0.00272869
0.00272564
0.00272201
0.00271834
0.00271465
0.00271135
0.0027083
0.00270464
0.00270237
0.00270269
0.00270428
0.00270421
0.0027014
0.00269779
0.00269451
0.0026915
0.00268885
0.00268652
0.00268477
0.00268442
0.00268498
0.00268402
0.00268082
0.00267749
0.00267497
0.00267227
0.0026689
0.0026654
0.0026619
0.00265889
0.00265762
0.002656
0.00265253
0.00265117
0.0026517
0.00265047
0.00264714
0.0026445
0.00264377
0.00264332
0.00264124
0.00263786
0.00263524
0.00263375
0.00263137
0.00262799
0.00262498
0.00262171
0.00261884
0.00261677
0.00261354
0.00261108
0.0026103
0.00260878
0.00260579
0.00260251
0.00259963
0.00259756
0.002595
0.00259172
0.0025888
0.00258594
0.00258284
0.0025797
0.0025771
0.00257583
0.00257589
0.00257604
0.00257434
0.00257114
0.00256857
0.00256582
0.00256267
0.00256034
0.00255871
0.00255714
0.00255521
0.00255273
0.0025498
0.00254666
0.00254383
0.00254249
0.00254355
0.00254566
0.00254681
0.00254653
0.00254469
0.00254164
0.00253913
0.00253801
0.00253664
0.00253375
0.00253109
0.00252893
0.00252598
0.0025232
0.00252101
0.00251857
0.00251563
0.00251261
0.00250972
0.00250807
0.00250857
0.00251101
0.00251516
0.00251943
0.00252065
0.00251813
0.0025158
0.00251698
0.00252499
0.00254048
0.00255168
0.00255177
0.00254881
0.00254678
0.00254402
0.00254136
0.0025405
0.00254089
0.00253997
0.00253704
0.00253546
0.00253653
0.00253706
0.00253441
0.0025339
0.00254113
0.00254823
0.00254841
0.00254552
0.00254792
0.00255899
0.00257272
0.00258065
0.00258048
0.00257753
0.00257588
0.00257462
0.0025731
0.00257124
0.00256883
0.00256611
0.00256325
0.00256034
0.00255779
0.00255553
0.00255283
0.00255019
0.00255002
0.00255219
0.00255303
0.00255094
0.00254827
0.00254814
0.00255065
0.00255285
0.0025526
0.00255022
0.00254746
0.00254599
0.00254519
0.00254321
0.00254046
0.00253764
0.00253484
0.00253234
0.00253077
0.00252993
0.00252797
0.00252518
0.0025235
0.00252375
0.00252459
0.00252377
0.00252114
0.00251896
0.00251848
0.00251792
0.00251589
0.00251315
0.00251059
0.002508
0.00250527
0.00250258
0.00249994
0.00249744
0.00249562
0.00249457
0.00249306
0.00249072
0.00248804
0.00248539
0.00248284
0.0024805
0.00247832
0.00247607
0.00247368
0.00247114
0.00246849
0.00246597
0.00246387
0.00246244
0.00246224
0.00246396
0.00246676
0.00246855
0.00246803
0.00246551
0.0024643
0.00246784
0.00247406
0.00247723
0.00247576
0.00247318
0.00247097
0.00246847
0.00246617
0.00246522
0.00246416
0.00246183
0.00245938
0.00245777
0.00245716
0.00245721
0.00245714
0.00245631
0.00245422
0.00245168
0.00244929
0.00244675
0.00244434
0.00244211
0.00243994
0.00243764
0.00243515
0.00243289
0.00243259
0.00243493
0.00243801
0.00243942
0.0024379
0.00243548
0.00243403
0.00243234
0.00242992
0.00242761
0.0024256
0.00242324
0.00242088
0.00241906
0.00241737
0.00241548
0.00241344
0.00241119
0.00240876
0.00240643
0.00240428
0.00240213
0.00239982
0.00239742
0.00239502
0.00239269
0.0023904
0.00238822
0.00238697
0.00238851
0.00239092
0.00239019
0.00238783
0.00238573
0.00238408
0.00238255
0.00238082
0.00237865
0.00237631
0.00237434
0.0023725
0.00237033
0.00236801
0.00236626
0.00236511
0.00236353
0.00236143
0.00235924
0.00235697
0.0023547
0.00235303
0.00235198
0.00235062
0.00234879
0.00234688
0.00234515
0.00234371
0.00234219
0.00234031
0.00233825
0.0023362
0.00233397
0.00233221
0.0023319
0.00233188
0.00233166
0.00233142
0.00233112
0.00233103
0.00233073
0.00232914
0.00232693
0.00232626
0.00232817
0.0023301
0.00233099
0.00233124
0.00233088
0.00232989
0.00232839
0.00232653
0.00232467
0.00232355
0.00232399
0.00232471
0.00232377
0.00232158
0.00232082
0.0023232
0.00232661
0.00232873
0.00232923
0.00232884
0.00232795
0.00232641
0.00232436
0.00232218
0.00232024
0.00231956
0.00232075
0.00232227
0.00232225
0.00232058
0.00231843
0.00231647
0.00231432
0.00231254
0.00231149
0.00231029
0.00230844
0.00230634
0.00230565
0.00230752
0.00230994
0.00230999
0.00230791
0.00230705
0.00230899
0.00231178
0.00231212
0.00231015
0.00230836
0.00230704
0.00230533
0.00230323
0.0023012
0.00229923
0.00229726
0.00229523
0.00229315
0.0022911
0.00228916
0.00228723
0.00228517
0.00228316
0.00228122
0.00227915
0.00227752
0.00227641
0.00227485
0.0022728
0.00227134
0.0022708
0.00227053
0.00226957
0.00226781
0.00226579
0.00226379
0.00226188
0.00226017
0.00225869
0.0022572
0.00225547
0.00225349
0.00225153
0.00224962
0.00224764
0.00224655
0.00224668
0.00224605
0.00224409
0.00224284
0.00224225
0.00224095
0.00223915
0.00223727
0.00223534
0.00223363
0.0022342
0.00223646
0.00223798
0.00223846
0.00223838
0.00223766
0.00223615
0.00223421
0.00223236
0.00223069
0.00222907
0.00222751
0.00222616
0.00222534
0.00222539
0.00222633
0.00222773
0.00222843
0.00222728
0.00222535
0.00222379
0.00222232
0.00222085
0.00221974
0.00221937
0.0022193
0.00221858
0.00221694
0.00221513
0.00221452
0.00221545
0.00221611
0.00221527
0.00221369
0.00221198
0.00221015
0.00220834
0.00220716
0.00220615
0.00220461
0.00220278
0.00220091
0.00219911
0.00219765
0.0021968
0.00219565
0.00219381
0.00219211
0.00219039
0.00218856
0.00218693
0.00218519
0.00218335
0.00218152
0.00217973
0.00217797
0.00217615
0.00217456
0.00217351
0.00217273
0.00217164
0.00216993
0.00216832
0.00216724
0.00216574
0.00216395
0.00216248
0.00216106
0.00215954
0.00215797
0.00215635
0.00215477
0.00215353
0.0021528
0.00215202
0.00215066
0.00214889
0.00214812
0.00214994
0.00215355
0.00215616
0.00215612
0.00215444
0.00215309
0.00215284
0.00215268
0.00215161
0.00214999
0.00214829
0.00214671
0.00214535
0.00214396
0.00214223
0.00214086
0.00213972
0.00213813
0.00213641
0.00213483
0.00213315
0.00213147
0.00212987
0.00212817
0.00212652
0.00212508
0.0021236
0.0021219
0.00212037
0.00211914
0.00211764
0.002116
0.00211546
0.00211625
0.00211674
0.00211599
0.00211447
0.00211279
0.00211145
0.00211035
0.00210909
0.00210765
0.00210608
0.00210449
0.00210302
0.00210184
0.00210061
0.0020991
0.00209744
0.00209594
0.00209473
0.00209343
0.00209183
0.00209026
0.00208897
0.0020876
0.00208596
0.00208456
0.00208365
0.0020833
0.00208348
0.00208329
0.00208197
0.00208037
0.00207896
0.0020775
0.002076
0.0020744
0.00207282
0.00207137
0.00207009
0.00206884
0.00206726
0.00206591
0.00206518
0.00206468
0.00206401
0.00206292
0.00206147
0.00205989
0.00205885
0.00205826
0.00205706
0.00205548
0.00205413
0.00205283
0.00205129
0.00204987
0.00204922
0.00204919
0.00204873
0.00204758
0.00204608
0.00204455
0.00204347
0.00204338
0.00204369
0.00204306
0.00204177
0.00204046
0.00203942
0.00203837
0.00203695
0.00203541
0.00203396
0.00203249
0.00203097
0.00202945
0.00202796
0.00202645
0.00202497
0.00202381
0.00202283
0.0020215
0.00202
0.00201881
0.00201773
0.0020165
0.0020151
0.00201361
0.00201212
0.00201085
0.00200962
0.00200814
0.00200759
0.00200771
0.00200715
0.00200569
0.00200465
0.00200418
0.00200305
0.00200156
0.00200047
0.0020001
0.00199994
0.00199935
0.00199839
0.00199737
0.00199633
0.00199498
0.00199357
0.00199264
0.00199154
0.00199007
0.00198882
0.00198761
0.00198643
0.00198549
0.00198456
0.00198323
0.00198182
0.00198092
0.001981
0.0019817
0.00198191
0.00198154
0.00198102
0.00198017
0.00197874
0.00197797
0.00197794
0.00197761
0.00197655
0.00197514
0.00197403
0.00197266
0.00197143
0.00197056
0.00196939
0.00196798
0.00196666
0.00196563
0.00196478
0.00196387
0.00196285
0.00196162
0.00196021
0.00195924
0.00195849
0.00195715
0.00195632
0.00195654
0.00195558
0.00195439
0.00195421
0.0019539
0.00195287
0.0019515
0.00195012
0.00194875
0.00194737
0.00194605
0.0019447
0.00194333
0.001942
0.00194069
0.00193938
0.00193808
0.00193674
0.00193538
0.00193421
0.00193332
0.00193235
0.00193104
0.00192973
0.00192857
0.00192725
0.00192614
0.00192634
0.0019276
0.00192822
0.00192742
0.00192607
0.00192483
0.00192356
0.00192227
0.0019213
0.00192133
0.00192184
0.00192161
0.00192043
0.00191922
0.0019185
0.0019176
0.00191629
0.00191516
0.00191477
0.001915
0.00191467
0.00191356
0.00191224
0.00191097
0.00190982
0.00190867
0.0019075
0.00190653
0.0019055
0.0019042
0.001903
0.0019018
0.00190049
0.00189922
0.00189793
0.00189689
0.00189611
0.00189547
0.00189476
0.00189368
0.00189239
0.00189163
0.00189175
0.00189187
0.00189106
0.00188978
0.00188874
0.00188801
0.00188763
0.00188753
0.00188744
0.00188705
0.0018861
0.00188483
0.00188425
0.00188466
0.00188512
0.00188482
0.00188408
0.00188368
0.00188436
0.00188576
0.00188637
0.00188543
0.00188437
0.00188492
0.0018872
0.00188985
0.00189155
0.00189209
0.00189197
0.00189135
0.00189012
0.00188949
0.00189106
0.00189347
0.00189397
0.0018928
0.00189178
0.00189101
0.00188997
0.00188871
0.00188755
0.00188639
0.00188516
0.00188392
0.00188271
0.00188147
0.00188028
0.00187952
0.00187953
0.00188027
0.00188071
0.00187994
0.00187871
0.00187783
0.00187722
0.00187643
0.0018753
0.00187408
0.00187285
0.00187164
0.00187042
0.00186919
0.00186802
0.00186726
0.00186719
0.00186706
0.00186634
0.00186521
0.001864
0.00186279
0.00186158
0.00186038
0.00185918
0.00185803
0.00185693
0.0018558
0.00185461
0.00185344
0.00185281
0.00185386
0.00185625
0.00185787
0.00185768
0.00185655
0.00185541
0.00185449
0.0018541
0.00185467
0.00185582
0.00185644
0.00185634
0.00185569
0.0018546
0.00185344
0.00185233
0.00185129
0.00185021
0.00184904
0.00184789
0.00184702
0.00184663
0.00184643
0.0018463
0.0018467
0.00184781
0.00184854
0.00184806
0.00184695
0.00184579
0.00184472
0.00184393
0.00184358
0.00184336
0.00184279
0.00184177
0.00184063
0.00183992
0.00183942
0.00183847
0.00183737
0.00183715
0.00183797
0.00183855
0.00183783
0.00183675
0.00183696
0.00183849
0.00183968
0.00183947
0.0018384
0.00183734
0.00183681
0.00183688
0.00183676
0.0018357
0.00183476
0.00183413
0.00183343
0.00183264
0.00183178
0.00183077
0.00182964
0.00182867
0.00182788
0.00182689
0.00182576
0.00182463
0.00182351
0.00182256
0.00182215
0.00182184
0.00182094
0.00181983
0.00181877
0.00181765
0.00181655
0.00181544
0.00181435
0.00181332
0.00181231
0.00181135
0.00181039
0.00180929
0.00180832
0.0018077
0.00180691
0.0018058
0.00180496
0.00180434
0.00180377
0.00180308
0.00180221
0.00180127
0.00180031
0.00179926
0.00179817
0.00179714
0.0017961
0.00179502
0.00179393
0.00179294
0.00179218
0.00179138
0.00179036
0.00178933
0.0017886
0.00178882
0.00178989
0.00179024
0.00178929
0.00178845
0.00178796
0.00178702
0.00178599
0.00178511
0.00178403
0.00178349
0.00178439
0.00178562
0.00178537
0.00178431
0.00178423
0.00178504
0.00178622
0.00178737
0.00178757
0.00178669
0.0017857
0.00178518
0.00178487
0.0017842
0.00178319
0.00178215
0.00178134
0.00178052
0.00177951
0.00177945
0.00178015
0.00178066
0.00178088
0.00178082
0.00178021
0.00177916
0.0017784
0.00177784
0.00177695
0.00177591
0.00177486
0.00177388
0.00177329
0.00177279
0.00177199
0.00177095
0.00177008
0.00176962
0.00176922
0.00176854
0.00176755
0.00176661
0.0017664
0.00176674
0.00176627
0.0017653
0.00176581
0.00176725
0.00176761
0.00176677
0.0017658
0.0017653
0.00176519
0.00176463
0.00176361
0.00176329
0.00176333
0.00176258
0.00176163
0.00176108
0.00176039
0.00175938
0.00175866
0.00175857
0.00175866
0.00175842
0.00175774
0.00175683
0.00175587
0.00175493
0.001754
0.001753
0.00175203
0.00175112
0.00175016
0.00174921
0.00174838
0.00174798
0.00174832
0.00174885
0.00174874
0.00174799
0.001747
0.001746
0.001745
0.00174402
0.00174303
0.00174207
0.00174141
0.00174114
0.00174117
0.00174137
0.00174116
0.00174024
0.00173954
0.00173982
0.00173979
0.00173882
0.0017382
0.00173828
0.0017386
0.00173847
0.00173769
0.00173671
0.00173575
0.00173511
0.00173514
0.00173527
0.00173515
0.00173458
0.00173365
0.00173273
0.00173207
0.00173149
0.00173082
0.00172991
0.00172903
0.00172856
0.00172801
0.00172714
0.00172618
0.00172521
0.00172427
0.00172336
0.0017225
0.00172158
0.00172062
0.0017198
0.00171925
0.00171873
0.00171789
0.00171695
0.001716
0.00171519
0.00171471
0.00171415
0.00171329
0.00171234
0.00171143
0.00171048
0.00170954
0.00170862
0.00170771
0.00170679
0.00170585
0.00170509
0.00170468
0.00170427
0.00170361
0.00170279
0.00170192
0.00170101
0.00170008
0.00169919
0.0016984
0.00169757
0.00169664
0.00169581
0.0016951
0.00169427
0.00169335
0.00169261
0.00169231
0.00169227
0.00169207
0.0016915
0.00169063
0.00168971
0.00168879
0.00168788
0.00168696
0.00168609
0.00168549
0.00168527
0.00168501
0.00168431
0.0016834
0.00168254
0.00168169
0.00168078
0.00168017
0.00167997
0.00167948
0.00167857
0.00167796
0.00167781
0.0016776
0.00167711
0.00167641
0.00167558
0.00167468
0.00167378
0.00167292
0.00167209
0.00167126
0.00167037
0.00166949
0.00166865
0.00166775
0.00166706
0.00166668
0.00166612
0.00166525
0.00166449
0.00166413
0.00166383
0.00166316
0.00166227
0.00166162
0.00166096
0.00166008
0.00165924
0.00165843
0.00165756
0.0016567
0.00165597
0.00165536
0.00165472
0.00165405
0.00165346
0.00165314
0.00165316
0.00165324
0.00165287
0.00165205
0.00165121
0.0016505
0.00164996
0.00164967
0.00164954
0.00164923
0.00164845
0.00164766
0.00164726
0.0016469
0.00164632
0.00164556
0.00164471
0.00164385
0.00164299
0.00164213
0.00164127
0.00164058
0.00164013
0.00163959
0.00163882
0.00163796
0.0016371
0.00163625
0.0016354
0.00163471
0.00163443
0.0016343
0.00163409
0.0016339
0.00163364
0.00163295
0.00163223
0.00163274
0.00163404
0.00163445
0.00163385
0.001633
0.00163215
0.00163133
0.00163064
0.00163
0.00162928
0.00162848
0.00162766
0.00162687
0.00162619
0.00162559
0.00162492
0.00162412
0.00162329
0.00162256
0.00162206
0.00162158
0.00162083
0.00162
0.00161918
0.00161837
0.00161767
0.00161691
0.0016161
0.0016155
0.00161487
0.00161405
0.00161333
0.00161298
0.00161287
0.00161245
0.00161165
0.00161088
0.00161017
0.00160947
0.00160885
0.0016083
0.00160766
0.00160686
0.00160608
0.00160532
0.00160453
0.00160441
0.00160554
0.00160615
0.00160535
0.0016053
0.00160542
0.00160463
0.00160449
0.00160493
0.00160471
0.00160392
0.00160334
0.00160328
0.00160316
0.00160259
0.00160185
0.0016011
0.00160036
0.00159959
0.0015988
0.00159799
0.00159723
0.00159656
0.00159593
0.00159528
0.00159453
0.00159373
0.00159295
0.00159216
0.00159142
0.00159065
0.00158986
0.00158921
0.00158899
0.00158939
0.00159005
0.00159036
0.00159006
0.00158933
0.00158861
0.00158832
0.00158818
0.00158768
0.00158696
0.00158625
0.00158572
0.00158526
0.00158475
0.00158438
0.0015842
0.00158379
0.00158302
0.0015825
0.00158245
0.00158241
0.00158205
0.00158137
0.00158059
0.00157985
0.0015795
0.00157994
0.00158052
0.00158019
0.00157943
0.00157924
0.00157943
0.00157926
0.00157875
0.0015782
0.00157772
0.00157708
0.00157632
0.00157585
0.00157567
0.00157557
0.0015755
0.00157526
0.00157477
0.0015741
0.00157333
0.00157278
0.00157261
0.00157258
0.00157242
0.00157204
0.00157137
0.00157068
0.001571
0.00157264
0.00157421
0.00157448
0.00157375
0.00157344
0.00157439
0.00157518
0.00157487
0.00157411
0.00157387
0.00157418
0.00157411
0.00157341
0.00157272
0.00157212
0.00157143
0.00157068
0.00156994
0.00156937
0.00156953
0.00157067
0.00157193
0.00157223
0.00157161
0.00157095
0.00157084
0.00157121
0.00157152
0.00157135
0.00157077
0.00157007
0.00156937
0.00156876
0.00156836
0.00156831
0.00156859
0.00156884
0.00156856
0.00156782
0.00156755
0.00156837
0.00156893
0.0015688
0.00156838
0.00156795
0.00156767
0.00156719
0.00156647
0.00156659
0.00156735
0.00156735
0.00156661
0.00156651
0.00156695
0.00156671
0.00156597
0.00156561
0.0015656
0.00156556
0.00156542
0.00156531
0.00156532
0.00156521
0.00156474
0.00156406
0.00156335
0.00156262
0.00156193
0.00156141
0.00156109
0.00156095
0.00156058
0.00155986
0.00155918
0.00155852
0.0015578
0.00155707
0.00155634
0.00155562
0.00155492
0.0015542
0.00155359
0.00155346
0.00155331
0.00155274
0.00155201
0.00155129
0.00155066
0.00155041
0.00155013
0.00154944
0.00154895
0.00154927
0.00154992
0.00155004
0.00154971
0.0015492
0.00154857
0.00154787
0.00154715
0.00154649
0.001546
0.00154564
0.00154503
0.00154432
0.00154362
0.00154291
0.0015422
0.0015415
0.00154079
0.00154008
0.00153946
0.00153902
0.00153877
0.00153857
0.00153825
0.00153766
0.00153697
0.00153662
0.0015364
0.00153582
0.00153512
0.00153458
0.00153412
0.00153356
0.00153287
0.00153228
0.00153203
0.00153177
0.00153116
0.00153052
0.00153003
0.00152934
0.00152892
0.00152903
0.00152897
0.00152837
0.00152785
0.00152848
0.00153008
0.00153142
0.00153188
0.0015318
0.00153168
0.00153172
0.00153151
0.00153087
0.00153028
0.00153031
0.00153128
0.00153293
0.00153433
0.00153472
0.00153443
0.00153404
0.00153374
0.00153335
0.00153275
0.00153206
0.00153168
0.00153185
0.00153222
0.00153218
0.00153165
0.00153096
0.00153033
0.00152967
0.00152899
0.00152841
0.00152791
0.00152728
0.00152666
0.0015264
0.00152604
0.00152539
0.00152474
0.00152436
0.00152445
0.00152462
0.00152436
0.00152379
0.00152312
0.00152244
0.00152179
0.00152131
0.0015212
0.00152127
0.00152125
0.00152109
0.00152078
0.00152033
0.00151972
0.00151905
0.0015184
0.00151783
0.00151744
0.0015173
0.00151753
0.00151806
0.00151833
0.00151793
0.00151728
0.00151661
0.001516
0.00151556
0.00151519
0.0015147
0.00151409
0.00151343
0.0015128
0.00151227
0.00151181
0.00151137
0.00151079
0.00151014
0.0015097
0.00150922
0.00150856
0.00150824
0.00150852
0.00150845
0.00150779
0.00150754
0.00150784
0.00150789
0.00150736
0.00150671
0.0015061
0.00150547
0.00150482
0.00150418
0.00150362
0.00150307
0.00150243
0.00150235
0.0015028
0.00150275
0.00150211
0.00150159
0.00150124
0.00150084
0.00150021
0.00149968
0.00149961
0.00149979
0.00149992
0.00149966
0.00149902
0.00149849
0.00149797
0.00149733
0.0014967
0.00149606
0.00149541
0.00149477
0.00149412
0.00149352
0.00149298
0.0014924
0.00149176
0.00149114
0.00149061
0.00149011
0.00148949
0.00148887
0.00148837
0.00148804
0.00148777
0.00148734
0.0014867
0.00148623
0.00148612
0.00148629
0.00148649
0.0014863
0.00148569
0.00148524
0.0014852
0.0014854
0.00148563
0.00148563
0.0014853
0.00148478
0.0014842
0.00148368
0.0014834
0.00148333
0.00148294
0.0014823
0.00148181
0.0014814
0.00148108
0.00148102
0.00148128
0.00148153
0.0014813
0.00148071
0.00148008
0.00147947
0.00147886
0.00147825
0.00147775
0.00147727
0.00147681
0.00147634
0.00147581
0.00147523
0.00147465
0.00147408
0.00147348
0.00147291
0.00147287
0.00147357
0.0014746
0.0014753
0.0014753
0.00147487
0.00147437
0.00147384
0.00147322
0.00147269
0.00147209
0.00147148
0.00147092
0.00147035
0.00146973
0.00146932
0.00146953
0.00147006
0.00147013
0.00146958
0.00146933
0.0014707
0.00147319
0.00147505
0.0014758
0.00147577
0.00147524
0.00147465
0.00147421
0.00147372
0.00147313
0.00147252
0.00147191
0.00147145
0.00147145
0.00147176
0.00147164
0.00147105
0.00147051
0.00147
0.00146939
0.00146879
0.00146818
0.00146761
0.00146709
0.00146652
0.00146594
0.00146581
0.00146619
0.00146654
0.00146642
0.0014659
0.0014653
0.00146481
0.00146443
0.00146407
0.00146363
0.00146307
0.00146248
0.0014619
0.00146152
0.00146162
0.00146194
0.00146171
0.00146111
0.00146059
0.00145999
0.00145955
0.00145932
0.00145903
0.00145855
0.00145797
0.00145737
0.0014568
0.00145636
0.00145609
0.00145574
0.00145522
0.00145464
0.00145407
0.00145348
0.0014529
0.00145238
0.00145181
0.00145125
0.00145088
0.00145045
0.00144992
0.00144946
0.00144929
0.00144918
0.00144868
0.00144813
0.00144775
0.00144733
0.0014468
0.00144621
0.00144562
0.0014451
0.00144482
0.00144458
0.00144412
0.00144354
0.00144295
0.00144238
0.00144183
0.00144127
0.00144069
0.00144012
0.00143954
0.00143901
0.00143846
0.0014379
0.00143744
0.00143689
0.0014364
0.00143644
0.00143676
0.0014368
0.00143648
0.00143599
0.00143544
0.00143486
0.00143439
0.0014343
0.00143456
0.0014346
0.00143415
0.00143359
0.00143321
0.00143294
0.00143266
0.00143233
0.00143193
0.00143142
0.00143086
0.00143055
0.00143056
0.00143068
0.00143062
0.0014302
0.00142963
0.00142931
0.00142908
0.00142865
0.0014281
0.00142753
0.00142696
0.00142642
0.00142587
0.00142531
0.00142475
0.00142418
0.00142363
0.00142314
0.00142272
0.00142244
0.0014224
0.00142229
0.00142178
0.00142132
0.00142126
0.00142132
0.0014211
0.0014206
0.00142004
0.00141954
0.0014191
0.00141869
0.00141832
0.00141796
0.00141757
0.00141713
0.00141659
0.00141605
0.00141559
0.00141518
0.00141467
0.00141412
0.00141362
0.00141321
0.00141281
0.00141233
0.00141178
0.00141125
0.00141069
0.00141017
0.00140966
0.00140911
0.00140864
0.00140824
0.00140779
0.00140727
0.00140675
0.00140622
0.00140568
0.00140532
0.00140507
0.00140475
0.00140441
0.00140408
0.00140368
0.00140324
0.00140272
0.00140218
0.00140173
0.00140131
0.0014009
0.00140047
0.0014
0.00139948
0.00139894
0.0013984
0.00139794
0.00139767
0.00139738
0.00139685
0.00139646
0.00139635
0.0013961
0.0013956
0.00139506
0.00139454
0.00139405
0.00139351
0.00139316
0.00139339
0.00139424
0.00139517
0.00139527
0.00139473
0.00139481
0.00139572
0.00139665
0.00139716
0.00139737
0.00139741
0.00139729
0.001397
0.00139657
0.00139609
0.00139556
0.00139506
0.00139489
0.00139528
0.00139607
0.001397
0.00139817
0.00139987
0.00140207
0.00140415
0.00140552
0.00140601
0.00140579
0.00140525
0.00140498
0.00140513
0.00140538
0.00140542
0.00140513
0.00140464
0.00140411
0.0014036
0.00140327
0.00140322
0.00140315
0.00140273
0.00140223
0.00140206
0.00140196
0.00140174
0.00140148
0.00140129
0.00140118
0.00140088
0.00140035
0.00140016
0.00140065
0.00140161
0.00140262
0.00140323
0.00140323
0.00140281
0.00140228
0.00140177
0.00140126
0.00140081
0.00140045
0.00140009
0.00139962
0.00139909
0.00139858
0.0013981
0.00139757
0.00139716
0.00139695
0.00139657
0.00139605
0.00139553
0.00139501
0.00139452
0.00139419
0.00139389
0.00139341
0.00139289
0.00139236
0.00139184
0.00139136
0.00139111
0.0013911
0.00139096
0.00139055
0.00139003
0.00138953
0.00138906
0.00138859
0.00138809
0.00138758
0.00138708
0.00138678
0.00138684
0.00138703
0.00138687
0.00138636
0.00138617
0.00138641
0.00138652
0.00138632
0.00138592
0.00138549
0.00138514
0.00138483
0.00138436
0.00138387
0.00138342
0.00138292
0.00138242
0.00138192
0.00138143
0.00138114
0.00138111
0.00138102
0.00138068
0.00138023
0.00137973
0.00137922
0.00137874
0.00137826
0.00137775
0.00137728
0.00137698
0.00137682
0.00137653
0.00137603
0.00137558
0.00137511
0.00137461
0.00137411
0.0013736
0.00137312
0.00137269
0.00137227
0.00137178
0.00137131
0.00137104
0.00137097
0.00137083
0.00137045
0.00136995
0.00136953
0.00136938
0.0013694
0.00136917
0.00136868
0.00136831
0.00136795
0.00136746
0.00136706
0.00136687
0.00136689
0.00136694
0.00136671
0.00136622
0.00136638
0.00136704
0.001367
0.0013665
0.00136625
0.00136625
0.00136627
0.00136614
0.0013658
0.00136533
0.00136484
0.00136438
0.00136391
0.00136342
0.00136297
0.00136254
0.00136204
0.00136169
0.00136176
0.00136203
0.00136211
0.00136195
0.00136167
0.00136134
0.00136091
0.00136042
0.00135997
0.00135972
0.00135989
0.00136014
0.00136
0.00135956
0.00135907
0.00135865
0.00135823
0.00135774
0.00135734
0.00135734
0.00135784
0.00135852
0.00135884
0.0013585
0.00135809
0.00135819
0.00135862
0.00135887
0.00135876
0.00135847
0.00135809
0.00135765
0.00135719
0.00135671
0.00135625
0.00135595
0.00135585
0.00135571
0.00135538
0.00135491
0.00135445
0.00135401
0.00135353
0.00135307
0.00135262
0.00135214
0.00135166
0.00135119
0.00135073
0.00135032
0.0013499
0.00134942
0.00134896
0.00134856
0.00134825
0.00134797
0.00134757
0.0013471
0.0013467
0.00134644
0.0013463
0.00134618
0.00134583
0.00134536
0.00134501
0.00134465
0.00134418
0.00134374
0.00134331
0.00134284
0.00134238
0.00134201
0.00134185
0.00134204
0.00134254
0.00134287
0.00134267
0.0013422
0.00134193
0.00134186
0.00134177
0.0013417
0.00134185
0.001342
0.0013417
0.00134125
0.00134104
0.00134097
0.00134089
0.00134083
0.00134068
0.00134033
0.00133986
0.00133945
0.00133908
0.00133866
0.0013382
0.00133773
0.00133726
0.00133685
0.0013366
0.0013364
0.00133607
0.00133563
0.00133517
0.00133471
0.00133425
0.00133382
0.00133337
0.00133292
0.00133266
0.00133297
0.00133381
0.00133435
0.00133412
0.00133368
0.00133362
0.00133379
0.00133372
0.00133337
0.00133291
0.0013325
0.00133227
0.0013321
0.00133175
0.0013313
0.00133124
0.0013317
0.00133222
0.00133234
0.00133209
0.00133169
0.00133124
0.00133078
0.00133037
0.00133011
0.00133012
0.00133026
0.00133022
0.0013299
0.00132945
0.001329
0.00132855
0.00132815
0.00132798
0.00132816
0.0013284
0.00132829
0.00132788
0.00132743
0.00132707
0.00132699
0.00132727
0.00132768
0.00132782
0.00132755
0.0013271
0.00132674
0.00132657
0.00132639
0.00132604
0.0013256
0.00132515
0.0013248
0.00132462
0.00132443
0.0013241
0.00132368
0.00132323
0.00132278
0.00132234
0.00132192
0.00132148
0.00132104
0.00132061
0.00132021
0.0013198
0.00131936
0.00131893
0.00131854
0.00131816
0.00131774
0.0013173
0.00131698
0.00131679
0.00131664
0.00131643
0.00131604
0.00131561
0.00131538
0.00131532
0.0013153
0.00131519
0.00131499
0.00131467
0.00131425
0.00131381
0.00131342
0.001313
0.00131257
0.00131224
0.00131203
0.00131179
0.00131141
0.00131097
0.00131054
0.0013101
0.00130966
0.00130922
0.00130878
0.00130835
0.00130793
0.00130749
0.00130705
0.00130663
0.00130622
0.00130587
0.00130561
0.00130525
0.00130482
0.00130452
0.00130425
0.0013039
0.00130348
0.00130305
0.00130264
0.00130232
0.00130202
0.0013016
0.0013012
0.0013009
0.00130062
0.00130034
0.00130013
0.00129983
0.0012994
0.00129915
0.0012989
0.00129847
0.00129814
0.0012981
0.00129821
0.00129796
0.00129753
0.00129723
0.00129689
0.00129647
0.00129606
0.00129569
0.00129535
0.00129503
0.0012947
0.00129428
0.0012939
0.00129374
0.0012937
0.00129352
0.00129316
0.00129274
0.00129232
0.00129189
0.00129146
0.00129104
0.00129066
0.00129027
0.00128985
0.00128953
0.00128924
0.00128884
0.00128845
0.00128825
0.00128819
0.00128802
0.00128768
0.00128729
0.0012869
0.00128648
0.00128613
0.00128603
0.00128604
0.00128591
0.00128565
0.00128536
0.00128509
0.00128477
0.00128436
0.00128395
0.00128353
0.00128312
0.0012827
0.0012823
0.00128189
0.00128155
0.00128142
0.00128155
0.00128158
0.00128139
0.00128109
0.00128081
0.00128062
0.00128057
0.0012806
0.00128049
0.00128014
0.00127973
0.00127933
0.00127899
0.00127877
0.00127872
0.00127886
0.00127928
0.00127985
0.00128017
0.00128001
0.0012796
0.0012792
0.00127878
0.00127838
0.00127798
0.00127758
0.00127716
0.00127677
0.00127658
0.00127673
0.0012771
0.00127741
0.00127753
0.00127755
0.00127756
0.00127742
0.00127702
0.00127672
0.00127687
0.00127749
0.00127798
0.00127791
0.00127751
0.00127719
0.00127709
0.00127696
0.00127659
0.00127621
0.00127594
0.00127572
0.00127552
0.00127531
0.00127503
0.00127464
0.00127424
0.00127385
0.00127347
0.00127306
0.00127266
0.00127226
0.00127188
0.00127155
0.00127118
0.00127077
0.0012704
0.00127001
0.00126967
0.00126949
0.00126939
0.00126913
0.00126873
0.00126834
0.00126796
0.00126756
0.00126716
0.00126676
0.00126637
0.00126616
0.0012662
0.00126634
0.00126639
0.00126613
0.00126573
0.00126538
0.00126519
0.00126516
0.00126515
0.00126511
0.00126499
0.00126471
0.00126431
0.00126393
0.00126354
0.00126314
0.00126275
0.00126239
0.00126208
0.00126175
0.00126137
0.00126099
0.0012606
0.00126021
0.00125981
0.00125943
0.00125912
0.00125891
0.00125865
0.00125827
0.0012579
0.00125763
0.00125732
0.00125696
0.00125659
0.00125625
0.00125596
0.00125571
0.00125543
0.00125504
0.00125468
0.00125436
0.00125401
0.00125361
0.00125324
0.00125296
0.0012529
0.00125303
0.00125317
0.00125306
0.00125269
0.00125239
0.00125239
0.00125249
0.00125232
0.00125194
0.00125158
0.00125131
0.00125103
0.00125065
0.00125031
0.0012502
0.0012502
0.00125005
0.00124972
0.00124933
0.00124894
0.00124855
0.00124817
0.00124778
0.00124739
0.00124703
0.00124675
0.00124655
0.00124639
0.00124627
0.00124609
0.00124574
0.00124539
0.00124521
0.00124508
0.00124488
0.0012446
0.00124427
0.00124395
0.00124368
0.00124352
0.00124338
0.00124309
0.00124271
0.00124233
0.00124199
0.00124181
0.00124169
0.00124139
0.00124101
0.00124077
0.00124055
0.00124023
0.00123988
0.00123957
0.00123937
0.00123922
0.00123903
0.00123878
0.00123851
0.00123822
0.00123788
0.00123751
0.00123713
0.00123676
0.00123641
0.0012361
0.00123586
0.0012357
0.00123552
0.00123521
0.00123485
0.00123447
0.00123409
0.00123373
0.00123343
0.00123311
0.00123273
0.00123239
0.00123219
0.00123216
0.00123208
0.00123178
0.00123141
0.00123107
0.00123086
0.00123061
0.00123025
0.00122988
0.00122952
0.00122917
0.00122885
0.00122852
0.00122817
0.0012278
0.00122743
0.00122723
0.00122747
0.00122771
0.0012275
0.00122713
0.00122681
0.0012265
0.00122614
0.00122577
0.00122539
0.00122502
0.00122468
0.00122442
0.00122428
0.00122412
0.00122377
0.00122348
0.0012234
0.00122331
0.00122313
0.00122303
0.00122305
0.00122301
0.00122283
0.00122254
0.00122217
0.00122189
0.00122175
0.00122162
0.00122144
0.00122121
0.00122092
0.00122058
0.00122021
0.00121991
0.00121962
0.00121925
0.00121909
0.00121941
0.00122004
0.00122021
0.00121986
0.00121956
0.0012193
0.00121899
0.00121864
0.00121827
0.00121791
0.00121758
0.00121731
0.00121713
0.001217
0.00121679
0.00121646
0.00121614
0.00121612
0.00121624
0.00121608
0.00121576
0.00121541
0.00121507
0.00121474
0.00121442
0.00121407
0.00121372
0.00121342
0.00121319
0.00121288
0.00121254
0.00121255
0.00121284
0.00121292
0.00121264
0.0012123
0.00121216
0.00121216
0.00121204
0.00121173
0.00121137
0.00121102
0.00121067
0.00121032
0.00120996
0.00120963
0.00120942
0.00120924
0.00120897
0.00120863
0.00120829
0.00120816
0.00120826
0.00120824
0.00120795
0.00120759
0.00120723
0.00120688
0.00120654
0.0012063
0.00120611
0.00120587
0.00120556
0.00120521
0.00120486
0.00120451
0.00120415
0.0012038
0.00120346
0.00120322
0.00120299
0.00120266
0.00120233
0.0012021
0.00120195
0.00120179
0.00120162
0.00120155
0.00120158
0.00120147
0.00120113
0.0012008
0.00120054
0.00120033
0.00120017
0.00120009
0.0012001
0.00120007
0.00119987
0.00119953
0.00119919
0.00119885
0.00119849
0.00119817
0.00119794
0.00119782
0.00119764
0.00119729
0.00119704
0.00119684
0.00119649
0.00119623
0.00119605
0.00119581
0.00119555
0.00119529
0.00119502
0.00119471
0.00119436
0.00119416
0.00119407
0.00119383
0.00119349
0.00119334
0.00119318
0.00119283
0.001193
0.00119381
0.00119415
0.00119386
0.00119364
0.00119386
0.00119428
0.0011945
0.00119439
0.00119406
0.00119375
0.00119361
0.00119354
0.00119329
0.00119294
0.00119266
0.0011924
0.00119207
0.00119173
0.00119138
0.00119116
0.00119115
0.00119106
0.00119073
0.00119057
0.00119087
0.00119112
0.00119104
0.00119079
0.00119048
0.00119014
0.00118991
0.00119001
0.00119036
0.00119071
0.00119082
0.00119058
0.00119026
0.00119029
0.00119093
0.00119175
0.00119198
0.00119173
0.0011914
0.00119124
0.00119123
0.0011911
0.00119082
0.00119051
0.00119019
0.00118985
0.0011896
0.00118957
0.00118978
0.00119011
0.00119028
0.00119009
0.00118975
0.00118954
0.00118946
0.00118942
0.00118933
0.00118918
0.00118899
0.00118877
0.00118856
0.00118835
0.00118809
0.00118776
0.00118743
0.00118719
0.00118712
0.00118702
0.00118672
0.0011864
0.00118612
0.00118579
0.00118546
0.00118516
0.0011849
0.0011847
0.00118457
0.00118439
0.00118411
0.0011838
0.00118349
0.00118316
0.00118283
0.00118255
0.0011823
0.00118205
0.00118177
0.00118145
0.00118112
0.00118085
0.0011806
0.00118033
0.00118005
0.00117975
0.00117941
0.00117912
0.00117886
0.00117857
0.00117824
0.00117791
0.00117762
0.00117737
0.00117707
0.00117675
0.00117651
0.00117622
0.00117589
0.00117557
0.00117524
0.00117493
0.00117461
0.00117428
0.00117397
0.00117366
0.00117335
0.00117302
0.00117271
0.00117243
0.00117211
0.00117181
0.00117166
0.00117171
0.00117183
0.00117198
0.00117215
0.00117218
0.00117192
0.00117159
0.00117127
0.00117104
0.00117085
0.00117056
0.00117024
0.00117012
0.00117031
0.00117082
0.00117141
0.00117169
0.00117147
0.0011712
0.00117133
0.00117165
0.00117171
0.00117148
0.00117115
0.00117086
0.00117056
0.00117023
0.00116993
0.00116962
0.00116931
0.001169
0.00116871
0.00116844
0.0011682
0.00116795
0.00116769
0.0011674
0.00116711
0.00116689
0.00116675
0.00116654
0.00116623
0.00116591
0.00116566
0.00116564
0.00116591
0.00116624
0.00116628
0.00116601
0.0011657
0.0011654
0.00116508
0.00116476
0.00116448
0.00116429
0.00116416
0.00116397
0.00116366
0.00116335
0.00116303
0.00116272
0.00116239
0.00116208
0.00116176
0.00116144
0.00116112
0.0011608
0.00116058
0.00116056
0.00116054
0.00116027
0.00116001
0.00115995
0.00115986
0.00115958
0.00115928
0.00115902
0.0011587
0.0011585
0.00115825
0.00115798
0.00115813
0.00115854
0.00115885
0.00115887
0.00115866
0.00115835
0.00115803
0.00115772
0.00115741
0.00115709
0.00115677
0.00115646
0.00115616
0.00115585
0.00115558
0.00115536
0.00115506
0.00115478
0.00115456
0.00115433
0.00115405
0.00115374
0.00115345
0.00115319
0.00115289
0.0011526
0.0011524
0.0011523
0.0011523
0.00115244
0.00115258
0.00115246
0.00115215
0.00115204
0.00115238
0.00115292
0.00115324
0.00115316
0.00115284
0.00115273
0.00115301
0.00115336
0.00115341
0.00115315
0.00115287
0.0011527
0.00115241
0.00115223
0.00115237
0.00115234
0.00115203
0.0011518
0.00115167
0.00115162
0.00115165
0.00115174
0.00115173
0.00115155
0.00115127
0.00115096
0.00115068
0.0011506
0.00115063
0.00115057
0.00115042
0.00115017
0.00114986
0.00114961
0.00114951
0.00114948
0.0011493
0.00114899
0.00114872
0.00114841
0.00114821
0.00114811
0.00114798
0.00114773
0.00114744
0.00114757
0.00114813
0.00114823
0.00114793
0.00114766
0.00114736
0.00114706
0.00114675
0.00114649
0.00114629
0.00114607
0.00114582
0.00114557
0.00114536
0.00114515
0.00114487
0.00114457
0.00114427
0.00114398
0.00114371
0.00114348
0.00114336
0.00114338
0.00114343
0.00114322
0.00114294
0.00114297
0.00114323
0.0011434
0.00114332
0.00114306
0.00114276
0.00114246
0.00114223
0.0011421
0.00114198
0.00114185
0.00114171
0.00114151
0.00114121
0.00114111
0.00114147
0.0011418
0.00114171
0.00114145
0.00114116
0.00114088
0.00114064
0.00114049
0.00114044
0.00114037
0.00114013
0.00113985
0.00113989
0.00114025
0.0011407
0.00114104
0.00114112
0.00114093
0.00114063
0.00114037
0.00114015
0.00113989
0.00113959
0.0011393
0.00113904
0.00113882
0.00113859
0.00113833
0.00113803
0.00113774
0.00113748
0.00113724
0.00113704
0.00113689
0.00113674
0.00113653
0.00113631
0.00113617
0.00113606
0.0011358
0.00113552
0.00113534
0.00113512
0.00113483
0.00113457
0.00113444
0.00113433
0.00113408
0.00113381
0.00113382
0.00113421
0.00113453
0.00113439
0.00113409
0.00113385
0.00113357
0.00113331
0.00113321
0.00113309
0.00113283
0.00113253
0.00113224
0.00113195
0.00113169
0.00113141
0.00113112
0.00113094
0.00113107
0.0011315
0.00113185
0.00113181
0.00113152
0.00113133
0.00113153
0.00113221
0.00113276
0.00113268
0.00113238
0.00113209
0.00113182
0.00113164
0.00113147
0.00113126
0.00113098
0.00113075
0.00113076
0.00113083
0.00113077
0.00113062
0.00113045
0.00113027
0.00113004
0.00112974
0.0011295
0.00112929
0.00112908
0.00112883
0.00112854
0.0011283
0.00112812
0.00112792
0.00112766
0.00112737
0.00112709
0.00112683
0.00112658
0.00112632
0.00112605
0.00112577
0.00112548
0.00112521
0.00112498
0.00112474
0.00112446
0.00112417
0.0011239
0.00112366
0.00112337
0.00112315
0.00112307
0.00112297
0.00112274
0.00112245
0.00112217
0.00112192
0.00112166
0.00112137
0.00112109
0.00112085
0.00112069
0.00112055
0.00112035
0.00112007
0.00111986
0.00112006
0.00112055
0.00112062
0.00112034
0.00112036
0.00112062
0.00112071
0.00112052
0.00112025
0.00112019
0.0011202
0.00112004
0.00111979
0.00111951
0.00111922
0.00111894
0.00111873
0.00111864
0.00111848
0.0011182
0.00111796
0.00111773
0.00111746
0.00111718
0.00111691
0.00111663
0.00111635
0.00111606
0.00111578
0.0011155
0.00111524
0.00111496
0.00111472
0.00111467
0.00111474
0.00111462
0.00111434
0.00111406
0.00111377
0.00111352
0.00111331
0.00111314
0.00111307
0.00111312
0.00111322
0.00111327
0.00111321
0.00111307
0.00111283
0.00111255
0.00111241
0.00111235
0.0011122
0.00111195
0.00111167
0.00111141
0.00111115
0.00111089
0.00111061
0.00111033
0.00111005
0.00110978
0.00110953
0.00110937
0.00110924
0.00110898
0.00110876
0.00110869
0.00110863
0.00110846
0.00110819
0.00110793
0.00110776
0.00110774
0.00110786
0.00110784
0.00110761
0.00110733
0.00110708
0.00110687
0.00110667
0.00110648
0.00110646
0.00110674
0.0011071
0.00110714
0.00110692
0.00110664
0.00110636
0.00110611
0.00110593
0.00110587
0.00110585
0.00110573
0.00110548
0.0011052
0.00110493
0.00110468
0.00110447
0.0011043
0.00110413
0.00110389
0.00110362
0.00110334
0.00110307
0.00110279
0.00110254
0.00110231
0.00110205
0.00110177
0.0011015
0.00110123
0.001101
0.00110092
0.00110101
0.00110127
0.00110161
0.00110196
0.00110228
0.00110254
0.00110271
0.00110274
0.00110256
0.00110229
0.00110217
0.0011023
0.00110247
0.00110245
0.00110227
0.00110205
0.0011018
0.00110153
0.00110131
0.00110109
0.00110081
0.00110061
0.00110056
0.00110048
0.00110025
0.00109998
0.00109975
0.00109954
0.00109933
0.00109907
0.00109881
0.0010986
0.00109837
0.0010981
0.00109786
0.00109771
0.00109762
0.00109746
0.00109721
0.00109694
0.00109671
0.00109661
0.00109668
0.00109687
0.00109718
0.00109758
0.00109799
0.00109827
0.00109835
0.00109824
0.00109801
0.00109775
0.00109749
0.00109728
0.00109713
0.00109704
0.00109693
0.0010968
0.00109663
0.00109641
0.00109617
0.00109598
0.00109593
0.001096
0.00109605
0.00109607
0.00109609
0.00109603
0.00109583
0.00109556
0.00109538
0.00109524
0.00109511
0.00109492
0.00109465
0.00109443
0.00109418
0.00109403
0.00109446
0.00109494
0.00109477
0.0010946
0.00109477
0.00109491
0.00109478
0.00109452
0.00109428
0.00109403
0.00109376
0.0010935
0.00109324
0.00109299
0.00109279
0.00109258
0.00109232
0.0010921
0.00109212
0.00109231
0.00109242
0.00109229
0.00109204
0.00109178
0.00109153
0.00109136
0.00109128
0.0010912
0.00109103
0.00109077
0.00109074
0.0010911
0.00109155
0.00109184
0.00109194
0.00109184
0.00109162
0.00109136
0.0010911
0.00109084
0.00109058
0.00109042
0.00109041
0.00109045
0.00109043
0.00109036
0.00109019
0.00108992
0.00108971
0.00108953
0.00108931
0.00108905
0.00108883
0.00108869
0.0010885
0.00108824
0.00108803
0.00108785
0.00108759
0.00108765
0.00108844
0.00108917
0.00108916
0.00108893
0.00108909
0.00108944
0.00108959
0.00108953
0.00108937
0.00108919
0.00108906
0.00108891
0.00108872
0.00108848
0.00108823
0.00108798
0.00108773
0.00108747
0.00108722
0.00108706
0.00108707
0.00108724
0.00108735
0.00108731
0.00108721
0.00108709
0.00108689
0.00108663
0.0010864
0.00108617
0.00108591
0.00108565
0.0010854
0.00108515
0.00108495
0.00108481
0.0010846
0.00108436
0.00108426
0.00108412
0.00108387
0.00108368
0.00108355
0.00108337
0.00108316
0.00108292
0.00108267
0.0010825
0.00108246
0.00108239
0.00108223
0.00108201
0.00108177
0.00108151
0.00108129
0.00108111
0.00108094
0.00108077
0.00108057
0.00108032
0.00108013
0.00108011
0.00108021
0.00108031
0.00108022
0.00107996
0.00107981
0.00107983
0.00107974
0.0010795
0.00107925
0.00107904
0.0010789
0.00107874
0.00107853
0.00107833
0.00107823
0.00107816
0.00107797
0.00107772
0.00107749
0.00107728
0.00107707
0.00107684
0.0010766
0.00107637
0.00107618
0.00107602
0.00107577
0.00107558
0.00107554
0.00107556
0.00107555
0.00107548
0.00107533
0.00107508
0.00107489
0.00107482
0.00107468
0.00107445
0.0010742
0.00107397
0.00107378
0.00107365
0.0010735
0.00107326
0.00107304
0.00107289
0.00107267
0.00107243
0.00107231
0.00107215
0.0010719
0.00107172
0.0010716
0.00107141
0.00107117
0.00107092
0.00107068
0.00107043
0.00107018
0.00106995
0.00106976
0.00106959
0.00106936
0.00106912
0.00106894
0.00106876
0.00106854
0.00106834
0.00106823
0.00106829
0.00106839
0.00106827
0.00106803
0.0010679
0.00106775
0.0010675
0.00106732
0.00106712
0.00106687
0.00106664
0.00106647
0.00106637
0.00106625
0.00106606
0.00106583
0.00106561
0.00106538
0.00106513
0.0010649
0.00106471
0.0010645
0.00106427
0.00106405
0.00106388
0.00106374
0.00106354
0.00106329
0.00106317
0.00106323
0.00106319
0.00106295
0.00106278
0.00106271
0.00106274
0.00106292
0.0010632
0.00106345
0.00106356
0.00106351
0.0010633
0.00106308
0.00106306
0.00106321
0.00106325
0.00106316
0.00106305
0.00106306
0.00106322
0.00106335
0.00106336
0.00106329
0.00106315
0.00106296
0.00106278
0.00106268
0.00106253
0.00106228
0.00106204
0.00106181
0.00106167
0.00106153
0.00106129
0.00106108
0.00106095
0.0010608
0.00106059
0.00106035
0.00106011
0.00105988
0.00105963
0.00105939
0.00105917
0.00105899
0.00105881
0.0010586
0.00105839
0.00105818
0.00105797
0.00105776
0.00105753
0.00105729
0.00105719
0.00105731
0.00105756
0.00105777
0.00105776
0.00105756
0.00105732
0.0010571
0.0010569
0.0010567
0.00105647
0.00105622
0.001056
0.00105577
0.00105553
0.0010553
0.00105511
0.00105495
0.00105476
0.00105456
0.00105434
0.0010541
0.00105388
0.00105375
0.00105375
0.00105373
0.00105353
0.00105336
0.00105354
0.00105366
0.00105344
0.00105332
0.00105331
0.00105311
0.00105294
0.00105302
0.00105315
0.00105305
0.00105282
0.00105277
0.00105278
0.00105271
0.00105253
0.00105229
0.00105213
0.00105206
0.00105193
0.00105172
0.00105149
0.00105126
0.00105103
0.0010508
0.00105057
0.00105039
0.00105034
0.00105035
0.0010503
0.00105015
0.00104994
0.0010497
0.00104952
0.00104943
0.00104934
0.00104917
0.00104894
0.00104872
0.00104853
0.00104837
0.00104819
0.00104798
0.00104776
0.00104755
0.00104734
0.00104711
0.00104688
0.00104669
0.00104659
0.0010466
0.00104659
0.00104645
0.00104624
0.00104604
0.00104585
0.00104564
0.00104541
0.0010452
0.00104504
0.00104491
0.00104479
0.0010447
0.0010447
0.00104477
0.00104469
0.00104448
0.00104425
0.00104406
0.00104398
0.00104392
0.00104372
0.00104349
0.00104326
0.00104313
0.00104337
0.00104378
0.00104391
0.00104375
0.00104352
0.0010433
0.00104315
0.00104316
0.0010432
0.00104312
0.00104295
0.00104273
0.00104249
0.00104226
0.00104203
0.00104181
0.00104161
0.00104142
0.00104121
0.00104101
0.00104083
0.00104064
0.00104046
0.00104027
0.00104006
0.00103983
0.00103961
0.00103939
0.00103916
0.00103894
0.00103871
0.00103848
0.00103826
0.00103803
0.0010378
0.00103759
0.00103746
0.00103731
0.0010371
0.00103688
0.00103665
0.00103645
0.00103636
0.00103636
0.00103628
0.00103609
0.00103587
0.00103564
0.00103547
0.00103544
0.0010355
0.00103552
0.00103541
0.00103523
0.00103503
0.00103482
0.0010346
0.00103437
0.00103415
0.00103395
0.00103382
0.0010337
0.00103353
0.0010333
0.0010331
0.00103295
0.00103284
0.00103273
0.00103263
0.00103255
0.00103246
0.0010323
0.00103209
0.00103186
0.00103166
0.00103152
0.00103144
0.0010314
0.00103128
0.00103105
0.00103117
0.00103174
0.00103209
0.00103198
0.00103177
0.00103183
0.00103212
0.00103224
0.00103212
0.00103192
0.00103171
0.00103151
0.0010313
0.00103108
0.00103086
0.00103064
0.00103044
0.00103026
0.00103006
0.00102983
0.00102965
0.00102946
0.00102924
0.00102908
0.00102894
0.00102878
0.00102861
0.00102841
0.00102819
0.00102797
0.00102782
0.00102767
0.00102745
0.0010273
0.00102734
0.00102733
0.00102713
0.00102696
0.001027
0.0010271
0.001027
0.00102678
0.00102661
0.00102642
0.0010262
0.00102612
0.00102631
0.00102661
0.00102674
0.00102663
0.00102641
0.00102619
0.00102598
0.00102577
0.00102556
0.00102534
0.00102517
0.00102526
0.00102551
0.00102554
0.00102531
0.00102542
0.0010259
0.00102615
0.00102599
0.00102579
0.00102561
0.00102539
0.00102538
0.00102561
0.00102567
0.00102546
0.00102537
0.00102558
0.00102572
0.00102557
0.00102536
0.00102519
0.00102502
0.00102483
0.00102464
0.00102461
0.00102471
0.0010246
0.00102438
0.00102417
0.00102395
0.00102378
0.00102365
0.00102343
0.00102332
0.00102362
0.00102428
0.00102478
0.00102488
0.00102475
0.00102454
0.00102432
0.0010241
0.00102388
0.00102366
0.00102344
0.00102324
0.00102302
0.00102296
0.0010237
0.00102509
0.0010257
0.0010255
0.00102555
0.0010258
0.00102573
0.00102552
0.00102563
0.00102589
0.00102582
0.00102561
0.00102562
0.00102588
0.00102614
0.00102615
0.00102597
0.00102576
0.00102558
0.0010255
0.00102552
0.00102544
0.00102523
0.00102503
0.00102489
0.00102475
0.00102463
0.00102459
0.00102457
0.00102448
0.00102429
0.00102407
0.00102385
0.00102363
0.00102342
0.00102322
0.00102305
0.00102284
0.00102264
0.0010225
0.00102233
0.00102214
0.00102193
0.00102172
0.00102151
0.00102129
0.0010211
0.0010211
0.00102121
0.00102113
0.00102091
0.0010208
0.00102068
0.00102046
0.00102032
0.00102028
0.00102025
0.00102008
0.00101987
0.00101977
0.00101959
0.00101943
0.00101966
0.00102017
0.00102048
0.00102041
0.0010202
0.00101998
0.00101977
0.00101955
0.00101934
0.0010192
0.00101929
0.00101955
0.00101974
0.00101986
0.00101994
0.00102001
0.00102005
0.00102
0.00101989
0.0010198
0.00101975
0.00101962
0.0010194
0.00101925
0.00101929
0.00101952
0.0010198
0.00101993
0.00101984
0.00101964
0.00101943
0.00101921
0.00101903
0.00101895
0.00101885
0.00101867
0.00101846
0.00101836
0.00101837
0.00101835
0.00101818
0.00101797
0.00101782
0.00101765
0.00101743
0.00101724
0.00101702
0.00101688
0.00101682
0.00101674
0.00101659
0.00101638
0.00101619
0.00101606
0.0010159
0.00101569
0.00101549
0.00101529
0.00101508
0.00101492
0.00101487
0.00101488
0.00101479
0.00101459
0.0010144
0.00101425
0.00101407
0.00101386
0.00101365
0.00101344
0.00101324
0.00101305
0.00101285
0.00101265
0.00101245
0.00101224
0.00101209
0.00101199
0.0010118
0.00101162
0.00101162
0.00101186
0.00101214
0.00101219
0.00101203
0.00101182
0.00101168
0.00101164
0.00101165
0.00101164
0.00101153
0.00101134
0.00101114
0.00101098
0.00101085
0.00101066
0.00101046
0.00101032
0.00101014
0.00100993
0.00100975
0.00100961
0.00100953
0.00100949
0.00100955
0.00100966
0.00100955
0.00100937
0.00100951
0.00100979
0.00100993
0.00100987
0.0010097
0.00100949
0.00100928
0.00100908
0.00100893
0.00100885
0.00100877
0.00100859
0.00100838
0.00100817
0.00100796
0.00100776
0.00100755
0.00100738
0.00100725
0.00100714
0.00100703
0.00100691
0.00100678
0.00100663
0.00100644
0.00100623
0.00100603
0.00100583
0.00100563
0.00100542
0.00100522
0.00100501
0.00100482
0.00100461
0.00100443
0.00100426
0.00100406
0.00100385
0.00100364
0.00100344
0.00100324
0.00100309
0.00100303
0.00100295
0.00100282
0.00100265
0.00100246
0.00100225
0.00100206
0.00100188
0.00100169
0.00100149
0.00100129
0.00100111
0.00100091
0.00100071
0.0010006
0.00100057
0.00100044
0.00100024
0.00100005
0.000999893
0.000999755
0.000999596
0.000999396
0.000999203
0.000999067
0.000998979
0.0009989
0.000998773
0.00099859
0.000998391
0.000998202
0.000998067
0.000997995
0.000997923
0.000997787
0.00099759
0.000997397
0.000997286
0.000997305
0.00099739
0.000997363
0.000997191
0.00099699
0.000996794
0.000996644
0.000996568
0.000996457
0.000996267
0.000996065
0.000995871
0.000995681
0.000995502
0.000995373
0.000995379
0.000995558
0.000995707
0.000995588
0.000995413
0.000995469
0.000995684
0.000995965
0.000996265
0.00099645
0.000996414
0.00099622
0.000996083
0.000996248
0.000996721
0.000997012
0.000996938
0.000996747
0.000996547
0.000996347
0.000996146
0.000995976
0.000995861
0.000995812
0.000995771
0.000995653
0.000995459
0.000995288
0.000995259
0.000995324
0.000995289
0.000995116
0.000994916
0.000994722
0.000994522
0.000994325
0.000994149
0.000993996
0.000993829
0.000993638
0.000993438
0.000993244
0.000993058
0.000992862
0.000992669
0.000992538
0.000992492
0.000992456
0.000992334
0.000992137
0.000991978
0.000991891
0.000991749
0.000991549
0.000991394
0.000991252
0.00099109
0.000990949
0.000990926
0.000990997
0.000990883
0.000990699
0.000990684
0.000990857
0.000991152
0.000991419
0.000991594
0.00099168
0.000991682
0.000991603
0.000991429
0.00099124
0.000991125
0.000991024
0.000990869
0.000990679
0.000990482
0.000990284
0.000990104
0.000990011
0.000989991
0.000989874
0.000989677
0.000989601
0.000989648
0.000989635
0.000989486
